1.540000000000000036e+00 2.892347942800002278e-02 2.095267838134693696e-04
1.550000000000000044e+00 2.957331960949999630e-02 2.153184282563122358e-04
1.560000000000000053e+00 3.003078664200001247e-02 2.124872331553297059e-04
1.570000000000000062e+00 3.083053471350000532e-02 2.475135196084404083e-04
1.580000000000000071e+00 3.185807239500000609e-02 2.620430635333957734e-04
1.590000000000000080e+00 3.239243486799998212e-02 2.545031618123628245e-04
1.600000000000000089e+00 3.314590054599999419e-02 2.712087892930888371e-04
1.610000000000000098e+00 3.398218724300001992e-02 2.893735429214074257e-04
1.620000000000000107e+00 3.535971158699998534e-02 3.095214180545660556e-04
1.629999999999999893e+00 3.572065360750006913e-02 3.377994874154922542e-04
1.639999999999999902e+00 3.705109913199996358e-02 3.628396176410547832e-04
1.649999999999999911e+00 3.767413821749997921e-02 3.864090268102735037e-04
1.659999999999999920e+00 3.909615031249998041e-02 4.171097304516669605e-04
1.669999999999999929e+00 4.025113478799993705e-02 4.501295043395727759e-04
1.679999999999999938e+00 4.118829166100002742e-02 4.610757686956970742e-04
1.689999999999999947e+00 4.265095225799996753e-02 4.958460628418714456e-04
1.699999999999999956e+00 4.532523340550000807e-02 5.383524586479343814e-04
1.709999999999999964e+00 4.609762209200001654e-02 5.933546378304122232e-04
1.719999999999999973e+00 4.798561384149999803e-02 6.494949605263333021e-04
1.729999999999999982e+00 4.968763135450001561e-02 6.782497852782234330e-04
1.739999999999999991e+00 5.211121850450003284e-02 7.690426374988770927e-04
1.750000000000000000e+00 5.453189671900004337e-02 8.450157809093577534e-04
1.760000000000000009e+00 5.767887923800001093e-02 1.028995047416765389e-03
1.770000000000000018e+00 5.963642164500006920e-02 1.173747610176851478e-03
1.780000000000000027e+00 6.330573200950000146e-02 1.260560536843587575e-03
1.790000000000000036e+00 6.693187216250000293e-02 1.449724120512714499e-03
1.800000000000000044e+00 7.119915825600009462e-02 1.587806343203816478e-03
1.810000000000000053e+00 7.547779248000001384e-02 1.817458576001734034e-03
1.820000000000000062e+00 8.138999646299997781e-02 1.994760809369165808e-03
1.830000000000000071e+00 8.649214113199994725e-02 2.210621963040919000e-03
1.840000000000000080e+00 9.247669461199999053e-02 2.493588819615340582e-03
1.850000000000000089e+00 1.008572083269999586e-01 2.650252427450819608e-03
1.860000000000000098e+00 1.075271419134999351e-01 2.768811270086339940e-03
1.870000000000000107e+00 1.158139856620000741e-01 3.118583733005287836e-03
1.879999999999999893e+00 1.255828741469998955e-01 3.238517133996443934e-03
1.889999999999999902e+00 1.375742277555000448e-01 3.577745493648583179e-03
1.899999999999999911e+00 1.487688346874998235e-01 3.721955644712609135e-03
1.909999999999999920e+00 1.605648719105000621e-01 3.912944099746686402e-03
1.919999999999999929e+00 1.734774784890002752e-01 3.948913830784942652e-03
1.929999999999999938e+00 1.864163021075002091e-01 4.058543653215611335e-03
1.939999999999999947e+00 1.986670082540000770e-01 4.071014735779581763e-03
1.949999999999999956e+00 2.112557426514999059e-01 4.252950369036649463e-03
1.959999999999999964e+00 2.254112552884998955e-01 4.122499172343834471e-03
1.969999999999999973e+00 2.370466564669998777e-01 4.115608526724659315e-03
1.979999999999999982e+00 2.516100366720001036e-01 3.914763693229610791e-03
1.989999999999999991e+00 2.648809188420000460e-01 3.878203773848000208e-03
2.000000000000000000e+00 2.771683338950000630e-01 3.687518509338973648e-03
2.009999999999999787e+00 2.891873515550000273e-01 3.711909600883245286e-03
2.020000000000000018e+00 3.019950379499998783e-01 3.435789033400036500e-03
2.029999999999999805e+00 3.132123775399998644e-01 3.342996788406409590e-03
2.040000000000000036e+00 3.254267005549998371e-01 3.151530404377449971e-03
2.049999999999999822e+00 3.368216912950000586e-01 2.952985078357784655e-03
2.060000000000000053e+00 3.463780616499999021e-01 2.923767922257185410e-03
2.069999999999999840e+00 3.571985957250003452e-01 2.820524666401150009e-03
2.080000000000000071e+00 3.671814043949997441e-01 2.774268666701564488e-03
2.089999999999999858e+00 3.768730956199995430e-01 2.711003491131137953e-03
2.100000000000000089e+00 3.870391588049999498e-01 2.580179809031002500e-03
2.109999999999999876e+00 3.956579204900004809e-01 2.513029029295239369e-03
2.120000000000000107e+00 4.050599500950001208e-01 2.420113978902386012e-03
2.129999999999999893e+00 4.138443895100007430e-01 2.325891030292387592e-03
2.140000000000000124e+00 4.220425053800003767e-01 2.293819916492221417e-03
2.149999999999999911e+00 4.304593689799998679e-01 2.218175235866944647e-03
2.160000000000000142e+00 4.381287514800000227e-01 2.159087915651402428e-03
2.169999999999999929e+00 4.462560182050001045e-01 2.080755942474294025e-03
2.180000000000000160e+00 4.537057868249994574e-01 2.013213330794704371e-03
2.189999999999999947e+00 4.614749445099998737e-01 1.982865338918776178e-03
2.200000000000000178e+00 4.687748743800003171e-01 1.941465496190087356e-03
2.209999999999999964e+00 4.757449565550004866e-01 1.857201584543460458e-03
2.220000000000000195e+00 4.827262851950000488e-01 1.790872558717349723e-03
2.229999999999999982e+00 4.890623130800007545e-01 1.800021161190509247e-03
2.240000000000000213e+00 4.959480438100004607e-01 1.755708708180568145e-03
2.250000000000000000e+00 5.025171165400001971e-01 1.714052404175695930e-03
2.259999999999999787e+00 5.087998684050002440e-01 1.706771988023145009e-03
