1.600000000000000089e+00 2.965719960000003791e-02 2.140772907119114295e-04
1.610000000000000098e+00 3.019605582850000067e-02 2.164576175145120499e-04
1.620000000000000107e+00 3.065416279950001696e-02 2.171382863933001006e-04
1.629999999999999893e+00 3.175384286250002713e-02 2.329365378542342345e-04
1.639999999999999902e+00 3.264460777649999534e-02 2.581589313066065170e-04
1.649999999999999911e+00 3.339404534749997738e-02 2.710781379481330688e-04
1.659999999999999920e+00 3.382189690949997940e-02 2.828017549486154547e-04
1.669999999999999929e+00 3.503750446150005055e-02 2.839659274349452573e-04
1.679999999999999938e+00 3.613203365150000068e-02 3.291679633490143852e-04
1.689999999999999947e+00 3.703827061750004229e-02 3.347092475339518694e-04
1.699999999999999956e+00 3.813223228000001130e-02 3.487314991491253179e-04
1.709999999999999964e+00 3.901091432699998335e-02 3.751543818759443252e-04
1.719999999999999973e+00 4.023618442799997003e-02 4.339140126464205655e-04
1.729999999999999982e+00 4.160947814399998390e-02 4.428791930632401718e-04
1.739999999999999991e+00 4.287370904600004001e-02 4.496941938421737520e-04
1.750000000000000000e+00 4.449202014300006336e-02 5.295068036989877954e-04
1.760000000000000009e+00 4.602725293799998091e-02 5.587341361647513160e-04
1.770000000000000018e+00 4.755002515049999712e-02 5.992894589802571495e-04
1.780000000000000027e+00 4.945574429500006891e-02 6.237314354968347564e-04
1.790000000000000036e+00 5.230467818700004767e-02 7.385545562632760998e-04
1.800000000000000044e+00 5.469428928299987364e-02 8.098521510988635754e-04
1.810000000000000053e+00 5.615328964100005371e-02 8.608940709255948932e-04
1.820000000000000062e+00 6.013903610549995588e-02 9.855431513985141341e-04
1.830000000000000071e+00 6.252010383849994357e-02 1.176806272943462395e-03
1.840000000000000080e+00 6.689770713549998693e-02 1.304569105275438755e-03
1.850000000000000089e+00 6.950203278950010943e-02 1.422463480561162591e-03
1.860000000000000098e+00 7.553430657250004288e-02 1.569321026091241187e-03
1.870000000000000107e+00 8.031651558050004192e-02 1.858363477998637879e-03
1.879999999999999893e+00 8.548540773799997994e-02 2.101963722684896396e-03
1.889999999999999902e+00 9.195003716149992290e-02 2.253261099317509838e-03
1.899999999999999911e+00 1.003632030630001032e-01 2.503956339415165135e-03
1.909999999999999920e+00 1.070080834999999758e-01 2.729358961262059839e-03
1.919999999999999929e+00 1.158366094275000147e-01 2.932292400379810440e-03
1.929999999999999938e+00 1.259855225784999033e-01 3.169064681700276605e-03
1.939999999999999947e+00 1.349167700145000592e-01 3.382374255404404281e-03
1.949999999999999956e+00 1.474765618129999789e-01 3.609597799083312953e-03
1.959999999999999964e+00 1.579990070839998872e-01 3.666389907919591004e-03
1.969999999999999973e+00 1.705755359974999719e-01 3.905059456150959674e-03
1.979999999999999982e+00 1.831701570630000497e-01 4.079510232464711277e-03
1.989999999999999991e+00 1.953046988915001503e-01 4.103121622375192554e-03
2.000000000000000000e+00 2.089870062865002154e-01 4.027539739424754184e-03
2.009999999999999787e+00 2.222280341219997901e-01 4.016468660555273275e-03
2.020000000000000018e+00 2.346594289709999226e-01 3.998647057728934619e-03
2.029999999999999805e+00 2.485814464060001061e-01 3.943475789836611151e-03
2.040000000000000036e+00 2.612208784585000054e-01 3.787558506607735260e-03
2.049999999999999822e+00 2.737801455620001989e-01 3.669720650847513484e-03
2.060000000000000053e+00 2.868313925999995684e-01 3.530334769716371359e-03
2.069999999999999840e+00 2.978738064549998343e-01 3.457196874160141462e-03
2.080000000000000071e+00 3.095384205399999700e-01 3.342765536503678869e-03
2.089999999999999858e+00 3.219083008100001586e-01 3.158062997356101461e-03
2.100000000000000089e+00 3.324743464350000677e-01 3.018780449418412195e-03
2.109999999999999876e+00 3.430233554600010115e-01 2.911686099953802748e-03
2.120000000000000107e+00 3.541520782100006093e-01 2.812165062206392965e-03
2.129999999999999893e+00 3.639344600600002422e-01 2.683819391925115240e-03
2.140000000000000124e+00 3.741231060000003716e-01 2.592717198054512485e-03
2.149999999999999911e+00 3.831290243800005713e-01 2.432054839370693076e-03
2.160000000000000142e+00 3.926438813499997238e-01 2.378097081450730732e-03
2.169999999999999929e+00 4.016953914249994928e-01 2.314547637473867662e-03
2.180000000000000160e+00 4.105819538050001771e-01 2.228195917835761476e-03
2.189999999999999947e+00 4.190827550199997531e-01 2.170457550759742702e-03
2.200000000000000178e+00 4.276566988650003509e-01 2.100017180688390928e-03
2.209999999999999964e+00 4.358048454800004246e-01 2.045484947011354075e-03
2.220000000000000195e+00 4.434840204150001797e-01 1.976342693601307321e-03
2.229999999999999982e+00 4.510620561149999430e-01 1.952856370579839160e-03
2.240000000000000213e+00 4.587025977750002759e-01 1.866983499845820344e-03
2.250000000000000000e+00 4.659177112400004206e-01 1.854443446562464197e-03
2.259999999999999787e+00 4.731078348049999049e-01 1.777790671190473005e-03
2.270000000000000018e+00 4.799617995749993482e-01 1.730766184440280658e-03
2.279999999999999805e+00 4.869252247099987718e-01 1.704164779821182004e-03
2.290000000000000036e+00 4.930509771650000150e-01 1.640798701960050803e-03
2.299999999999999822e+00 4.994624791950004195e-01 1.627077354207419032e-03
2.310000000000000053e+00 5.059495076450000184e-01 1.579651443452622988e-03
2.319999999999999840e+00 5.118573654650007132e-01 1.572142854117322339e-03
