1.969999999999999973e+00 3.635742963150002255e-02 3.358588896706421923e-04
1.979999999999999982e+00 3.694241721549993557e-02 3.609597621183539373e-04
1.989999999999999991e+00 3.738707740200000740e-02 3.545622938385622038e-04
2.000000000000000000e+00 3.844786790299996315e-02 4.142925828897301051e-04
2.009999999999999787e+00 3.900055128949997396e-02 4.081001073934531248e-04
2.020000000000000018e+00 3.997752279950003707e-02 4.475381230632001842e-04
2.029999999999999805e+00 4.052857706250001524e-02 4.516964474383300052e-04
2.040000000000000036e+00 4.218818548899999632e-02 5.255059261311938743e-04
2.049999999999999822e+00 4.351335439850000791e-02 5.828074151501628011e-04
2.060000000000000053e+00 4.426605909949992562e-02 5.499892756901452687e-04
2.069999999999999840e+00 4.544991786450002652e-02 5.472095808101739341e-04
2.080000000000000071e+00 4.667663514250005447e-02 6.038501149840439473e-04
2.089999999999999858e+00 4.786386738149998182e-02 6.543541750291451521e-04
2.100000000000000089e+00 4.904719685299998438e-02 6.624993600638537199e-04
2.109999999999999876e+00 5.121641379349994166e-02 7.447628790789560544e-04
2.120000000000000107e+00 5.283096253750000498e-02 7.766641285448613223e-04
2.129999999999999893e+00 5.480621919550002913e-02 8.801163408835725776e-04
2.140000000000000124e+00 5.558442288400001347e-02 9.558052194117341166e-04
2.149999999999999911e+00 5.789143721800000392e-02 1.041416602608372143e-03
2.160000000000000142e+00 6.064256729400007567e-02 1.108320647141551813e-03
2.169999999999999929e+00 6.250564616399999218e-02 1.158636757017486021e-03
2.180000000000000160e+00 6.602417007099999069e-02 1.325709642192793086e-03
2.189999999999999947e+00 6.897368888400000342e-02 1.440219212763792439e-03
2.200000000000000178e+00 7.148283213900005761e-02 1.587102556927854052e-03
2.209999999999999964e+00 7.591442565200010040e-02 1.638711615265890480e-03
2.220000000000000195e+00 7.934539992149994281e-02 1.835492579102303420e-03
2.229999999999999982e+00 8.291849312049984211e-02 1.974941863819038024e-03
2.240000000000000213e+00 8.756063311749996692e-02 2.104987764761763469e-03
2.250000000000000000e+00 9.419379137899998311e-02 2.217767466954300576e-03
2.259999999999999787e+00 9.834948663649996370e-02 2.485686980485359108e-03
2.270000000000000018e+00 1.036448372744999402e-01 2.684693959842220611e-03
2.279999999999999805e+00 1.109521939770000964e-01 2.792114981387383305e-03
2.290000000000000036e+00 1.192627676770001421e-01 2.969972382030174832e-03
2.299999999999999822e+00 1.256688036344999759e-01 3.164401900827367407e-03
2.310000000000000053e+00 1.337356979379999977e-01 3.230939122638625330e-03
2.319999999999999840e+00 1.416267922949999425e-01 3.535955083168732232e-03
2.330000000000000071e+00 1.528774540640000235e-01 3.588405423651100119e-03
2.339999999999999858e+00 1.600056889980003005e-01 3.740545896082635678e-03
2.350000000000000089e+00 1.697009046619999961e-01 3.813513605263918558e-03
2.359999999999999876e+00 1.793180717909998445e-01 3.842815275729301230e-03
2.370000000000000107e+00 1.893360722570003041e-01 3.885149098745801100e-03
2.379999999999999893e+00 1.996807723619999086e-01 3.979966951512701676e-03
2.390000000000000124e+00 2.100369436184996441e-01 3.957366518592949321e-03
2.399999999999999911e+00 2.199863491425003426e-01 4.011651127607430457e-03
2.410000000000000142e+00 2.307121549460000032e-01 3.915409168303117873e-03
2.419999999999999929e+00 2.403759108074999817e-01 4.049177510618797403e-03
2.430000000000000160e+00 2.500470327900000678e-01 3.899271216286842329e-03
2.439999999999999947e+00 2.592654516385000107e-01 3.907023116344092266e-03
2.450000000000000178e+00 2.701002774699999276e-01 3.694484354849779818e-03
2.459999999999999964e+00 2.782401646049999511e-01 3.781719984666503508e-03
2.470000000000000195e+00 2.881915186949997598e-01 3.589054127728549034e-03
2.479999999999999982e+00 2.977014525299996328e-01 3.512343759873949155e-03
2.490000000000000213e+00 3.070004886250001230e-01 3.411086816955420653e-03
2.500000000000000000e+00 3.152828435749996383e-01 3.257965794768482616e-03
2.509999999999999787e+00 3.240976279550000227e-01 3.150655151392075994e-03
2.520000000000000018e+00 3.318307146699993049e-01 3.088637397167121219e-03
2.529999999999999805e+00 3.402713133250001021e-01 2.988052474022647245e-03
2.540000000000000036e+00 3.480275815949999685e-01 2.921067370709402693e-03
2.549999999999999822e+00 3.559725107300000246e-01 2.792188573526757037e-03
2.560000000000000053e+00 3.636554739200004160e-01 2.725926401733183221e-03
2.569999999999999840e+00 3.714415077450005653e-01 2.644487515509049130e-03
2.580000000000000071e+00 3.786266947949997186e-01 2.574309229949861555e-03
2.589999999999999858e+00 3.852437313700000643e-01 2.523694051485202757e-03
2.600000000000000089e+00 3.918618243150000513e-01 2.497978685161275463e-03
2.609999999999999876e+00 3.993845831200000251e-01 2.457563083415192570e-03
2.620000000000000107e+00 4.054886412750004498e-01 2.400399432884348268e-03
2.629999999999999893e+00 4.126332226850003559e-01 2.311407151418320722e-03
2.640000000000000124e+00 4.189302722450000127e-01 2.254424511868172078e-03
2.649999999999999911e+00 4.250158224050002986e-01 2.224464291261792244e-03
2.660000000000000142e+00 4.310422926999999960e-01 2.180902809012172545e-03
2.669999999999999929e+00 4.371988314999996073e-01 2.111703321187075565e-03
2.680000000000000160e+00 4.432831236199998304e-01 2.096235689853062373e-03
2.689999999999999947e+00 4.488874533150009616e-01 2.076240050882392080e-03
