1.600000000000000089e+00 3.035556625750000445e-02 2.208905618332796959e-04
1.610000000000000098e+00 3.113315728400000565e-02 2.592975607290992418e-04
1.620000000000000107e+00 3.188595503999996916e-02 2.694852763677180706e-04
1.629999999999999893e+00 3.249119160000002449e-02 2.583491868217937149e-04
1.639999999999999902e+00 3.289004841750002572e-02 2.690813036836268643e-04
1.649999999999999911e+00 3.426365218650000155e-02 3.068074288359372791e-04
1.659999999999999920e+00 3.518830262850004831e-02 3.276159813740499630e-04
1.669999999999999929e+00 3.573307591199997163e-02 3.085401386075135931e-04
1.679999999999999938e+00 3.646657762399999059e-02 3.439406463237581211e-04
1.689999999999999947e+00 3.774859694199999421e-02 3.652045131827033045e-04
1.699999999999999956e+00 3.913911234949997431e-02 4.441767691167889851e-04
1.709999999999999964e+00 3.977153428999996576e-02 4.264665962865482607e-04
1.719999999999999973e+00 4.103236638749997028e-02 4.241585163045411672e-04
1.729999999999999982e+00 4.277976630500004290e-02 5.281822151779920482e-04
1.739999999999999991e+00 4.317080551149996698e-02 4.977489462392216402e-04
1.750000000000000000e+00 4.547378414300000393e-02 5.770558565899243549e-04
1.760000000000000009e+00 4.733184834099998795e-02 5.901052553511636645e-04
1.770000000000000018e+00 4.867300873600007016e-02 6.845937870211715910e-04
1.780000000000000027e+00 5.009640424200000747e-02 7.198202633250297801e-04
1.790000000000000036e+00 5.265388499649998472e-02 7.867245958135296287e-04
1.800000000000000044e+00 5.432138456250007463e-02 9.164297125185332871e-04
1.810000000000000053e+00 5.760912800899991443e-02 9.708939592284076582e-04
1.820000000000000062e+00 6.028351807299996146e-02 1.068709692543980214e-03
1.830000000000000071e+00 6.360410418399994881e-02 1.217486813347001340e-03
1.840000000000000080e+00 6.809395901649994975e-02 1.391282832909529737e-03
1.850000000000000089e+00 7.169814608549991697e-02 1.639367033660521717e-03
1.860000000000000098e+00 7.598741894000000940e-02 1.740871461674445156e-03
1.870000000000000107e+00 8.273675421850003320e-02 1.925864151099105238e-03
1.879999999999999893e+00 8.609843954800007471e-02 2.111640110122205323e-03
1.889999999999999902e+00 9.320987395249981378e-02 2.400853136926573480e-03
1.899999999999999911e+00 1.006688214929998132e-01 2.567710525792847587e-03
1.909999999999999920e+00 1.086923086824999052e-01 2.814796222394585438e-03
1.919999999999999929e+00 1.174297389500001260e-01 2.977735909247148510e-03
1.929999999999999938e+00 1.260671260109999248e-01 3.313526039348314769e-03
1.939999999999999947e+00 1.362915870250001604e-01 3.475118715172145593e-03
1.949999999999999956e+00 1.476769481900000458e-01 3.595333187999154041e-03
1.959999999999999964e+00 1.577921426775000247e-01 3.884761370421903250e-03
1.969999999999999973e+00 1.697087902195000553e-01 3.955952288873612090e-03
1.979999999999999982e+00 1.833302436400001401e-01 4.020973769702287752e-03
1.989999999999999991e+00 1.964255092319996954e-01 4.058918354612453018e-03
2.000000000000000000e+00 2.087480708034999966e-01 4.099758281928850279e-03
2.009999999999999787e+00 2.218000767989999622e-01 3.998737794261488648e-03
2.020000000000000018e+00 2.343904572650000184e-01 3.957638696710225404e-03
2.029999999999999805e+00 2.462769724544999206e-01 3.909024840112322249e-03
2.040000000000000036e+00 2.592289803275003024e-01 3.791057847613612565e-03
2.049999999999999822e+00 2.714697234015001071e-01 3.588351110017599672e-03
2.060000000000000053e+00 2.836338185450001936e-01 3.434572765262985244e-03
2.069999999999999840e+00 2.941481983999998939e-01 3.543795535620247999e-03
2.080000000000000071e+00 3.054675895235000604e-01 3.394668517508743315e-03
2.089999999999999858e+00 3.174742652900003903e-01 3.195179255548077305e-03
2.100000000000000089e+00 3.280502159550002239e-01 3.114493367070899580e-03
2.109999999999999876e+00 3.379660512399996208e-01 3.002049816443612060e-03
2.120000000000000107e+00 3.483977628150002337e-01 2.803756351432161280e-03
2.129999999999999893e+00 3.577884356349995132e-01 2.779414486669072679e-03
2.140000000000000124e+00 3.677702616399994850e-01 2.714760439640593118e-03
2.149999999999999911e+00 3.767994388299996111e-01 2.567357565965135147e-03
2.160000000000000142e+00 3.860199924500002377e-01 2.479413760801929024e-03
2.169999999999999929e+00 3.945616637599996812e-01 2.389284118775932865e-03
2.180000000000000160e+00 4.030789326800002237e-01 2.351626016823704646e-03
2.189999999999999947e+00 4.111135479499997691e-01 2.287959348894058609e-03
2.200000000000000178e+00 4.196943218650002749e-01 2.224861996207525179e-03
2.209999999999999964e+00 4.274642440050003267e-01 2.143809034563821849e-03
2.220000000000000195e+00 4.351375171099995387e-01 2.085763040397241135e-03
2.229999999999999982e+00 4.426200811799999579e-01 2.032979872285144152e-03
2.240000000000000213e+00 4.499473167649998273e-01 1.985542908785139019e-03
2.250000000000000000e+00 4.568950875499999675e-01 1.942412003180441285e-03
2.259999999999999787e+00 4.640351461999998040e-01 1.880568516974806710e-03
2.270000000000000018e+00 4.709558093499994214e-01 1.844743641764130587e-03
2.279999999999999805e+00 4.777490037900012920e-01 1.803692037576100186e-03
2.290000000000000036e+00 4.841705621550000949e-01 1.769835341820825535e-03
2.299999999999999822e+00 4.903947830250007800e-01 1.767129309323455400e-03
2.310000000000000053e+00 4.965260513349998295e-01 1.716070243229568526e-03
2.319999999999999840e+00 5.026220072900006164e-01 1.679663373784698582e-03
