1.419999999999999929e+00 2.887883305199997683e-02 1.833751661418005652e-04
1.429999999999999938e+00 2.955190861349997478e-02 1.946669434322647609e-04
1.439999999999999947e+00 3.011103984449999688e-02 1.931255396523164504e-04
1.449999999999999956e+00 3.116471188850003168e-02 2.097342797209535343e-04
1.459999999999999964e+00 3.191377243400002339e-02 2.218544969000641799e-04
1.469999999999999973e+00 3.273022991250001956e-02 2.420872486533719690e-04
1.479999999999999982e+00 3.327495173399998979e-02 2.390735464775414884e-04
1.489999999999999991e+00 3.440409866750003542e-02 2.639183251528037463e-04
1.500000000000000000e+00 3.583282887550000989e-02 2.722293232568732263e-04
1.510000000000000009e+00 3.656020409900006402e-02 2.952473477751142630e-04
1.520000000000000018e+00 3.787524323700005441e-02 3.338063395949742882e-04
1.530000000000000027e+00 3.911579369999999140e-02 3.412401908567695491e-04
1.540000000000000036e+00 4.063913024550001168e-02 3.740385513656478938e-04
1.550000000000000044e+00 4.178741360100007157e-02 4.117859716465526202e-04
1.560000000000000053e+00 4.351107338050005935e-02 4.263609722357487538e-04
1.570000000000000062e+00 4.522819690900002632e-02 4.708521757867841742e-04
1.580000000000000071e+00 4.681627953800000796e-02 5.344359872657232632e-04
1.590000000000000080e+00 4.926974303999998028e-02 5.864037787997664194e-04
1.600000000000000089e+00 5.122401922500002119e-02 7.063445184173216835e-04
1.610000000000000098e+00 5.354363843000001233e-02 6.985490883403493818e-04
1.620000000000000107e+00 5.719211379250002669e-02 8.503669947071690327e-04
1.629999999999999893e+00 6.020774043349989835e-02 9.811891306875403663e-04
1.639999999999999902e+00 6.457872137049991412e-02 1.098399941087408859e-03
1.649999999999999911e+00 6.905628531849999918e-02 1.310629464500860089e-03
1.659999999999999920e+00 7.413800141350010420e-02 1.463375677821856418e-03
1.669999999999999929e+00 7.907864942750007786e-02 1.666832922244553981e-03
1.679999999999999938e+00 8.557444565249991419e-02 1.921557700905456890e-03
1.689999999999999947e+00 9.402356084249995083e-02 2.288383308094298942e-03
1.699999999999999956e+00 1.018862005489998557e-01 2.468182052914067847e-03
1.709999999999999964e+00 1.139747465189999420e-01 2.834410948359815038e-03
1.719999999999999973e+00 1.257044031320000976e-01 3.264426724717101394e-03
1.729999999999999982e+00 1.400358370215000203e-01 3.521367667425385865e-03
1.739999999999999991e+00 1.551743669414999416e-01 3.857642762793059722e-03
1.750000000000000000e+00 1.720738097870000427e-01 4.059275881536640769e-03
1.760000000000000009e+00 1.889666574705001767e-01 4.250634816097885113e-03
1.770000000000000018e+00 2.080361297345001415e-01 4.465351590570858925e-03
1.780000000000000027e+00 2.272846928739997996e-01 4.683238674625358339e-03
1.790000000000000036e+00 2.469862137370002209e-01 4.589248388646376131e-03
1.800000000000000044e+00 2.676514849270000274e-01 4.501433474874813948e-03
1.810000000000000053e+00 2.864521700684998784e-01 4.493763374779048518e-03
1.820000000000000062e+00 3.065353578649995248e-01 4.129763145345279919e-03
1.830000000000000071e+00 3.246859505000002644e-01 4.023826405468113390e-03
1.840000000000000080e+00 3.430879628100003687e-01 3.775082758248167296e-03
1.850000000000000089e+00 3.599441308050004285e-01 3.639610269266503779e-03
1.860000000000000098e+00 3.762981858099999077e-01 3.496337423452423702e-03
1.870000000000000107e+00 3.922011448049992910e-01 3.266499663060080331e-03
1.879999999999999893e+00 4.064996351349999815e-01 3.169847012238154876e-03
1.889999999999999902e+00 4.213883957850000916e-01 2.926721988572873918e-03
1.899999999999999911e+00 4.351659650550000480e-01 2.753709489950319916e-03
1.909999999999999920e+00 4.485728586450000166e-01 2.646029446089907464e-03
1.919999999999999929e+00 4.616126116249998357e-01 2.507749219076739478e-03
1.929999999999999938e+00 4.740272380749999681e-01 2.366008810544412144e-03
1.939999999999999947e+00 4.859778970899995554e-01 2.273962278755271068e-03
1.949999999999999956e+00 4.974156160300000629e-01 2.163586582925165498e-03
1.959999999999999964e+00 5.084980329550002898e-01 2.076914751710974300e-03
1.969999999999999973e+00 5.192403033950002689e-01 1.977811720315458214e-03
1.979999999999999982e+00 5.296839388300009777e-01 1.903590170905381787e-03
1.989999999999999991e+00 5.395130113550002937e-01 1.836754464914149400e-03
2.000000000000000000e+00 5.491347509949996430e-01 1.760401412239426385e-03
2.009999999999999787e+00 5.582415444799997406e-01 1.713821709764504252e-03
2.020000000000000018e+00 5.671785044250007291e-01 1.655296406841947178e-03
2.029999999999999805e+00 5.756320234350005283e-01 1.609736900188739805e-03
2.040000000000000036e+00 5.840141986850000411e-01 1.551027531192913835e-03
2.049999999999999822e+00 5.920372602150001384e-01 1.512616161792190370e-03
2.060000000000000053e+00 6.000214432949994015e-01 1.462558677231246647e-03
2.069999999999999840e+00 6.076855167649997114e-01 1.419499577924208120e-03
2.080000000000000071e+00 6.150294881150004667e-01 1.372687997463299930e-03
2.089999999999999858e+00 6.222202822000004740e-01 1.329555261262069113e-03
2.100000000000000089e+00 6.293723853949997338e-01 1.289070002741945793e-03
2.109999999999999876e+00 6.361165240849993019e-01 1.244982594161306907e-03
2.120000000000000107e+00 6.426930305950009359e-01 1.209823863936005913e-03
2.129999999999999893e+00 6.491499297949996361e-01 1.176980475354377168e-03
2.140000000000000124e+00 6.552778058500003944e-01 1.154690421709818858e-03
