1.419999999999999929e+00 2.656052043900002102e-02 1.416824110449828441e-04
1.429999999999999938e+00 2.720388721500000689e-02 1.512997489379228305e-04
1.439999999999999947e+00 2.803123818300002831e-02 1.621503972553705100e-04
1.449999999999999956e+00 2.862105560500004253e-02 1.803453063310702059e-04
1.459999999999999964e+00 2.929905290600003445e-02 1.680483847513326693e-04
1.469999999999999973e+00 2.984338352399999381e-02 1.891861537236841600e-04
1.479999999999999982e+00 3.109186906349997032e-02 1.948984856737398757e-04
1.489999999999999991e+00 3.145285086100001876e-02 2.037171006779571426e-04
1.500000000000000000e+00 3.258168785900000114e-02 2.309666663733746770e-04
1.510000000000000009e+00 3.365450248450002624e-02 2.527130048844292913e-04
1.520000000000000018e+00 3.471086088149999416e-02 2.464150619103160577e-04
1.530000000000000027e+00 3.551700210150002257e-02 2.764592217544872810e-04
1.540000000000000036e+00 3.688980231599996162e-02 3.041355461121385577e-04
1.550000000000000044e+00 3.807559892750000258e-02 2.924235694748749596e-04
1.560000000000000053e+00 3.910464660849996554e-02 3.208352137067109651e-04
1.570000000000000062e+00 4.066164566550002635e-02 3.393258193067781505e-04
1.580000000000000071e+00 4.233622976249996894e-02 3.822625093676156527e-04
1.590000000000000080e+00 4.410786305750007824e-02 4.400148224266388006e-04
1.600000000000000089e+00 4.633692424049997566e-02 5.003402920588180449e-04
1.610000000000000098e+00 4.804928768000006623e-02 4.815584281118701591e-04
1.620000000000000107e+00 5.044238933099998851e-02 5.525602331036921734e-04
1.629999999999999893e+00 5.287852117750001246e-02 6.941610052699200223e-04
1.639999999999999902e+00 5.599477979599996186e-02 7.259096881042923551e-04
1.649999999999999911e+00 5.997183841199997534e-02 8.830135702543531620e-04
1.659999999999999920e+00 6.346660555250004110e-02 9.865035681014451292e-04
1.669999999999999929e+00 6.901464481950000951e-02 1.168944850969110385e-03
1.679999999999999938e+00 7.265489049499997132e-02 1.361526970347412069e-03
1.689999999999999947e+00 7.934948903350007299e-02 1.582926652233014684e-03
1.699999999999999956e+00 8.679978013100003720e-02 1.886888016456715091e-03
1.709999999999999964e+00 9.478185616249995560e-02 2.221339239365367497e-03
1.719999999999999973e+00 1.057092933974999871e-01 2.459545254551070807e-03
1.729999999999999982e+00 1.170339913724999376e-01 2.878197968865322046e-03
1.739999999999999991e+00 1.307058923370000847e-01 3.170304359426600552e-03
1.750000000000000000e+00 1.459770614569998459e-01 3.580279443493600798e-03
1.760000000000000009e+00 1.640645304530000403e-01 3.861385865040256604e-03
1.770000000000000018e+00 1.803272490384998650e-01 4.094211330055378371e-03
1.780000000000000027e+00 1.986134282470000956e-01 4.248068306761203922e-03
1.790000000000000036e+00 2.209561821600002640e-01 4.378329163411048830e-03
1.800000000000000044e+00 2.405321309775000083e-01 4.426140259607242236e-03
1.810000000000000053e+00 2.615385936829999203e-01 4.345413110596874767e-03
1.820000000000000062e+00 2.826422615035003583e-01 4.243539113900627810e-03
1.830000000000000071e+00 3.028560230320000990e-01 4.174826319135730400e-03
1.840000000000000080e+00 3.241550770250004043e-01 3.879489008852083417e-03
1.850000000000000089e+00 3.431238710500002509e-01 3.788001468313197291e-03
1.860000000000000098e+00 3.617895353949996951e-01 3.565454630593462449e-03
1.870000000000000107e+00 3.794078262799999157e-01 3.421360470630469084e-03
1.879999999999999893e+00 3.968145551399996918e-01 3.136529703018467105e-03
1.889999999999999902e+00 4.130568676699998276e-01 2.953531618604750449e-03
1.899999999999999911e+00 4.290102642899995544e-01 2.787304754145025504e-03
1.909999999999999920e+00 4.439372725050000912e-01 2.596053257150552230e-03
1.919999999999999929e+00 4.583861429799997445e-01 2.466824736665180085e-03
1.929999999999999938e+00 4.724676985149997566e-01 2.340576267126415200e-03
1.939999999999999947e+00 4.854899379400005599e-01 2.241528151549688607e-03
1.949999999999999956e+00 4.982830534249995669e-01 2.137312141812325490e-03
1.959999999999999964e+00 5.103349974949994428e-01 2.034617752548024180e-03
1.969999999999999973e+00 5.219708823499995543e-01 1.948554215782765916e-03
1.979999999999999982e+00 5.331064642199996317e-01 1.849246711413881500e-03
1.989999999999999991e+00 5.436371933799998279e-01 1.770202114124382921e-03
2.000000000000000000e+00 5.538230546600000359e-01 1.702110111596362311e-03
2.009999999999999787e+00 5.636818909899996566e-01 1.647176804373265456e-03
2.020000000000000018e+00 5.730916125949994111e-01 1.581415543067719344e-03
2.029999999999999805e+00 5.821620189100007448e-01 1.535000464392192359e-03
2.040000000000000036e+00 5.907782986899994260e-01 1.493487331198050695e-03
2.049999999999999822e+00 5.991612577049993948e-01 1.446414292351051387e-03
2.060000000000000053e+00 6.073545948700008745e-01 1.408851694057760727e-03
2.069999999999999840e+00 6.151970818499991056e-01 1.364551896919661026e-03
2.080000000000000071e+00 6.228102893550003794e-01 1.327914119188075559e-03
2.089999999999999858e+00 6.300126840550009932e-01 1.293969239296453161e-03
2.100000000000000089e+00 6.370801636800006440e-01 1.257963019829925425e-03
2.109999999999999876e+00 6.438753145750003570e-01 1.233633548377557594e-03
2.120000000000000107e+00 6.504566791749998300e-01 1.198423507329763596e-03
2.129999999999999893e+00 6.567836237849991043e-01 1.170375550368672919e-03
2.140000000000000124e+00 6.629586686599994172e-01 1.141943571416987810e-03
