1.370000000000000107e+00 2.682673976349998421e-02 1.666284950657422167e-04
1.379999999999999893e+00 2.746406880949996132e-02 1.799408152994797449e-04
1.389999999999999902e+00 2.800812901200000829e-02 1.565318581918377801e-04
1.399999999999999911e+00 2.894879001050002301e-02 1.919028286941761128e-04
1.409999999999999920e+00 2.962568278799996430e-02 1.861615435073520888e-04
1.419999999999999929e+00 3.048729462299997264e-02 1.905344034445647728e-04
1.429999999999999938e+00 3.114854728199998105e-02 2.259423103770156463e-04
1.439999999999999947e+00 3.189126052899997343e-02 2.173765138969753756e-04
1.449999999999999956e+00 3.314731507299997770e-02 2.206069570006399024e-04
1.459999999999999964e+00 3.414851763999995210e-02 2.535844510029478817e-04
1.469999999999999973e+00 3.529235773799998394e-02 2.830153922804078776e-04
1.479999999999999982e+00 3.624014083549995796e-02 2.800975605342210747e-04
1.489999999999999991e+00 3.723360015499996289e-02 2.868362292070428883e-04
1.500000000000000000e+00 3.818673363200005000e-02 3.393851951589217284e-04
1.510000000000000009e+00 3.998708392200003153e-02 3.894697086148616477e-04
1.520000000000000018e+00 4.173729070100000438e-02 3.740165928811786862e-04
1.530000000000000027e+00 4.317525297449998495e-02 4.268340019936631147e-04
1.540000000000000036e+00 4.537882191249994340e-02 4.630839623141662169e-04
1.550000000000000044e+00 4.734191961749997790e-02 5.205288504316153480e-04
1.560000000000000053e+00 4.934042108950003475e-02 6.218888419839260686e-04
1.570000000000000062e+00 5.193600273949995627e-02 6.422283915785552844e-04
1.580000000000000071e+00 5.479380574350006805e-02 7.695466178914916284e-04
1.590000000000000080e+00 5.821958280649999068e-02 9.693193690574004786e-04
1.600000000000000089e+00 6.241393078849992448e-02 9.820284053963454236e-04
1.610000000000000098e+00 6.638969341600013674e-02 1.198082897609112959e-03
1.620000000000000107e+00 7.019895689849996179e-02 1.415187643597430600e-03
1.629999999999999893e+00 7.767104569299998484e-02 1.643207172338902958e-03
1.639999999999999902e+00 8.428204078850008718e-02 1.984485151296808657e-03
1.649999999999999911e+00 9.200840301549995104e-02 2.235272336877507614e-03
1.659999999999999920e+00 1.002710201755000613e-01 2.656844402036161526e-03
1.669999999999999929e+00 1.103653150075001171e-01 2.905880574822774023e-03
1.679999999999999938e+00 1.228921214940000423e-01 3.356555046794857701e-03
1.689999999999999947e+00 1.379776874064999881e-01 3.715353026915864301e-03
1.699999999999999956e+00 1.523267690879998304e-01 3.971913648430836462e-03
1.709999999999999964e+00 1.703083106850001582e-01 4.379135823806662789e-03
1.719999999999999973e+00 1.886279091660001961e-01 4.624518007390893658e-03
1.729999999999999982e+00 2.068079610310002703e-01 4.789764030636189072e-03
1.739999999999999991e+00 2.268453932575001386e-01 4.970800624024226434e-03
1.750000000000000000e+00 2.464787098380001318e-01 4.965917569389827202e-03
1.760000000000000009e+00 2.688291214340001178e-01 4.769507109351229547e-03
1.770000000000000018e+00 2.888484750200003837e-01 4.656618594705669648e-03
1.780000000000000027e+00 3.093926456550000204e-01 4.360914506199267855e-03
1.790000000000000036e+00 3.287861870675001241e-01 4.238694632304036702e-03
1.800000000000000044e+00 3.477469472300003805e-01 4.071547078782251569e-03
1.810000000000000053e+00 3.664996531450001593e-01 3.765241623361428348e-03
1.820000000000000062e+00 3.841105170449997108e-01 3.572928176614989949e-03
1.830000000000000071e+00 4.008332338000000772e-01 3.270667964158354389e-03
1.840000000000000080e+00 4.167574030550006969e-01 3.090400897805993270e-03
1.850000000000000089e+00 4.324547184199998284e-01 2.914532218205821527e-03
1.860000000000000098e+00 4.468877218549996422e-01 2.726471365714225673e-03
1.870000000000000107e+00 4.611185511500001111e-01 2.527526546275526975e-03
1.879999999999999893e+00 4.742961987349998410e-01 2.414221464294738755e-03
1.889999999999999902e+00 4.870487908549995804e-01 2.315303627264411312e-03
1.899999999999999911e+00 4.994337686699998335e-01 2.195224592731507066e-03
1.909999999999999920e+00 5.112219913400010141e-01 2.111717426124086906e-03
1.919999999999999929e+00 5.227045337200002528e-01 2.006996606947299751e-03
1.929999999999999938e+00 5.335330257499999451e-01 1.940712560716537690e-03
1.939999999999999947e+00 5.440889175749995532e-01 1.871397640494035317e-03
1.949999999999999956e+00 5.543353977099999552e-01 1.811079445505162219e-03
1.959999999999999964e+00 5.640842816899998002e-01 1.766993966110350480e-03
1.969999999999999973e+00 5.733816971949997621e-01 1.704762551307579524e-03
1.979999999999999982e+00 5.821893650799998543e-01 1.658769198651619719e-03
1.989999999999999991e+00 5.908334401300002758e-01 1.611912568893405324e-03
2.000000000000000000e+00 5.992788442399997750e-01 1.559277045158573684e-03
2.009999999999999787e+00 6.071652477449995811e-01 1.508303814930584286e-03
2.020000000000000018e+00 6.149811071249993155e-01 1.458994693044993055e-03
2.029999999999999805e+00 6.225836950549996640e-01 1.399909133094738318e-03
2.040000000000000036e+00 6.298635488999994037e-01 1.371940983448790164e-03
2.049999999999999822e+00 6.369955383050005526e-01 1.335723148562478757e-03
2.060000000000000053e+00 6.438673176599996051e-01 1.304275340330185613e-03
2.069999999999999840e+00 6.504685349199992306e-01 1.268845114526909439e-03
2.080000000000000071e+00 6.569918006349996231e-01 1.235521987922028964e-03
2.089999999999999858e+00 6.632503278399995983e-01 1.204737973296146581e-03
