1.750000000000000000e+00 3.766537084572869898e-02 3.164128441352798702e-04
1.760000000000000009e+00 3.869663764120600397e-02 3.431685046378985036e-04
1.770000000000000018e+00 3.996757375376883831e-02 3.593783100779284899e-04
1.780000000000000027e+00 4.097715174623110107e-02 3.527526772118121947e-04
1.790000000000000036e+00 4.210875174924621350e-02 3.662631684338205746e-04
1.800000000000000044e+00 4.303098522512562030e-02 3.975900793231389521e-04
1.810000000000000053e+00 4.462073665477383350e-02 4.474610491928461033e-04
1.820000000000000062e+00 4.568804734522614180e-02 4.740503458330558263e-04
1.830000000000000071e+00 4.756257942814066247e-02 5.283739452354041131e-04
1.840000000000000080e+00 4.877007652814076277e-02 5.804779124425885322e-04
1.850000000000000089e+00 5.097618521708547484e-02 6.119623545628583147e-04
1.860000000000000098e+00 5.263948182311561225e-02 7.559115596794629922e-04
1.870000000000000107e+00 5.531820033316582619e-02 8.240368808089242741e-04
1.879999999999999893e+00 5.716240462211056444e-02 8.136893187219567400e-04
1.889999999999999902e+00 5.941376754221106699e-02 9.409026549406775087e-04
1.899999999999999911e+00 6.271362463216081928e-02 1.052793853453212183e-03
1.909999999999999920e+00 6.527466525326634794e-02 1.074107665049130710e-03
1.919999999999999929e+00 6.782502137487433913e-02 1.191664649631668819e-03
1.929999999999999938e+00 7.338152943065327782e-02 1.475891101558373048e-03
1.939999999999999947e+00 7.635452896030134329e-02 1.583546207970072499e-03
1.949999999999999956e+00 8.254171792311548739e-02 1.773224515666787593e-03
1.959999999999999964e+00 8.711704104321608966e-02 1.970780268155455841e-03
1.969999999999999973e+00 9.224262109195985326e-02 2.111374631041833868e-03
1.979999999999999982e+00 9.998055880452258459e-02 2.377950707994875169e-03
1.989999999999999991e+00 1.077122226502512797e-01 2.643720340805689670e-03
2.000000000000000000e+00 1.148703978703518869e-01 2.753988316597487992e-03
2.009999999999999787e+00 1.234275351733669229e-01 3.054768967073600260e-03
2.020000000000000018e+00 1.335286206291457778e-01 3.282623432828791609e-03
2.029999999999999805e+00 1.465082240522612711e-01 3.434406147712710210e-03
2.040000000000000036e+00 1.589087790753768437e-01 3.649897117173843582e-03
2.049999999999999822e+00 1.705313128427136393e-01 3.835570033872910938e-03
2.060000000000000053e+00 1.851066057396984765e-01 4.094095039719412507e-03
2.069999999999999840e+00 1.983810645979896536e-01 4.147124269574527060e-03
2.080000000000000071e+00 2.133421644055276123e-01 4.184553089268411817e-03
2.089999999999999858e+00 2.279912132085427645e-01 4.159510950643844837e-03
2.100000000000000089e+00 2.412797775854271520e-01 4.221352906105897175e-03
2.109999999999999876e+00 2.569908743155778774e-01 4.191556778965643652e-03
2.120000000000000107e+00 2.712405295894474988e-01 4.247830254794681196e-03
2.129999999999999893e+00 2.871838727366831656e-01 3.967892606776904536e-03
2.140000000000000124e+00 3.018204531859301487e-01 3.855038363007702758e-03
2.149999999999999911e+00 3.154128159698494915e-01 3.781226179984141251e-03
2.160000000000000142e+00 3.287965647939696812e-01 3.610281299435437290e-03
2.169999999999999929e+00 3.421268845075376985e-01 3.472469599746930233e-03
2.180000000000000160e+00 3.548919882964822747e-01 3.323082341345379252e-03
2.189999999999999947e+00 3.678592379748742980e-01 3.177958747681089609e-03
2.200000000000000178e+00 3.799350633969842961e-01 3.011867855433148465e-03
2.209999999999999964e+00 3.919842353316580486e-01 2.899951531356349116e-03
2.220000000000000195e+00 4.031405796331655744e-01 2.768942610830868890e-03
2.229999999999999982e+00 4.141096858793968938e-01 2.605086506845332144e-03
2.240000000000000213e+00 4.243096350301501229e-01 2.595289438107618515e-03
2.250000000000000000e+00 4.345528055427133052e-01 2.493752690872945346e-03
2.259999999999999787e+00 4.445055119095478458e-01 2.359346920280642503e-03
2.270000000000000018e+00 4.541135946180902550e-01 2.290080977056431748e-03
2.279999999999999805e+00 4.635115687386933692e-01 2.220279868744157691e-03
2.290000000000000036e+00 4.726254121155785137e-01 2.139586299998791612e-03
2.299999999999999822e+00 4.816266120050247679e-01 2.072339191377135358e-03
2.310000000000000053e+00 4.901788146231155219e-01 2.009145187391717536e-03
2.319999999999999840e+00 4.987086275527632395e-01 1.942267095665223481e-03
2.330000000000000071e+00 5.069109628592964878e-01 1.902808667870848659e-03
2.339999999999999858e+00 5.148758767035179762e-01 1.850855566602237342e-03
2.350000000000000089e+00 5.226532970653269272e-01 1.799045892926869148e-03
2.359999999999999876e+00 5.302748818391963548e-01 1.763351885596833738e-03
2.370000000000000107e+00 5.375936566532665273e-01 1.715423884212057947e-03
2.379999999999999893e+00 5.448357340502506529e-01 1.668258709233351456e-03
2.390000000000000124e+00 5.518967587939704877e-01 1.636094691454602172e-03
2.399999999999999911e+00 5.587291644673374469e-01 1.588889771431170259e-03
2.410000000000000142e+00 5.653078009949745741e-01 1.563894032180484974e-03
2.419999999999999929e+00 5.718420097487434406e-01 1.532900055760968994e-03
2.430000000000000160e+00 5.781231909648235634e-01 1.500251455798893392e-03
2.439999999999999947e+00 5.841735623316572923e-01 1.466886126466456159e-03
2.450000000000000178e+00 5.902426574271355530e-01 1.437178987482398912e-03
2.459999999999999964e+00 5.960773281206032115e-01 1.412630102874848836e-03
2.470000000000000195e+00 6.018871953065318969e-01 1.390727364855460970e-03
