1.310000000000000053e+00 3.092877741049999962e-02 1.830295438423500858e-04
1.320000000000000062e+00 3.169931111599999518e-02 1.806410484299465974e-04
1.330000000000000071e+00 3.225129099700000529e-02 1.895660886977705985e-04
1.340000000000000080e+00 3.281637049200002154e-02 1.922284288715133251e-04
1.350000000000000089e+00 3.362275384200004436e-02 2.218574299407216155e-04
1.360000000000000098e+00 3.437080387700002654e-02 2.232762643155929399e-04
1.370000000000000107e+00 3.537231677649999712e-02 2.406010654656150617e-04
1.379999999999999893e+00 3.590786731600001391e-02 2.372762983911142767e-04
1.389999999999999902e+00 3.693644706700003472e-02 2.462182055288863699e-04
1.399999999999999911e+00 3.760777161300004473e-02 2.440008837132832638e-04
1.409999999999999920e+00 3.833416494800003654e-02 2.898958031486341619e-04
1.419999999999999929e+00 3.973635065150001033e-02 2.930900377702385707e-04
1.429999999999999938e+00 4.030365251500007961e-02 2.800295796689869629e-04
1.439999999999999947e+00 4.180653953100002540e-02 3.244946673642220853e-04
1.449999999999999956e+00 4.273859649500001689e-02 3.261873379309595546e-04
1.459999999999999964e+00 4.413531854849996744e-02 3.286782200365281686e-04
1.469999999999999973e+00 4.572825738500001930e-02 3.876804325800544066e-04
1.479999999999999982e+00 4.691710256800002421e-02 4.178554365373191135e-04
1.489999999999999991e+00 4.823178347000001837e-02 4.177061232506093188e-04
1.500000000000000000e+00 5.002382490149999417e-02 5.116004857705149260e-04
1.510000000000000009e+00 5.185918276349994749e-02 5.613629492187086631e-04
1.520000000000000018e+00 5.357478874699998783e-02 5.406975336121031027e-04
1.530000000000000027e+00 5.588163247100006586e-02 7.349134725631096448e-04
1.540000000000000036e+00 5.852967632299999751e-02 6.824076419726111389e-04
1.550000000000000044e+00 6.124741265050008543e-02 9.980116215408450873e-04
1.560000000000000053e+00 6.474136439199998372e-02 1.072775869981258678e-03
1.570000000000000062e+00 6.751219033399995240e-02 1.155398942457203180e-03
1.580000000000000071e+00 7.219620634649992486e-02 1.547445698913527470e-03
1.590000000000000080e+00 7.837885051500009803e-02 2.045717972579149443e-03
1.600000000000000089e+00 8.657747711200000640e-02 2.820697414940616637e-03
1.610000000000000098e+00 9.735836901549985156e-02 3.817746488364877951e-03
1.620000000000000107e+00 1.089925661214998925e-01 4.707871316952445817e-03
1.629999999999999893e+00 1.280733910915000939e-01 6.153255315802685053e-03
1.639999999999999902e+00 1.544721812209999823e-01 8.024877304892348920e-03
1.649999999999999911e+00 1.874275596180001724e-01 9.659579778278330406e-03
1.659999999999999920e+00 2.333726234069996852e-01 1.135526763360565627e-02
1.669999999999999929e+00 2.798371024724999878e-01 1.246511200718409575e-02
1.679999999999999938e+00 3.382716770294993403e-01 1.284325744230690319e-02
1.689999999999999947e+00 3.961347875724997580e-01 1.266523276038409272e-02
1.699999999999999956e+00 4.461200495660009868e-01 1.181538758596581244e-02
1.709999999999999964e+00 4.876969775584998334e-01 1.111465215250211080e-02
1.719999999999999973e+00 5.292404444079997772e-01 9.398454309559389069e-03
1.729999999999999982e+00 5.654977891139996160e-01 7.676916338255151961e-03
1.739999999999999991e+00 5.900227263694994839e-01 6.718105057623066298e-03
1.750000000000000000e+00 6.138160806749993759e-01 5.240877872722270008e-03
1.760000000000000009e+00 6.338421091850000577e-01 4.069022715450528946e-03
1.770000000000000018e+00 6.492889359449997011e-01 3.580664647116710807e-03
1.780000000000000027e+00 6.641829427299997812e-01 2.876893867487505165e-03
1.790000000000000036e+00 6.763938297699997326e-01 2.740293519824407026e-03
1.800000000000000044e+00 6.888907934650001508e-01 1.843372814490559656e-03
1.810000000000000053e+00 6.994417343500006767e-01 1.710480392750079971e-03
1.820000000000000062e+00 7.092240607550001075e-01 1.605338316968723394e-03
1.830000000000000071e+00 7.184113718899998169e-01 1.516479125597308209e-03
1.840000000000000080e+00 7.269323166549997994e-01 1.445537620649019802e-03
1.850000000000000089e+00 7.351499818649995799e-01 1.374745076656434589e-03
1.860000000000000098e+00 7.428047382950008215e-01 1.311095392154010839e-03
1.870000000000000107e+00 7.501335456449994554e-01 1.253220381671524665e-03
1.879999999999999893e+00 7.570515106849998732e-01 1.189981518417832862e-03
1.889999999999999902e+00 7.636267370500001705e-01 1.133365889654281344e-03
1.899999999999999911e+00 7.699796636399995897e-01 1.081984454102775158e-03
1.909999999999999920e+00 7.759777044150002467e-01 1.035635474683673906e-03
1.919999999999999929e+00 7.817204143650013926e-01 9.942940581790390107e-04
1.929999999999999938e+00 7.871744650200004356e-01 9.523654098333209734e-04
1.939999999999999947e+00 7.923692824150018188e-01 9.170474357262107992e-04
1.949999999999999956e+00 7.973682957449997888e-01 8.790213289967098789e-04
1.959999999999999964e+00 8.021660048300004453e-01 8.456290052258734220e-04
1.969999999999999973e+00 8.067864508149997782e-01 8.152759368858516304e-04
1.979999999999999982e+00 8.112446815449994020e-01 7.859832950236157528e-04
1.989999999999999991e+00 8.155024921850005937e-01 7.608828140525817968e-04
2.000000000000000000e+00 8.196110518249998256e-01 7.363368049091378008e-04
2.009999999999999787e+00 8.235363925199998825e-01 7.106203325210947754e-04
2.020000000000000018e+00 8.273600029649996745e-01 6.856450839250606121e-04
2.029999999999999805e+00 8.310530749149990237e-01 6.653042257712979499e-04
