1.070000000000000062e+00 2.539882243649997998e-02 1.166670858303684740e-04
1.080000000000000071e+00 2.595889481150000233e-02 1.203897200884393047e-04
1.090000000000000080e+00 2.641371284400002850e-02 1.349240238321854361e-04
1.100000000000000089e+00 2.709132849549996183e-02 1.367476280615637183e-04
1.110000000000000098e+00 2.759451526899997162e-02 1.406027690742794737e-04
1.120000000000000107e+00 2.845465265199998567e-02 1.479889709420919924e-04
1.129999999999999893e+00 2.876595836699999756e-02 1.522715412778689003e-04
1.139999999999999902e+00 2.962749660850000008e-02 1.610406367342721498e-04
1.149999999999999911e+00 3.021516374000002628e-02 1.575806068681500174e-04
1.159999999999999920e+00 3.127363553999994855e-02 1.757958564546707671e-04
1.169999999999999929e+00 3.196885434949999633e-02 1.744587397325002461e-04
1.179999999999999938e+00 3.270347784749999542e-02 2.003629435836352891e-04
1.189999999999999947e+00 3.358220549749996175e-02 2.134656495521680241e-04
1.199999999999999956e+00 3.478932354449998376e-02 2.094562091318775141e-04
1.209999999999999964e+00 3.534262096099997225e-02 2.269193305865623434e-04
1.219999999999999973e+00 3.643657136050002660e-02 2.210841690835027324e-04
1.229999999999999982e+00 3.761462812449992837e-02 2.223967793832962397e-04
1.239999999999999991e+00 3.910677743499999665e-02 2.960061892012012265e-04
1.250000000000000000e+00 4.031674672699993994e-02 2.938824197411299584e-04
1.260000000000000009e+00 4.166717459999998152e-02 3.093416366993435081e-04
1.270000000000000018e+00 4.301796954949999724e-02 3.295451675067299934e-04
1.280000000000000027e+00 4.439852489349997711e-02 3.583734990962338975e-04
1.290000000000000036e+00 4.626729927549996096e-02 3.645996953395337918e-04
1.300000000000000044e+00 4.866371637649993115e-02 4.643412418360103695e-04
1.310000000000000053e+00 5.043021362999992874e-02 4.466338087597879723e-04
1.320000000000000062e+00 5.223473617100003047e-02 5.399199643654295586e-04
1.330000000000000071e+00 5.548217261500000552e-02 5.888665569896029415e-04
1.340000000000000080e+00 5.862204778100001817e-02 7.304990674450224540e-04
1.350000000000000089e+00 6.284018169999999737e-02 1.085586452061981962e-03
1.360000000000000098e+00 6.715531447100001050e-02 1.356389200597828875e-03
1.370000000000000107e+00 7.440437100900001988e-02 1.894249434631548176e-03
1.379999999999999893e+00 8.220255944099993939e-02 2.551776564813704011e-03
1.389999999999999902e+00 9.559177584249994863e-02 4.170454231047518445e-03
1.399999999999999911e+00 1.156735220729998986e-01 6.062254862856619048e-03
1.409999999999999920e+00 1.424934301205001974e-01 8.057080686631664171e-03
1.419999999999999929e+00 1.918438865785000447e-01 1.066235629305730542e-02
1.429999999999999938e+00 2.558665317985003296e-01 1.250157111023030183e-02
1.439999999999999947e+00 3.217661152314998940e-01 1.379017135713619252e-02
1.449999999999999956e+00 3.969789197620005594e-01 1.413119497576470832e-02
1.459999999999999964e+00 4.754946605160004225e-01 1.269395850420176886e-02
1.469999999999999973e+00 5.453188383505003234e-01 1.026909917040155773e-02
1.479999999999999982e+00 5.942657488819994560e-01 8.278232007309064763e-03
1.489999999999999991e+00 6.287851349334991902e-01 6.149829289656437610e-03
1.500000000000000000e+00 6.573321634600007846e-01 4.510658507311089693e-03
1.510000000000000009e+00 6.774061416400001256e-01 3.748794820597584846e-03
1.520000000000000018e+00 6.959265703149994930e-01 2.496427881154013751e-03
1.530000000000000027e+00 7.111771300899996096e-01 1.719430264976028406e-03
1.540000000000000036e+00 7.243349892650009503e-01 1.557172354156271263e-03
1.550000000000000044e+00 7.363469045250009559e-01 1.436207142177562367e-03
1.560000000000000053e+00 7.474278837549998000e-01 1.321416737815633846e-03
1.570000000000000062e+00 7.574043280750001328e-01 1.219788437850002644e-03
1.580000000000000071e+00 7.666928321750007269e-01 1.137391623713371281e-03
1.590000000000000080e+00 7.752323797999999266e-01 1.069250545083231477e-03
1.600000000000000089e+00 7.832346815550003116e-01 1.010544197286815512e-03
1.610000000000000098e+00 7.907732948449988086e-01 9.577771882745648177e-04
1.620000000000000107e+00 7.978149684750001081e-01 9.029965782277174285e-04
1.629999999999999893e+00 8.044447333049997706e-01 8.498711947428492152e-04
1.639999999999999902e+00 8.106903899000003078e-01 8.033138317882434782e-04
1.649999999999999911e+00 8.165536656350000921e-01 7.542280850225259285e-04
1.659999999999999920e+00 8.220364398749995249e-01 7.122163895709382247e-04
1.669999999999999929e+00 8.272890072500010961e-01 6.733466959356912505e-04
1.679999999999999938e+00 8.322474594999992314e-01 6.361420898032522052e-04
1.689999999999999947e+00 8.369495157999994328e-01 6.074535596379797156e-04
1.699999999999999956e+00 8.414099104299992415e-01 5.805663349203744449e-04
1.709999999999999964e+00 8.456208821950004229e-01 5.548367089018743344e-04
1.719999999999999973e+00 8.496782969249987438e-01 5.343772046785017372e-04
1.729999999999999982e+00 8.535465739649996664e-01 5.136492720522494631e-04
1.739999999999999991e+00 8.572125915299989574e-01 4.986815781795280768e-04
1.750000000000000000e+00 8.607385116200007014e-01 4.817261011110657840e-04
1.760000000000000009e+00 8.640928846999995638e-01 4.650557777335661050e-04
1.770000000000000018e+00 8.672998588549997168e-01 4.474585351401496659e-04
1.780000000000000027e+00 8.703645233650003643e-01 4.335057493825303040e-04
1.790000000000000036e+00 8.732912286350003050e-01 4.214859722829118228e-04
