1.040000000000000036e+00 2.434199297300000328e-02 1.062358379795590765e-04
1.050000000000000044e+00 2.493735894600000724e-02 1.144028759451812098e-04
1.060000000000000053e+00 2.538226119700001324e-02 1.174801704210346587e-04
1.070000000000000062e+00 2.600712885950004147e-02 1.201968688624496247e-04
1.080000000000000071e+00 2.659697209699997747e-02 1.366931111558940194e-04
1.090000000000000080e+00 2.715070391700000543e-02 1.391564416505350799e-04
1.100000000000000089e+00 2.782710926299999596e-02 1.422918517475640909e-04
1.110000000000000098e+00 2.849659506450003335e-02 1.393210415247012697e-04
1.120000000000000107e+00 2.919780481600001143e-02 1.525606657152609011e-04
1.129999999999999893e+00 3.002964274099998235e-02 1.796720182258386683e-04
1.139999999999999902e+00 3.069804417200001218e-02 1.632550892521538800e-04
1.149999999999999911e+00 3.147790623799996690e-02 1.882972856599829489e-04
1.159999999999999920e+00 3.233799468200002081e-02 1.805553817139784274e-04
1.169999999999999929e+00 3.319785775149999146e-02 1.844865335416384232e-04
1.179999999999999938e+00 3.443966665449998965e-02 2.053410971841934706e-04
1.189999999999999947e+00 3.519856388599997693e-02 2.193185556490020191e-04
1.199999999999999956e+00 3.647574073250008098e-02 2.297545194934072857e-04
1.209999999999999964e+00 3.766703825200000411e-02 2.297587050078484243e-04
1.219999999999999973e+00 3.875243070750000046e-02 2.601504070656446548e-04
1.229999999999999982e+00 4.024641755500000390e-02 2.975723689146180006e-04
1.239999999999999991e+00 4.169823356149995192e-02 3.194472863712128144e-04
1.250000000000000000e+00 4.342650356600000899e-02 3.279233468017330399e-04
1.260000000000000009e+00 4.501051462900002714e-02 3.642635106002632206e-04
1.270000000000000018e+00 4.667399739149995230e-02 3.988734190560377555e-04
1.280000000000000027e+00 4.854901750699997659e-02 4.654485615134431979e-04
1.290000000000000036e+00 5.140931971749999191e-02 5.582500507404970259e-04
1.300000000000000044e+00 5.312742984649999889e-02 5.671092031235348049e-04
1.310000000000000053e+00 5.684691278799997027e-02 6.848166522049347910e-04
1.320000000000000062e+00 6.004352712000004394e-02 7.995963270612736458e-04
1.330000000000000071e+00 6.377663424599996911e-02 9.380460941508675463e-04
1.340000000000000080e+00 6.969026469300000637e-02 1.295783399729623538e-03
1.350000000000000089e+00 7.665294999049994396e-02 2.159135548820030181e-03
1.360000000000000098e+00 8.994219258349979429e-02 3.975542692397652546e-03
1.370000000000000107e+00 1.120086240549999501e-01 6.030841695786727172e-03
1.379999999999999893e+00 1.416650988305002967e-01 8.026243984861862815e-03
1.389999999999999902e+00 1.812267814524999576e-01 1.050304522906441058e-02
1.399999999999999911e+00 2.459548418374996603e-01 1.309854832323339817e-02
1.409999999999999920e+00 3.211701033355002788e-01 1.494850591155263107e-02
1.419999999999999929e+00 4.002700930520000089e-01 1.527893949647897084e-02
1.429999999999999938e+00 4.760229783140000892e-01 1.421857192705896014e-02
1.439999999999999947e+00 5.465629646464997826e-01 1.208671003483532611e-02
1.449999999999999956e+00 6.014963041559997503e-01 9.507094091433819505e-03
1.459999999999999964e+00 6.437973227099993423e-01 6.993567756295405655e-03
1.469999999999999973e+00 6.749161748499999947e-01 4.737615825956310867e-03
1.479999999999999982e+00 6.959808903449999917e-01 3.758112729884030469e-03
1.489999999999999991e+00 7.124864735149996076e-01 2.973590542994233692e-03
1.500000000000000000e+00 7.281683513350003523e-01 1.636371434912290822e-03
1.510000000000000009e+00 7.405157581800009270e-01 1.485881521163833320e-03
1.520000000000000018e+00 7.519164849649996318e-01 1.365503868092071650e-03
1.530000000000000027e+00 7.622591748549999435e-01 1.252182705092615925e-03
1.540000000000000036e+00 7.717655974900010651e-01 1.161630348162831332e-03
1.550000000000000044e+00 7.806112566999997560e-01 1.080343344981062048e-03
1.560000000000000053e+00 7.888092700549996783e-01 1.020276084119402715e-03
1.570000000000000062e+00 7.963868029800001969e-01 9.583781467011697310e-04
1.580000000000000071e+00 8.034005877550008945e-01 9.053328548747343815e-04
1.590000000000000080e+00 8.099779530449999765e-01 8.601220114920434846e-04
1.600000000000000089e+00 8.161628848350009902e-01 8.148228738696043768e-04
1.610000000000000098e+00 8.219665465199997856e-01 7.713351147980919854e-04
1.620000000000000107e+00 8.274863469499994517e-01 7.382277496360313551e-04
1.629999999999999893e+00 8.326176524499988574e-01 7.101925719983625271e-04
1.639999999999999902e+00 8.375239400050003002e-01 6.829469555407467101e-04
1.649999999999999911e+00 8.421475639700005678e-01 6.582447255539042785e-04
1.659999999999999920e+00 8.465088297050009647e-01 6.305056018403565853e-04
1.669999999999999929e+00 8.506667904750009335e-01 6.067672307384429191e-04
1.679999999999999938e+00 8.546290396000002509e-01 5.798864119735746636e-04
1.689999999999999947e+00 8.583911586749997102e-01 5.587511055701291536e-04
1.699999999999999956e+00 8.620094685549998248e-01 5.398636692006605073e-04
1.709999999999999964e+00 8.654270303549993493e-01 5.210138873924808614e-04
1.719999999999999973e+00 8.686967043349994588e-01 5.018036619090506748e-04
1.729999999999999982e+00 8.718082555099999631e-01 4.844318493517628149e-04
1.739999999999999991e+00 8.747917287050008817e-01 4.670800792989867906e-04
1.750000000000000000e+00 8.776373593250001992e-01 4.523101052365272132e-04
1.760000000000000009e+00 8.803805292250007630e-01 4.377138776454049746e-04
