1.080000000000000071e+00 2.402953281450004308e-02 1.017199230507069747e-04
1.090000000000000080e+00 2.465668898800001813e-02 1.100348284497085167e-04
1.100000000000000089e+00 2.513713259199999023e-02 1.104756029014664510e-04
1.110000000000000098e+00 2.562775829299998240e-02 1.241408645426711639e-04
1.120000000000000107e+00 2.615630215050002150e-02 1.254234976057400552e-04
1.129999999999999893e+00 2.700757166099996415e-02 1.230829987111907041e-04
1.139999999999999902e+00 2.749541312150000430e-02 1.166156613394231465e-04
1.149999999999999911e+00 2.814164796450000991e-02 1.387693915451984302e-04
1.159999999999999920e+00 2.875260605350000304e-02 1.480940811447920664e-04
1.169999999999999929e+00 2.952222254099999901e-02 1.432659084135864914e-04
1.179999999999999938e+00 3.026157492700004559e-02 1.477486098245647968e-04
1.189999999999999947e+00 3.072081148050000501e-02 1.603630247184047956e-04
1.199999999999999956e+00 3.178756744799998007e-02 1.608050983941218461e-04
1.209999999999999964e+00 3.283217031099999045e-02 1.752651666756292412e-04
1.219999999999999973e+00 3.344049447600003222e-02 1.895953660873569654e-04
1.229999999999999982e+00 3.446090904850001441e-02 2.025565038560331527e-04
1.239999999999999991e+00 3.566396511549996956e-02 2.261674286895680474e-04
1.250000000000000000e+00 3.656934523600004205e-02 2.083745327662366118e-04
1.260000000000000009e+00 3.778446652150003332e-02 2.352585976863352010e-04
1.270000000000000018e+00 3.899983032299998015e-02 2.624163402586550354e-04
1.280000000000000027e+00 4.012064725550002625e-02 2.667723492829501375e-04
1.290000000000000036e+00 4.154954642499995160e-02 2.721669580669213795e-04
1.300000000000000044e+00 4.316315341549994272e-02 3.024262259395783066e-04
1.310000000000000053e+00 4.479425544199989312e-02 3.154438344168855168e-04
1.320000000000000062e+00 4.677717199350003158e-02 3.725475094532975642e-04
1.330000000000000071e+00 4.872743368849996592e-02 3.919408958684933398e-04
1.340000000000000080e+00 5.077702263750002998e-02 4.406931249737465516e-04
1.350000000000000089e+00 5.391737022549995817e-02 5.687276319489986557e-04
1.360000000000000098e+00 5.613054451199998157e-02 5.469225248431633206e-04
1.370000000000000107e+00 6.046001792850003859e-02 7.850797480298972973e-04
1.379999999999999893e+00 6.479619913350002924e-02 9.599437515362027303e-04
1.389999999999999902e+00 7.033674680999998929e-02 1.597879663594306858e-03
1.399999999999999911e+00 7.814612257850005184e-02 2.407657976822817191e-03
1.409999999999999920e+00 8.835000458750015551e-02 3.183410719375650427e-03
1.419999999999999929e+00 1.061410644590001506e-01 5.207265656792985434e-03
1.429999999999999938e+00 1.377115067865000153e-01 7.743859979540713805e-03
1.439999999999999947e+00 1.877290042059999997e-01 1.095951093626999252e-02
1.449999999999999956e+00 2.620121161434998402e-01 1.374668789971588562e-02
1.459999999999999964e+00 3.439379036919996135e-01 1.545251983371193939e-02
1.469999999999999973e+00 4.357103309185001994e-01 1.557193686467979454e-02
1.479999999999999982e+00 5.165774803955001104e-01 1.419086377580945982e-02
1.489999999999999991e+00 5.844209818214995966e-01 1.169418481496911112e-02
1.500000000000000000e+00 6.306280862854996005e-01 9.491001100123601028e-03
1.510000000000000009e+00 6.646063589589994436e-01 7.263770957525766264e-03
1.520000000000000018e+00 6.934116827399999794e-01 4.436837169431935395e-03
1.530000000000000027e+00 7.144798230450007948e-01 2.719432279344133254e-03
1.540000000000000036e+00 7.302571389799992208e-01 1.604779848773550763e-03
1.550000000000000044e+00 7.428581219699998961e-01 1.462207067123270357e-03
1.560000000000000053e+00 7.541486564349998423e-01 1.356032854031077699e-03
1.570000000000000062e+00 7.644289273900003456e-01 1.261177431344350256e-03
1.580000000000000071e+00 7.739922223700008708e-01 1.173881030613049738e-03
1.590000000000000080e+00 7.827569899799997621e-01 1.093917105607539880e-03
1.600000000000000089e+00 7.908785913200000461e-01 1.022369327786093809e-03
1.610000000000000098e+00 7.983589132050008530e-01 9.598046396808241265e-04
1.620000000000000107e+00 8.052531157750008051e-01 9.053599021248046573e-04
1.629999999999999893e+00 8.117257453099996356e-01 8.556124178670563392e-04
1.639999999999999902e+00 8.178126662349989306e-01 8.112566744970307105e-04
1.649999999999999911e+00 8.235038412099997540e-01 7.669529115490528182e-04
1.659999999999999920e+00 8.288832515249991983e-01 7.326102750737830543e-04
1.669999999999999929e+00 8.339751537299996409e-01 6.999644407709310068e-04
1.679999999999999938e+00 8.388088674799992761e-01 6.690945546332436981e-04
1.689999999999999947e+00 8.433246049399989452e-01 6.388117736447676944e-04
1.699999999999999956e+00 8.476047089999995121e-01 6.122477163489575911e-04
1.709999999999999964e+00 8.516997680749988087e-01 5.880121933055773359e-04
1.719999999999999973e+00 8.555656263850003329e-01 5.664012108147026226e-04
1.729999999999999982e+00 8.592496686900003011e-01 5.451745423587462877e-04
1.739999999999999991e+00 8.627558485900002072e-01 5.230915062441622012e-04
1.750000000000000000e+00 8.661186707850001554e-01 5.068797276039321929e-04
1.760000000000000009e+00 8.693618381299994535e-01 4.870974133378379442e-04
1.770000000000000018e+00 8.724544659299994231e-01 4.699273980395292090e-04
1.780000000000000027e+00 8.753954365049995134e-01 4.529436450090764538e-04
1.790000000000000036e+00 8.782124423600000673e-01 4.376889968907286994e-04
1.800000000000000044e+00 8.808861143649999725e-01 4.243727424568858567e-04
