2.319999999999999840e+00 5.108380746599998634e-01 1.626887606698910332e-03
2.310000000000000053e+00 5.067857874999993628e-01 1.690934943413933619e-03
2.299999999999999822e+00 5.010910740600004187e-01 1.697086488907294851e-03
2.290000000000000036e+00 4.947874674449992405e-01 1.750633955067502001e-03
2.279999999999999805e+00 4.882258103750001244e-01 1.781351888739131578e-03
2.270000000000000018e+00 4.813381415149999287e-01 1.841434048802538916e-03
2.259999999999999787e+00 4.745998768099994325e-01 1.865165166587497928e-03
2.250000000000000000e+00 4.672684057749997844e-01 1.951977466308196405e-03
2.240000000000000213e+00 4.599625384199999556e-01 1.992579726868674590e-03
2.229999999999999982e+00 4.523510238449995891e-01 2.070515679059482025e-03
2.220000000000000195e+00 4.447189433150000593e-01 2.123950016460074506e-03
2.209999999999999964e+00 4.366440239450004590e-01 2.182946480677838957e-03
2.200000000000000178e+00 4.282432316949998929e-01 2.261968961675565621e-03
2.189999999999999947e+00 4.199827416149999881e-01 2.287451885516266891e-03
2.180000000000000160e+00 4.111795370849997133e-01 2.347808556607336884e-03
2.169999999999999929e+00 4.019444344649993339e-01 2.487428842578253557e-03
2.160000000000000142e+00 3.932907200350001520e-01 2.475994495795022683e-03
2.149999999999999911e+00 3.838823187300001716e-01 2.581274598642860265e-03
2.140000000000000124e+00 3.738784177700001377e-01 2.715919709624810535e-03
2.129999999999999893e+00 3.642947756200002329e-01 2.774116111460591706e-03
2.120000000000000107e+00 3.544653379800000725e-01 2.903918911397729112e-03
2.109999999999999876e+00 3.436645153150003074e-01 2.974478834704944070e-03
2.100000000000000089e+00 3.335108544950002307e-01 3.023082265010224121e-03
2.089999999999999858e+00 3.216648777100000189e-01 3.250295463443439708e-03
2.080000000000000071e+00 3.095429990449998781e-01 3.402545801065201027e-03
2.069999999999999840e+00 2.996285035959998511e-01 3.363212349810385925e-03
2.060000000000000053e+00 2.861450125315004311e-01 3.541006748017021342e-03
2.049999999999999822e+00 2.751234138164998511e-01 3.657200720963695636e-03
2.040000000000000036e+00 2.611196600939993950e-01 3.772382599751007443e-03
2.029999999999999805e+00 2.490404341040002301e-01 3.916393927012313918e-03
2.020000000000000018e+00 2.364442248509998346e-01 3.839571740045772882e-03
2.009999999999999787e+00 2.229429618105002175e-01 3.856010136804006484e-03
2.000000000000000000e+00 2.088062835605002110e-01 4.043206182548282623e-03
1.989999999999999991e+00 1.960683640714998566e-01 4.052162980652392402e-03
1.979999999999999982e+00 1.826597099324999418e-01 3.907055426830068241e-03
1.969999999999999973e+00 1.713646548179998119e-01 3.860709784779295297e-03
1.959999999999999964e+00 1.579165379169998884e-01 3.660210018340157197e-03
1.949999999999999956e+00 1.467743047795000699e-01 3.569383858391518213e-03
1.939999999999999947e+00 1.357469485799999154e-01 3.296635723748290048e-03
1.929999999999999938e+00 1.239694003374999937e-01 3.027928754474054022e-03
1.919999999999999929e+00 1.179261442520001396e-01 2.888711786622773399e-03
1.909999999999999920e+00 1.065180835100000001e-01 2.673868334012106853e-03
1.899999999999999911e+00 9.953480512950003967e-02 2.388721219161210781e-03
1.889999999999999902e+00 9.295915166999989265e-02 2.251748027274142611e-03
1.879999999999999893e+00 8.552110243549979063e-02 1.907735850446550668e-03
1.870000000000000107e+00 7.967355731900001292e-02 1.751605724052916627e-03
1.860000000000000098e+00 7.640255678450000310e-02 1.611783150530071793e-03
1.850000000000000089e+00 7.025229859300000101e-02 1.343145412181515064e-03
1.840000000000000080e+00 6.633898079949994420e-02 1.240208243661496167e-03
1.830000000000000071e+00 6.299223664049991012e-02 1.105756142008206466e-03
1.820000000000000062e+00 5.960062744949999602e-02 9.584046758474687499e-04
1.810000000000000053e+00 5.675724460249992331e-02 8.598546493225809034e-04
1.800000000000000044e+00 5.444094006199998864e-02 7.898797215972449062e-04
1.790000000000000036e+00 5.209859338400000400e-02 7.575870981350871832e-04
1.780000000000000027e+00 5.030557010800001255e-02 7.038591895391913466e-04
1.770000000000000018e+00 4.768658146500003026e-02 6.029656035831599181e-04
1.760000000000000009e+00 4.649609703550001971e-02 5.695571707956048136e-04
1.750000000000000000e+00 4.461875869350001578e-02 4.756774230967470156e-04
1.739999999999999991e+00 4.318871484349995349e-02 4.668652334920776791e-04
1.729999999999999982e+00 4.174547986350000961e-02 4.283762574846749723e-04
1.719999999999999973e+00 4.026777724599996805e-02 4.186337577607576396e-04
1.709999999999999964e+00 3.923933173550005205e-02 3.824280462927929277e-04
1.699999999999999956e+00 3.816183245349998032e-02 3.630891978255311090e-04
1.689999999999999947e+00 3.708368795449997618e-02 3.564202870301885501e-04
1.679999999999999938e+00 3.610468191350001133e-02 3.062359033120455772e-04
1.669999999999999929e+00 3.487768607500000423e-02 2.919619673594037678e-04
1.659999999999999920e+00 3.416517992850007929e-02 2.706897828364398877e-04
1.649999999999999911e+00 3.316575264950001600e-02 2.522968930266628702e-04
1.639999999999999902e+00 3.241207214699996786e-02 2.383217132324061296e-04
1.629999999999999893e+00 3.172307887900007589e-02 2.249773080683776225e-04
1.620000000000000107e+00 3.110611641850001205e-02 2.264705818161734917e-04
1.610000000000000098e+00 3.018875673650001090e-02 2.033250047302138561e-04
1.600000000000000089e+00 2.944819784050001568e-02 2.077317673197256694e-04
