2.140000000000000124e+00 6.629668467049998348e-01 1.150155751399101070e-03
2.129999999999999893e+00 6.569629726749992571e-01 1.169495219408553605e-03
2.120000000000000107e+00 6.505811098699991746e-01 1.200742922676407802e-03
2.109999999999999876e+00 6.440324517000003413e-01 1.232902867121582566e-03
2.100000000000000089e+00 6.372058325099999587e-01 1.268650952284115568e-03
2.089999999999999858e+00 6.302107915200002575e-01 1.295141471084423077e-03
2.080000000000000071e+00 6.229104287199989098e-01 1.342404670959050856e-03
2.069999999999999840e+00 6.154034425600003466e-01 1.366116488117314698e-03
2.060000000000000053e+00 6.074460800149991124e-01 1.401168968108197502e-03
2.049999999999999822e+00 5.992861196050000006e-01 1.440177390361050509e-03
2.040000000000000036e+00 5.910186626500000262e-01 1.488087399872591770e-03
2.029999999999999805e+00 5.822333637849992360e-01 1.541407737066717186e-03
2.020000000000000018e+00 5.732330048749997298e-01 1.592198639530702014e-03
2.009999999999999787e+00 5.638801664350006071e-01 1.649033254365250487e-03
2.000000000000000000e+00 5.540385334299994247e-01 1.707860072012879014e-03
1.989999999999999991e+00 5.438726978149999169e-01 1.787317232413557439e-03
1.979999999999999982e+00 5.333366803249994792e-01 1.857153137949876191e-03
1.969999999999999973e+00 5.221706268449997079e-01 1.968351231170215911e-03
1.959999999999999964e+00 5.104727648250000360e-01 2.048288620590257673e-03
1.949999999999999956e+00 4.983937866450001142e-01 2.120131516579300095e-03
1.939999999999999947e+00 4.858146432550010108e-01 2.224161599445698047e-03
1.929999999999999938e+00 4.725451872099997730e-01 2.310946642998062267e-03
1.919999999999999929e+00 4.586315120250000765e-01 2.424574475007052875e-03
1.909999999999999920e+00 4.441285315349997043e-01 2.566031070230816256e-03
1.899999999999999911e+00 4.289436044349999033e-01 2.695087227168562263e-03
1.889999999999999902e+00 4.135293046149999818e-01 2.819605527305871044e-03
1.879999999999999893e+00 3.969177048649998873e-01 3.120993620021779869e-03
1.870000000000000107e+00 3.800135023249998634e-01 3.245182945604192706e-03
1.860000000000000098e+00 3.620118576850008818e-01 3.527746153552925590e-03
1.850000000000000089e+00 3.434315529399998290e-01 3.673173208469159099e-03
1.840000000000000080e+00 3.238169940559997850e-01 3.867757775452502871e-03
1.830000000000000071e+00 3.046130669334998764e-01 4.004617868500369091e-03
1.820000000000000062e+00 2.835395199975002667e-01 4.259847867221298011e-03
1.810000000000000053e+00 2.623510628390000599e-01 4.469172841253229826e-03
1.800000000000000044e+00 2.410827717889999222e-01 4.420390795919638960e-03
1.790000000000000036e+00 2.208263593639998024e-01 4.480334624903080550e-03
1.780000000000000027e+00 2.009045548225000810e-01 4.345242392789465044e-03
1.770000000000000018e+00 1.819320428010001434e-01 4.098831486714629366e-03
1.760000000000000009e+00 1.635992635074997592e-01 3.847527450920537780e-03
1.750000000000000000e+00 1.455716395819998954e-01 3.646357486642472223e-03
1.739999999999999991e+00 1.319104024730000657e-01 3.209237300354463723e-03
1.729999999999999982e+00 1.168902152170001318e-01 3.010750096226119058e-03
1.719999999999999973e+00 1.058603842150001445e-01 2.512989882719667088e-03
1.709999999999999964e+00 9.395491267700001314e-02 2.132859828046416561e-03
1.699999999999999956e+00 8.705433090699998822e-02 1.777078107188847936e-03
1.689999999999999947e+00 7.950888629550009745e-02 1.591477891711540974e-03
1.679999999999999938e+00 7.419706059900009476e-02 1.383507580241787093e-03
1.669999999999999929e+00 6.794992691500006954e-02 1.119621944105308369e-03
1.659999999999999920e+00 6.403702095250002335e-02 9.665626404212635664e-04
1.649999999999999911e+00 6.051323209750000820e-02 7.966390043401063185e-04
1.639999999999999902e+00 5.649651043649997484e-02 7.296384394248678134e-04
1.629999999999999893e+00 5.360364420949998571e-02 6.582746902784980233e-04
1.620000000000000107e+00 5.048546942850001829e-02 5.711946757882351792e-04
1.610000000000000098e+00 4.813001080499998419e-02 4.891143190569323699e-04
1.600000000000000089e+00 4.591063796999998031e-02 4.634251525503727811e-04
1.590000000000000080e+00 4.410101827250004908e-02 4.498656678913719588e-04
1.580000000000000071e+00 4.284838730150000718e-02 3.780968723408266560e-04
1.570000000000000062e+00 4.064864264749998291e-02 3.808736438758341032e-04
1.560000000000000053e+00 3.942275565049999791e-02 3.231493379178398202e-04
1.550000000000000044e+00 3.772703971850006194e-02 2.924237907644613868e-04
1.540000000000000036e+00 3.711865853800005305e-02 3.011290515227033906e-04
1.530000000000000027e+00 3.570891734800001049e-02 2.729875756828989549e-04
1.520000000000000018e+00 3.483804827199998150e-02 2.395935282192451668e-04
1.510000000000000009e+00 3.364663787450002802e-02 2.201898641233888943e-04
1.500000000000000000e+00 3.281305116549995682e-02 2.151025360693559533e-04
1.489999999999999991e+00 3.168108645200001100e-02 2.202025109873004770e-04
1.479999999999999982e+00 3.104257762799997669e-02 2.082764922968038772e-04
1.469999999999999973e+00 2.996547751399999265e-02 1.846995675065965677e-04
1.459999999999999964e+00 2.938097428249995466e-02 1.760746794702774823e-04
1.449999999999999956e+00 2.884515011800003678e-02 1.746214369964967355e-04
1.439999999999999947e+00 2.783904995900001594e-02 1.544395102984601751e-04
1.429999999999999938e+00 2.706575801300000264e-02 1.479569872488990638e-04
1.419999999999999929e+00 2.666998526250003235e-02 1.530058105527923957e-04
