1.760000000000000009e+00 8.803932086299987025e-01 4.311656368255416369e-04
1.750000000000000000e+00 8.777027773450000181e-01 4.452593433418091805e-04
1.739999999999999991e+00 8.748736478400006567e-01 4.622222968053346301e-04
1.729999999999999982e+00 8.719068742849991338e-01 4.783195510905718841e-04
1.719999999999999973e+00 8.688116868900009893e-01 4.949396197340522833e-04
1.709999999999999964e+00 8.655592670050001880e-01 5.159392015104004693e-04
1.699999999999999956e+00 8.621567844850007711e-01 5.349095573201421549e-04
1.689999999999999947e+00 8.585802093049998973e-01 5.562828641647026440e-04
1.679999999999999938e+00 8.548112807450015671e-01 5.805923750154979310e-04
1.669999999999999929e+00 8.508366831349992720e-01 6.069446768220674616e-04
1.659999999999999920e+00 8.466767230350008555e-01 6.354101835048791419e-04
1.649999999999999911e+00 8.423059641100002493e-01 6.625231171385104114e-04
1.639999999999999902e+00 8.376651216300001757e-01 6.956270611171761929e-04
1.629999999999999893e+00 8.327849685800002844e-01 7.246952208184050375e-04
1.620000000000000107e+00 8.276348657950001186e-01 7.585840882119465091e-04
1.610000000000000098e+00 8.221512778449997505e-01 7.957015459069675294e-04
1.600000000000000089e+00 8.163443773649993185e-01 8.383865482258649792e-04
1.590000000000000080e+00 8.101823534899996737e-01 8.851380959298781308e-04
1.580000000000000071e+00 8.035451050000013140e-01 9.414912788600492306e-04
1.570000000000000062e+00 7.965603858700002204e-01 9.967014552079995603e-04
1.560000000000000053e+00 7.889346952350008157e-01 1.057926945253287150e-03
1.550000000000000044e+00 7.807531398950010582e-01 1.119239552229016809e-03
1.540000000000000036e+00 7.718970454449999297e-01 1.203306002549913746e-03
1.530000000000000027e+00 7.623947281500004225e-01 1.290671079662367594e-03
1.520000000000000018e+00 7.520478051549996934e-01 1.389981053734734963e-03
1.510000000000000009e+00 7.406998435349998466e-01 1.525989322305427304e-03
1.500000000000000000e+00 7.282913114500012552e-01 1.650771049149083554e-03
1.489999999999999991e+00 7.146211346650003238e-01 1.829053073430525521e-03
1.479999999999999982e+00 6.990189651449989494e-01 2.059038774831535752e-03
1.469999999999999973e+00 6.811144119900001126e-01 2.349085777727732364e-03
1.459999999999999964e+00 6.585448187250000363e-01 3.396608519132005358e-03
1.449999999999999956e+00 6.304572121674998364e-01 5.064947743030397825e-03
1.439999999999999947e+00 5.963406090719995944e-01 6.657621255131565899e-03
1.429999999999999938e+00 5.480298091119991666e-01 8.689949246874991567e-03
1.419999999999999929e+00 4.838032422829996460e-01 1.093960494060343923e-02
1.409999999999999920e+00 4.049053852624996397e-01 1.317873576749061144e-02
1.399999999999999911e+00 3.221348819665000307e-01 1.349191793301745754e-02
1.389999999999999902e+00 2.443527148885001887e-01 1.259885120329346485e-02
1.379999999999999893e+00 1.804192880259999909e-01 1.018817373995456119e-02
1.370000000000000107e+00 1.296744493134998899e-01 7.607474033738394377e-03
1.360000000000000098e+00 1.030035281169999345e-01 5.489716066556745745e-03
1.350000000000000089e+00 8.297609564100004442e-02 3.247779863205847196e-03
1.340000000000000080e+00 7.077539308650000749e-02 1.863252470513717318e-03
1.330000000000000071e+00 6.448684745850000177e-02 1.087710182135559868e-03
1.320000000000000062e+00 5.990697401500000296e-02 8.735010232347247428e-04
1.310000000000000053e+00 5.676955724200001552e-02 6.442258459728088466e-04
1.300000000000000044e+00 5.361672979349998980e-02 5.485365139924063297e-04
1.290000000000000036e+00 5.151732861850003009e-02 4.800569068993512157e-04
1.280000000000000027e+00 4.829415472099998774e-02 4.623305037057959320e-04
1.270000000000000018e+00 4.656853398250005577e-02 4.172202084057105966e-04
1.260000000000000009e+00 4.492980315000000974e-02 3.832592868958499023e-04
1.250000000000000000e+00 4.295745541850008731e-02 3.499557659446542656e-04
1.239999999999999991e+00 4.108033866250005578e-02 3.066861768419747365e-04
1.229999999999999982e+00 4.028141722899996474e-02 2.856052707343288634e-04
1.219999999999999973e+00 3.846280726649995568e-02 2.805809253834965020e-04
1.209999999999999964e+00 3.757717976550007527e-02 2.585225190220910552e-04
1.199999999999999956e+00 3.636374428999995106e-02 2.365142503219635757e-04
1.189999999999999947e+00 3.510697735499997141e-02 2.097689549196241835e-04
1.179999999999999938e+00 3.425952897149999593e-02 2.144016096089483591e-04
1.169999999999999929e+00 3.308962758749998956e-02 2.099002445612006698e-04
1.159999999999999920e+00 3.245229163650001358e-02 1.966906549171550556e-04
1.149999999999999911e+00 3.157138968499997866e-02 1.676609683101929914e-04
1.139999999999999902e+00 3.061325552600002026e-02 1.737680472249858649e-04
1.129999999999999893e+00 2.997657847049999685e-02 1.543496100190301038e-04
1.120000000000000107e+00 2.930191255799996508e-02 1.465722270392713134e-04
1.110000000000000098e+00 2.841805048449999593e-02 1.380992809880958352e-04
1.100000000000000089e+00 2.771801797949996829e-02 1.305465236504514443e-04
1.090000000000000080e+00 2.721964049249997464e-02 1.226666250318965271e-04
1.080000000000000071e+00 2.667154759550001072e-02 1.200550818687389762e-04
1.070000000000000062e+00 2.603233039999998735e-02 1.278013854743851913e-04
1.060000000000000053e+00 2.534686345749997960e-02 1.175951800548066236e-04
1.050000000000000044e+00 2.489397400850001940e-02 1.200484492595389264e-04
1.040000000000000036e+00 2.438480482900000010e-02 1.129669022200184645e-04
