2.319999999999999840e+00 5.012249866400003695e-01 1.720416938387040818e-03
2.310000000000000053e+00 4.976541915099998437e-01 1.755617146616475586e-03
2.299999999999999822e+00 4.918776063449997737e-01 1.776874304580277567e-03
2.290000000000000036e+00 4.859634380999993675e-01 1.835540807342899653e-03
2.279999999999999805e+00 4.793556658449996677e-01 1.907913701959419641e-03
2.270000000000000018e+00 4.727018798750002859e-01 1.928240174022739046e-03
2.259999999999999787e+00 4.659740419949999213e-01 1.970976354673056700e-03
2.250000000000000000e+00 4.588495172000002786e-01 2.025698957239650648e-03
2.240000000000000213e+00 4.520559788800002088e-01 2.048949221034453757e-03
2.229999999999999982e+00 4.444592855199999692e-01 2.107515516572389374e-03
2.220000000000000195e+00 4.367351299099997419e-01 2.170410156425273997e-03
2.209999999999999964e+00 4.290483546749997434e-01 2.201662328224856646e-03
2.200000000000000178e+00 4.208148988050003925e-01 2.310621380387582659e-03
2.189999999999999947e+00 4.128167719650002732e-01 2.372643637401782631e-03
2.180000000000000160e+00 4.039225423299996898e-01 2.434690300471730601e-03
2.169999999999999929e+00 3.956154629600004413e-01 2.490772716891345804e-03
2.160000000000000142e+00 3.869465944649996825e-01 2.529234968739547777e-03
2.149999999999999911e+00 3.773931572150004965e-01 2.672037833453791596e-03
2.140000000000000124e+00 3.684899383550006013e-01 2.766666687047457645e-03
2.129999999999999893e+00 3.587054966249994536e-01 2.831356431639151655e-03
2.120000000000000107e+00 3.481335954299992763e-01 2.942226183938158150e-03
2.109999999999999876e+00 3.386066949299995632e-01 3.048176656336591944e-03
2.100000000000000089e+00 3.278375973200002291e-01 3.185152302222337990e-03
2.089999999999999858e+00 3.177662246700003745e-01 3.239859234830362068e-03
2.080000000000000071e+00 3.066246781134998045e-01 3.381257891069089534e-03
2.069999999999999840e+00 2.954472419149999918e-01 3.385109582873903518e-03
2.060000000000000053e+00 2.836594572665001590e-01 3.563980478174625342e-03
2.049999999999999822e+00 2.725537639240006582e-01 3.655870347355468473e-03
2.040000000000000036e+00 2.599126770445001067e-01 3.765848568790437952e-03
2.029999999999999805e+00 2.476996631025003281e-01 3.835587917529043739e-03
2.020000000000000018e+00 2.352982761789998156e-01 3.907768660254135051e-03
2.009999999999999787e+00 2.214100511484994871e-01 3.968412642472265647e-03
2.000000000000000000e+00 2.100936544469998168e-01 3.885449713731146688e-03
1.989999999999999991e+00 1.971406649794998633e-01 3.935501475970291929e-03
1.979999999999999982e+00 1.825402452469999937e-01 4.044154220153281347e-03
1.969999999999999973e+00 1.715873846249999224e-01 3.835358907434419356e-03
1.959999999999999964e+00 1.595052043159998212e-01 3.850161161734753576e-03
1.949999999999999956e+00 1.477653358100002312e-01 3.738759070425802696e-03
1.939999999999999947e+00 1.361505226799998580e-01 3.470113797335457571e-03
1.929999999999999938e+00 1.278945478454997786e-01 3.280189380859708115e-03
1.919999999999999929e+00 1.178070546150001563e-01 3.073985952220210666e-03
1.909999999999999920e+00 1.076453341779999850e-01 2.789964376936557734e-03
1.899999999999999911e+00 9.985434600549999984e-02 2.562302985826632809e-03
1.889999999999999902e+00 9.310574112650002454e-02 2.345021989210558603e-03
1.879999999999999893e+00 8.563649040299992077e-02 2.133880154455000330e-03
1.870000000000000107e+00 8.250550751199992039e-02 1.911096605866748847e-03
1.860000000000000098e+00 7.532368185399990201e-02 1.738536217394401904e-03
1.850000000000000089e+00 7.069148154199997314e-02 1.540088190264284800e-03
1.840000000000000080e+00 6.843562539299995195e-02 1.400930491878860660e-03
1.830000000000000071e+00 6.402928591399996427e-02 1.337114009867541170e-03
1.820000000000000062e+00 6.082225816200007018e-02 1.118453891049004919e-03
1.810000000000000053e+00 5.735469470049999602e-02 1.021584299583247826e-03
1.800000000000000044e+00 5.466949678649997424e-02 8.874942310810023799e-04
1.790000000000000036e+00 5.328394301849993797e-02 8.058730512021082277e-04
1.780000000000000027e+00 5.033366144850003748e-02 6.945974876957877568e-04
1.770000000000000018e+00 4.922283093450002811e-02 7.210199121803941968e-04
1.760000000000000009e+00 4.714796534700001901e-02 6.264731787779416732e-04
1.750000000000000000e+00 4.483771742649999420e-02 5.292267963399359875e-04
1.739999999999999991e+00 4.430562042349991264e-02 5.714094701826375518e-04
1.729999999999999982e+00 4.215615376099998701e-02 4.772910773126432882e-04
1.719999999999999973e+00 4.127105173449998471e-02 4.439402508051150473e-04
1.709999999999999964e+00 3.992057784049999475e-02 4.255725349297481046e-04
1.699999999999999956e+00 3.885435790849999654e-02 3.550685784142043329e-04
1.689999999999999947e+00 3.759228361100002552e-02 3.580375758750080676e-04
1.679999999999999938e+00 3.649663737000003599e-02 3.319418333608751387e-04
1.669999999999999929e+00 3.609583369100004963e-02 3.131910426044899132e-04
1.659999999999999920e+00 3.476333644200001877e-02 3.268819177808194990e-04
1.649999999999999911e+00 3.386611961449999958e-02 2.945037868723824606e-04
1.639999999999999902e+00 3.302541414000003533e-02 2.926720170577071407e-04
1.629999999999999893e+00 3.228184170250004287e-02 2.612802774768374788e-04
1.620000000000000107e+00 3.154598518850000588e-02 2.724537244088482031e-04
1.610000000000000098e+00 3.104692845249999375e-02 2.537452914767566211e-04
1.600000000000000089e+00 3.062847062749996310e-02 2.331564406064490192e-04
