2.029999999999999805e+00 8.309822715749994870e-01 6.808773131250639432e-04
2.020000000000000018e+00 8.273624555299992078e-01 6.989956326616469191e-04
2.009999999999999787e+00 8.235933761699987254e-01 7.219160852576150594e-04
2.000000000000000000e+00 8.196481023949986344e-01 7.499838453958012881e-04
1.989999999999999991e+00 8.155530186649989632e-01 7.758373069083382943e-04
1.979999999999999982e+00 8.112776229649997228e-01 8.016054822804167136e-04
1.969999999999999973e+00 8.068595852700009008e-01 8.299229646708018715e-04
1.959999999999999964e+00 8.022621652199996012e-01 8.548236055698119583e-04
1.949999999999999956e+00 7.975007921700001390e-01 8.804342037587178319e-04
1.939999999999999947e+00 7.924849498199995068e-01 9.151330455317604855e-04
1.929999999999999938e+00 7.872707599149998403e-01 9.459369015863050480e-04
1.919999999999999929e+00 7.818384901049995062e-01 9.823866729933908564e-04
1.909999999999999920e+00 7.760767605999996377e-01 1.025669368381741230e-03
1.899999999999999911e+00 7.700956878249991533e-01 1.070911151014835314e-03
1.889999999999999902e+00 7.637317704799991835e-01 1.118655522832008456e-03
1.879999999999999893e+00 7.571562580649993102e-01 1.176615035406654601e-03
1.870000000000000107e+00 7.501976296399982536e-01 1.231465310605518466e-03
1.860000000000000098e+00 7.428721755749994049e-01 1.290829043795918129e-03
1.850000000000000089e+00 7.352308601399989429e-01 1.354311336189926995e-03
1.840000000000000080e+00 7.269908238950005819e-01 1.418783525087353873e-03
1.830000000000000071e+00 7.184677389700007133e-01 1.485538938984649589e-03
1.820000000000000062e+00 7.093085158249990974e-01 1.569844203368191572e-03
1.810000000000000053e+00 6.995093098999991543e-01 1.670638808333584644e-03
1.800000000000000044e+00 6.888973375400002652e-01 1.790559480699134521e-03
1.790000000000000036e+00 6.776423029350001626e-01 1.921980960051852903e-03
1.780000000000000027e+00 6.653369609699993914e-01 2.120385947866605756e-03
1.770000000000000018e+00 6.519805874650005384e-01 2.329474922232193605e-03
1.760000000000000009e+00 6.362238243259997761e-01 3.166224770660400114e-03
1.750000000000000000e+00 6.196218630399997762e-01 3.386428749650212053e-03
1.739999999999999991e+00 6.000890764900007612e-01 4.151892857467014836e-03
1.729999999999999982e+00 5.772322785304997428e-01 5.313694753150449007e-03
1.719999999999999973e+00 5.468665286715004292e-01 7.188274068294581501e-03
1.709999999999999964e+00 5.119053391394993158e-01 9.002200230359089575e-03
1.699999999999999956e+00 4.745616182755000301e-01 1.021110867006129463e-02
1.689999999999999947e+00 4.307858415919998962e-01 1.114586718952068241e-02
1.679999999999999938e+00 3.826935533309995807e-01 1.182484180983477129e-02
1.669999999999999929e+00 3.283025086865002939e-01 1.191653891066513614e-02
1.659999999999999920e+00 2.691339890064999851e-01 1.177875972736910047e-02
1.649999999999999911e+00 2.191928929509999180e-01 1.073123805372758373e-02
1.639999999999999902e+00 1.773615901929997685e-01 9.324396880682563754e-03
1.629999999999999893e+00 1.458965306855001254e-01 7.860654602706488789e-03
1.620000000000000107e+00 1.198277772645000849e-01 6.072673471931985464e-03
1.610000000000000098e+00 1.006296958414998610e-01 4.440972198510409127e-03
1.600000000000000089e+00 8.725954146350003993e-02 3.167124314439506878e-03
1.590000000000000080e+00 7.904322098050008127e-02 2.424787054635700340e-03
1.580000000000000071e+00 7.192665401950000537e-02 1.691390346704593501e-03
1.570000000000000062e+00 6.725458890600004291e-02 1.322063019190882665e-03
1.560000000000000053e+00 6.486059590099993444e-02 1.166732021601278244e-03
1.550000000000000044e+00 6.066706782350004407e-02 9.627549453497089059e-04
1.540000000000000036e+00 5.845478419749998433e-02 8.005435554095169035e-04
1.530000000000000027e+00 5.617411453600001242e-02 7.445735163415852665e-04
1.520000000000000018e+00 5.372415113850001478e-02 6.038582281552710204e-04
1.510000000000000009e+00 5.230930176899993567e-02 5.794013247349408735e-04
1.500000000000000000e+00 5.004653305349994474e-02 5.012722357294134004e-04
1.489999999999999991e+00 4.809596572650007978e-02 4.132868043546378137e-04
1.479999999999999982e+00 4.688448837100003125e-02 3.807838646380168812e-04
1.469999999999999973e+00 4.531590101499997220e-02 3.900458480684760101e-04
1.459999999999999964e+00 4.462460834249998287e-02 3.669674673868983882e-04
1.449999999999999956e+00 4.317706924949998165e-02 3.332484667690127828e-04
1.439999999999999947e+00 4.179228281349997576e-02 3.256249261262640551e-04
1.429999999999999938e+00 4.030543709750002840e-02 2.802616601053691480e-04
1.419999999999999929e+00 3.976213865600001368e-02 2.831787527778297951e-04
1.409999999999999920e+00 3.880220130749998525e-02 2.913602213427233406e-04
1.399999999999999911e+00 3.774070397750003275e-02 2.780031987527357604e-04
1.389999999999999902e+00 3.740641727199999628e-02 2.510681768284832413e-04
1.379999999999999893e+00 3.577558952699994715e-02 2.353515224108600310e-04
1.370000000000000107e+00 3.522249963350001373e-02 2.356884543714621240e-04
1.360000000000000098e+00 3.428455040749996130e-02 2.051079697840278216e-04
1.350000000000000089e+00 3.395282815450000047e-02 2.064527980379845802e-04
1.340000000000000080e+00 3.287932010600000399e-02 1.879940155868236370e-04
1.330000000000000071e+00 3.208942502499996519e-02 1.912084911232312518e-04
1.320000000000000062e+00 3.171636885249996818e-02 1.709132666724924869e-04
1.310000000000000053e+00 3.105100369749995426e-02 1.717207617057090754e-04
