2.089999999999999858e+00 6.633120769099999370e-01 1.174059301422670761e-03
2.080000000000000071e+00 6.571983082199989168e-01 1.203029511873651746e-03
2.069999999999999840e+00 6.507173786350005651e-01 1.240058218510189806e-03
2.060000000000000053e+00 6.440633976499999802e-01 1.270096641729601171e-03
2.049999999999999822e+00 6.372417492550004336e-01 1.304155354577345334e-03
2.040000000000000036e+00 6.300844485800002337e-01 1.342914185985773180e-03
2.029999999999999805e+00 6.227354609650000983e-01 1.384490031080068797e-03
2.020000000000000018e+00 6.152924751050002916e-01 1.423254982186577394e-03
2.009999999999999787e+00 6.074529249200005809e-01 1.466895471127666137e-03
2.000000000000000000e+00 5.994785418500009344e-01 1.512363290622914698e-03
1.989999999999999991e+00 5.911104372700000109e-01 1.558763487259666111e-03
1.979999999999999982e+00 5.824698186350003581e-01 1.610950615534080185e-03
1.969999999999999973e+00 5.735591243000001116e-01 1.667701149247831057e-03
1.959999999999999964e+00 5.643261829850002576e-01 1.722472130454741693e-03
1.949999999999999956e+00 5.546589872500000684e-01 1.785713635666763988e-03
1.939999999999999947e+00 5.443397302650000436e-01 1.851380268997573691e-03
1.929999999999999938e+00 5.338904264649992903e-01 1.907964865969101823e-03
1.919999999999999929e+00 5.227636365649996897e-01 1.990559622812318030e-03
1.909999999999999920e+00 5.115372236549999840e-01 2.075295547455309388e-03
1.899999999999999911e+00 4.996663536349996160e-01 2.158890979208549429e-03
1.889999999999999902e+00 4.872149225650001525e-01 2.262961698513612802e-03
1.879999999999999893e+00 4.746050255900002290e-01 2.343598847125049484e-03
1.870000000000000107e+00 4.613802176349998119e-01 2.483048374174332863e-03
1.860000000000000098e+00 4.474633010749998752e-01 2.646770932704408177e-03
1.850000000000000089e+00 4.325765797399996893e-01 2.818792946277953650e-03
1.840000000000000080e+00 4.175045833150001218e-01 2.985063395928776783e-03
1.830000000000000071e+00 4.007254272200001521e-01 3.253713153794292497e-03
1.820000000000000062e+00 3.846229976549999652e-01 3.417601079675407477e-03
1.810000000000000053e+00 3.668339539900000723e-01 3.655963840101667840e-03
1.800000000000000044e+00 3.479725483799997465e-01 3.835815884734650790e-03
1.790000000000000036e+00 3.296312715199998800e-01 4.112607620626872705e-03
1.780000000000000027e+00 3.097564487299999114e-01 4.196565783155185858e-03
1.770000000000000018e+00 2.897853986280000127e-01 4.393537572905750060e-03
1.760000000000000009e+00 2.683602806860002077e-01 4.610339915915324244e-03
1.750000000000000000e+00 2.494430677049998268e-01 4.569357508802184865e-03
1.739999999999999991e+00 2.281950867969995689e-01 4.647354911269744801e-03
1.729999999999999982e+00 2.088914768109996767e-01 4.599540447593332242e-03
1.719999999999999973e+00 1.887208216160002616e-01 4.362748727369697953e-03
1.709999999999999964e+00 1.694947530129999325e-01 4.267925379907766374e-03
1.699999999999999956e+00 1.541503482285002391e-01 4.021749834068018455e-03
1.689999999999999947e+00 1.373215360109999728e-01 3.647176418008302255e-03
1.679999999999999938e+00 1.223625547479997855e-01 3.371638021598423723e-03
1.669999999999999929e+00 1.114851091109999720e-01 3.010581090288425628e-03
1.659999999999999920e+00 1.001603144300000359e-01 2.646831856205798632e-03
1.649999999999999911e+00 9.249933121099988831e-02 2.213684474417718269e-03
1.639999999999999902e+00 8.457950569750008474e-02 2.004137971332157955e-03
1.629999999999999893e+00 7.756187340900007332e-02 1.694481543872773058e-03
1.620000000000000107e+00 7.131024856800011191e-02 1.400031058162115247e-03
1.610000000000000098e+00 6.607859625950003590e-02 1.171131510802940262e-03
1.600000000000000089e+00 6.219659934050005001e-02 1.063609062850267390e-03
1.590000000000000080e+00 5.863132146449995252e-02 8.844178261531110636e-04
1.580000000000000071e+00 5.499491976250000386e-02 8.315751601719835115e-04
1.570000000000000062e+00 5.182193398950005192e-02 6.910777507422916945e-04
1.560000000000000053e+00 4.925226909999996100e-02 6.261298858283263899e-04
1.550000000000000044e+00 4.724640091600005448e-02 5.193873398591751511e-04
1.540000000000000036e+00 4.555709520100005572e-02 5.158482080990199614e-04
1.530000000000000027e+00 4.359515817049997716e-02 4.656076482663331815e-04
1.520000000000000018e+00 4.179485162550001381e-02 4.140239472478346038e-04
1.510000000000000009e+00 4.014605684050000234e-02 3.678409342886267445e-04
1.500000000000000000e+00 3.901303729599999576e-02 3.411733776979602095e-04
1.489999999999999991e+00 3.750864383849997208e-02 3.230390080951878315e-04
1.479999999999999982e+00 3.638508081399999955e-02 2.795409514753446358e-04
1.469999999999999973e+00 3.496587008499996846e-02 2.609704232537686389e-04
1.459999999999999964e+00 3.387312212450000609e-02 2.544585000416405224e-04
1.449999999999999956e+00 3.304914730800000144e-02 2.413020075671372259e-04
1.439999999999999947e+00 3.211019658149999456e-02 2.090941722176829862e-04
1.429999999999999938e+00 3.151310936999997953e-02 1.995221683473796478e-04
1.419999999999999929e+00 3.042271557350003167e-02 2.033491199181489454e-04
1.409999999999999920e+00 2.960532029699997764e-02 1.892034808900207950e-04
1.399999999999999911e+00 2.897986578299999866e-02 1.895531974027973344e-04
1.389999999999999902e+00 2.786873576200001035e-02 1.721193891787963501e-04
1.379999999999999893e+00 2.755607378250002695e-02 1.593562896646617605e-04
1.370000000000000107e+00 2.693343677299996769e-02 1.494505353798408298e-04
