2.140000000000000124e+00 6.552574885499999890e-01 1.203839514171457315e-03
2.129999999999999893e+00 6.491770590800010066e-01 1.224015608169861432e-03
2.120000000000000107e+00 6.427471964000006643e-01 1.261309383332038375e-03
2.109999999999999876e+00 6.362581706999991260e-01 1.291382340461042595e-03
2.100000000000000089e+00 6.294408420950000638e-01 1.320000319605797766e-03
2.089999999999999858e+00 6.224045893649996497e-01 1.366983859532722992e-03
2.080000000000000071e+00 6.152705919649993360e-01 1.406377945616762081e-03
2.069999999999999840e+00 6.077529829050001275e-01 1.456558312619530681e-03
2.060000000000000053e+00 6.001551909250005812e-01 1.501796593621504720e-03
2.049999999999999822e+00 5.922886543449993324e-01 1.543250060531698711e-03
2.040000000000000036e+00 5.841263119350003086e-01 1.598895792029086113e-03
2.029999999999999805e+00 5.757502732049997185e-01 1.648673343631104279e-03
2.020000000000000018e+00 5.672247551850000402e-01 1.694627170201705576e-03
2.009999999999999787e+00 5.583747205299998129e-01 1.745420019975449811e-03
2.000000000000000000e+00 5.492108667400010802e-01 1.804169507739608819e-03
1.989999999999999991e+00 5.396004345000000590e-01 1.872621379731860634e-03
1.979999999999999982e+00 5.297855976300006597e-01 1.931720173522653980e-03
1.969999999999999973e+00 5.195857253999995873e-01 2.001563242897257903e-03
1.959999999999999964e+00 5.085829674950006485e-01 2.077981713211449113e-03
1.949999999999999956e+00 4.974882793200003928e-01 2.167958975516605206e-03
1.939999999999999947e+00 4.862145155850000622e-01 2.246781418201939003e-03
1.929999999999999938e+00 4.741192098200002203e-01 2.368813737411983034e-03
1.919999999999999929e+00 4.617446687699994223e-01 2.476477107710921711e-03
1.909999999999999920e+00 4.488571975949999793e-01 2.621365696862373862e-03
1.899999999999999911e+00 4.354908593700004271e-01 2.745694856495294739e-03
1.889999999999999902e+00 4.213331363800002505e-01 2.910506993754843376e-03
1.879999999999999893e+00 4.070386620799993915e-01 3.077052037885340957e-03
1.870000000000000107e+00 3.925908633500002076e-01 3.204491590512258733e-03
1.860000000000000098e+00 3.767974345150005289e-01 3.394812089844951013e-03
1.850000000000000089e+00 3.599585597300001827e-01 3.628528662059047998e-03
1.840000000000000080e+00 3.431244086999989396e-01 3.759992617349893190e-03
1.830000000000000071e+00 3.259977680505001807e-01 3.906435191495754786e-03
1.820000000000000062e+00 3.059055397474991222e-01 4.187301019067490686e-03
1.810000000000000053e+00 2.876083155450000484e-01 4.250009144416340770e-03
1.800000000000000044e+00 2.682193883439997206e-01 4.415736227109916777e-03
1.790000000000000036e+00 2.489632000494998720e-01 4.481328809747641036e-03
1.780000000000000027e+00 2.288592666514995821e-01 4.530611523750083594e-03
1.770000000000000018e+00 2.099119016009997063e-01 4.348500173193966915e-03
1.760000000000000009e+00 1.894017779999999651e-01 4.375707296137823846e-03
1.750000000000000000e+00 1.733595958119997227e-01 4.142015085313354231e-03
1.739999999999999991e+00 1.540619815945002968e-01 3.895648751725782569e-03
1.729999999999999982e+00 1.398603704174999351e-01 3.641856900705055852e-03
1.719999999999999973e+00 1.246104104400000134e-01 3.348846988447810088e-03
1.709999999999999964e+00 1.141349742490001540e-01 3.009971497818918207e-03
1.699999999999999956e+00 1.035418947365000231e-01 2.582380446390698716e-03
1.689999999999999947e+00 9.311037238699991503e-02 2.327157789149798296e-03
1.679999999999999938e+00 8.656529207500000822e-02 2.040477072664032519e-03
1.669999999999999929e+00 7.990291343700003934e-02 1.785965034749139148e-03
1.659999999999999920e+00 7.414040223900005000e-02 1.439899990804225033e-03
1.649999999999999911e+00 6.855192541749988155e-02 1.252500020399170558e-03
1.639999999999999902e+00 6.388722692049995933e-02 1.117818655594333835e-03
1.629999999999999893e+00 6.041726718999996387e-02 1.000619441983941101e-03
1.620000000000000107e+00 5.690018188499999102e-02 8.197090261361986282e-04
1.610000000000000098e+00 5.440757399849995707e-02 7.527476688733752063e-04
1.600000000000000089e+00 5.133204917850001103e-02 6.196165695971673094e-04
1.590000000000000080e+00 4.973006029700002134e-02 6.137261320509550082e-04
1.580000000000000071e+00 4.702670262649997351e-02 4.997748207793359116e-04
1.570000000000000062e+00 4.551618787100002173e-02 4.674927646344355912e-04
1.560000000000000053e+00 4.378837955449998293e-02 4.509707885950882920e-04
1.550000000000000044e+00 4.189785362849997308e-02 3.801559653837531571e-04
1.540000000000000036e+00 4.043779828949997657e-02 3.618132145926190109e-04
1.530000000000000027e+00 3.917491400499997084e-02 3.241834889663111488e-04
1.520000000000000018e+00 3.755876235749994879e-02 3.200378492625550954e-04
1.510000000000000009e+00 3.665838043200000951e-02 2.879739697039747403e-04
1.500000000000000000e+00 3.560777780650006136e-02 2.725347433674528831e-04
1.489999999999999991e+00 3.451307428950001199e-02 2.855357160035821716e-04
1.479999999999999982e+00 3.372510357049994523e-02 2.494920757674374927e-04
1.469999999999999973e+00 3.276169989549996414e-02 2.363334979878608025e-04
1.459999999999999964e+00 3.187504115600000437e-02 2.334813050188935075e-04
1.449999999999999956e+00 3.107095902049998928e-02 2.028852470878400767e-04
1.439999999999999947e+00 3.032448974600001831e-02 1.981985877866213931e-04
1.429999999999999938e+00 2.939022205299998691e-02 2.037530776795937540e-04
1.419999999999999929e+00 2.884346562649999293e-02 1.944651488437506681e-04
