2.259999999999999787e+00 5.070536514649996995e-01 1.683568401317763613e-03
2.250000000000000000e+00 5.034031180799994898e-01 1.725308205804578074e-03
2.240000000000000213e+00 4.976356671050004010e-01 1.753988754433675199e-03
2.229999999999999982e+00 4.911038885500000339e-01 1.797085717012575964e-03
2.220000000000000195e+00 4.845079312099997981e-01 1.819972235033992698e-03
2.209999999999999964e+00 4.772402295950001760e-01 1.875518373347638242e-03
2.200000000000000178e+00 4.705298642400002618e-01 1.939110439010410022e-03
2.189999999999999947e+00 4.629392552149999007e-01 1.989913078222429674e-03
2.180000000000000160e+00 4.555235570399995826e-01 2.044633677363535615e-03
2.169999999999999929e+00 4.477143166500004434e-01 2.075193854445731099e-03
2.160000000000000142e+00 4.397880395950002352e-01 2.148654122362098594e-03
2.149999999999999911e+00 4.316562495149994239e-01 2.230827175470957106e-03
2.140000000000000124e+00 4.233755159150002778e-01 2.267338869640697814e-03
2.129999999999999893e+00 4.145667510799999067e-01 2.351228586344931287e-03
2.120000000000000107e+00 4.057366704350005016e-01 2.435795154904178608e-03
2.109999999999999876e+00 3.972946109349995703e-01 2.492979585308255624e-03
2.100000000000000089e+00 3.878544193349998115e-01 2.521757611044124058e-03
2.089999999999999858e+00 3.776565349900000146e-01 2.651187523154818239e-03
2.080000000000000071e+00 3.682295836699994163e-01 2.642626876075906180e-03
2.069999999999999840e+00 3.578409381599995109e-01 2.792815112509018302e-03
2.060000000000000053e+00 3.477096249850007426e-01 2.932776614284596066e-03
2.049999999999999822e+00 3.363145393300002173e-01 3.057881565085753071e-03
2.040000000000000036e+00 3.252407180099999850e-01 3.165223466453594495e-03
2.029999999999999805e+00 3.141479241600000361e-01 3.217437768074548482e-03
2.020000000000000018e+00 3.027639374649993553e-01 3.329764153317554213e-03
2.009999999999999787e+00 2.912287937689995165e-01 3.425166514401842624e-03
2.000000000000000000e+00 2.770671396345000259e-01 3.759993547932561839e-03
1.989999999999999991e+00 2.647588496360002153e-01 3.775684570115745049e-03
1.979999999999999982e+00 2.521676105815005564e-01 3.899286579246782122e-03
1.969999999999999973e+00 2.378114306490001773e-01 4.048398984695238470e-03
1.959999999999999964e+00 2.256631598004998907e-01 3.989923193711204449e-03
1.949999999999999956e+00 2.116023345730001226e-01 4.027345518270314569e-03
1.939999999999999947e+00 1.989285405009997287e-01 4.077568578256972852e-03
1.929999999999999938e+00 1.866994773040002720e-01 4.037019405028508326e-03
1.919999999999999929e+00 1.729429720480000210e-01 3.956870490404347691e-03
1.909999999999999920e+00 1.623307809094998722e-01 3.804893683180691870e-03
1.899999999999999911e+00 1.500061853625000441e-01 3.658449177874736891e-03
1.889999999999999902e+00 1.376756571254999506e-01 3.550380157758813941e-03
1.879999999999999893e+00 1.281951453530000840e-01 3.344962692888251484e-03
1.870000000000000107e+00 1.169924223984998846e-01 3.161805966265850924e-03
1.860000000000000098e+00 1.080427396459998773e-01 2.937575588309771987e-03
1.850000000000000089e+00 1.001844500315000192e-01 2.648183319265620585e-03
1.840000000000000080e+00 9.345256475800001184e-02 2.378664526911738152e-03
1.830000000000000071e+00 8.661936659249999670e-02 2.156172378942503281e-03
1.820000000000000062e+00 8.024128811400003947e-02 1.985988520989027690e-03
1.810000000000000053e+00 7.564201066450008948e-02 1.871467353647427020e-03
1.800000000000000044e+00 7.170862553050005861e-02 1.602360424584527848e-03
1.790000000000000036e+00 6.725339821099991788e-02 1.440150082092777955e-03
1.780000000000000027e+00 6.305075816899990970e-02 1.245871243125118953e-03
1.770000000000000018e+00 5.979516699900005311e-02 1.092601064895321224e-03
1.760000000000000009e+00 5.769275964100002013e-02 9.966077565291716050e-04
1.750000000000000000e+00 5.392781554700003949e-02 8.367380205559637888e-04
1.739999999999999991e+00 5.180754997349996949e-02 8.108502614896382146e-04
1.729999999999999982e+00 4.987705257900007516e-02 7.531641552718711672e-04
1.719999999999999973e+00 4.781748609700004621e-02 6.012626567442181215e-04
1.709999999999999964e+00 4.610554228049989350e-02 6.212910829917435212e-04
1.699999999999999956e+00 4.439667601650001960e-02 5.404060145178537188e-04
1.689999999999999947e+00 4.277322107799993306e-02 4.759043942497160197e-04
1.679999999999999938e+00 4.201629414699994264e-02 4.612118110650977325e-04
1.669999999999999929e+00 4.075932361450001346e-02 4.666469783214518218e-04
1.659999999999999920e+00 3.921089230099998602e-02 4.485089187215377253e-04
1.649999999999999911e+00 3.796480927099999542e-02 3.392278949620953685e-04
1.639999999999999902e+00 3.698353426650003578e-02 3.735863083110226783e-04
1.629999999999999893e+00 3.570910254800000599e-02 3.391063404298252687e-04
1.620000000000000107e+00 3.480847206149997874e-02 3.297038395049704611e-04
1.610000000000000098e+00 3.410726651099995482e-02 2.840266424615247838e-04
1.600000000000000089e+00 3.325733320049996389e-02 2.910452718780757466e-04
1.590000000000000080e+00 3.203555188349997696e-02 2.659696494349167743e-04
1.580000000000000071e+00 3.171771229400000697e-02 2.646465961961134202e-04
1.570000000000000062e+00 3.056835251750001162e-02 2.251299195908949065e-04
1.560000000000000053e+00 3.022886635499999822e-02 2.387403454592469372e-04
1.550000000000000044e+00 2.933058149450004995e-02 2.224305974360889053e-04
1.540000000000000036e+00 2.899234181749998224e-02 2.006398119052330551e-04
