2.689999999999999947e+00 4.462794234650001579e-01 1.956631944149289908e-03
2.680000000000000160e+00 4.434773293799997296e-01 1.954407213565720683e-03
2.669999999999999929e+00 4.380748879350004898e-01 2.015975092285473679e-03
2.660000000000000142e+00 4.323559917050000534e-01 2.062760803303629632e-03
2.649999999999999911e+00 4.262936096699997957e-01 2.087744885267880587e-03
2.640000000000000124e+00 4.201638611900003206e-01 2.146405065140147284e-03
2.629999999999999893e+00 4.137412982000001072e-01 2.159754204438583090e-03
2.620000000000000107e+00 4.069119314849992119e-01 2.214918909177690347e-03
2.609999999999999876e+00 4.006030910300004133e-01 2.262934338226503962e-03
2.600000000000000089e+00 3.932616313849998657e-01 2.355932145708714009e-03
2.589999999999999858e+00 3.866609068000002036e-01 2.378853256689052176e-03
2.580000000000000071e+00 3.793358892850002273e-01 2.452103864788085508e-03
2.569999999999999840e+00 3.719897767449996673e-01 2.555196212376084630e-03
2.560000000000000053e+00 3.640788812550003195e-01 2.613215711927065806e-03
2.549999999999999822e+00 3.569553377700001029e-01 2.635087983599981344e-03
2.540000000000000036e+00 3.487778816300001750e-01 2.788780734096468327e-03
2.529999999999999805e+00 3.398930853249999551e-01 2.970090262525486042e-03
2.520000000000000018e+00 3.322881242850000416e-01 3.016443302910277319e-03
2.509999999999999787e+00 3.237580724650000463e-01 3.021947688703844042e-03
2.500000000000000000e+00 3.154459425800000827e-01 3.132332112513500078e-03
2.490000000000000213e+00 3.063782655600000293e-01 3.363219201165873213e-03
2.479999999999999982e+00 2.983149315149996039e-01 3.354725321688925305e-03
2.470000000000000195e+00 2.890052116300003138e-01 3.400605724810299140e-03
2.459999999999999964e+00 2.790759032634996806e-01 3.643868203782494111e-03
2.450000000000000178e+00 2.701526619979998656e-01 3.660158641286205723e-03
2.439999999999999947e+00 2.606942357959998180e-01 3.776753394967170396e-03
2.430000000000000160e+00 2.510766558369998402e-01 3.790480344466173619e-03
2.419999999999999929e+00 2.414001097739999768e-01 3.843661744601438619e-03
2.410000000000000142e+00 2.311045643349997070e-01 3.995860011430613784e-03
2.399999999999999911e+00 2.207767986989999931e-01 4.036052336307247718e-03
2.390000000000000124e+00 2.108180133945001811e-01 3.940660281848218718e-03
2.379999999999999893e+00 2.007446163519997218e-01 3.982569458296140660e-03
2.370000000000000107e+00 1.894238751450002256e-01 3.945579136677652976e-03
2.359999999999999876e+00 1.803564049064999564e-01 3.941236603957856688e-03
2.350000000000000089e+00 1.691697268124999487e-01 3.981570624124114617e-03
2.339999999999999858e+00 1.602610296539999368e-01 3.955550245410154389e-03
2.330000000000000071e+00 1.517248822655000440e-01 3.651582759462421775e-03
2.319999999999999840e+00 1.443967056779997815e-01 3.535625481503663035e-03
2.310000000000000053e+00 1.344636210545000210e-01 3.420487637743713141e-03
2.299999999999999822e+00 1.261966900504999378e-01 3.236915603793113095e-03
2.290000000000000036e+00 1.190465436415000938e-01 3.086953288290501633e-03
2.279999999999999805e+00 1.108546189580001118e-01 2.944697810239680063e-03
2.270000000000000018e+00 1.036974412439999188e-01 2.722338145205726277e-03
2.259999999999999787e+00 9.922484281450007215e-02 2.495578706659665712e-03
2.250000000000000000e+00 9.258001425200008960e-02 2.294957210055356168e-03
2.240000000000000213e+00 8.813740821599982955e-02 2.180368193165878928e-03
2.229999999999999982e+00 8.364107370349996295e-02 2.041561235817649592e-03
2.220000000000000195e+00 7.951277721150001865e-02 1.885453249196073107e-03
2.209999999999999964e+00 7.546759836800001620e-02 1.691326740929308299e-03
2.200000000000000178e+00 7.192513781200005063e-02 1.647192594839148871e-03
2.189999999999999947e+00 6.916921860949995504e-02 1.364327431551766142e-03
2.180000000000000160e+00 6.537558257249993787e-02 1.328555281767457600e-03
2.169999999999999929e+00 6.333755634949994606e-02 1.236204747588760507e-03
2.160000000000000142e+00 6.096165689649999525e-02 1.127667112567125275e-03
2.149999999999999911e+00 5.852819946150008418e-02 1.061637221627000863e-03
2.140000000000000124e+00 5.625774896549999571e-02 9.382721346710902292e-04
2.129999999999999893e+00 5.420139970150006370e-02 9.335682282693261473e-04
2.120000000000000107e+00 5.267247812100007281e-02 8.717269658169948159e-04
2.109999999999999876e+00 5.084554166199990732e-02 7.796628033895611253e-04
2.100000000000000089e+00 4.952883780650000484e-02 6.803755173315403351e-04
2.089999999999999858e+00 4.834435238999993528e-02 6.477140040929177086e-04
2.080000000000000071e+00 4.646502805299998484e-02 5.584255287282860686e-04
2.069999999999999840e+00 4.552667412650004269e-02 5.334883616832011149e-04
2.060000000000000053e+00 4.414355514349994208e-02 5.500757721188476125e-04
2.049999999999999822e+00 4.353560173300000807e-02 4.998726705772962202e-04
2.040000000000000036e+00 4.234795753300000382e-02 5.249191711781649519e-04
2.029999999999999805e+00 4.151348157149994944e-02 4.481577200570187563e-04
2.020000000000000018e+00 4.025623649800004478e-02 4.513114307542062599e-04
2.009999999999999787e+00 3.897120143649995816e-02 3.755027913830351642e-04
2.000000000000000000e+00 3.887677408699997950e-02 3.847291400207386515e-04
1.989999999999999991e+00 3.808776336149996555e-02 3.661124475093817995e-04
1.979999999999999982e+00 3.691620908299998033e-02 3.579036593176487813e-04
1.969999999999999973e+00 3.596121955300002337e-02 3.311244326268075570e-04
