2.470000000000000195e+00 6.019895721999999338e-01 1.395738737362022452e-03
2.459999999999999964e+00 5.962858064650004009e-01 1.416970407711810528e-03
2.450000000000000178e+00 5.904480010749989516e-01 1.453591645244282221e-03
2.439999999999999947e+00 5.844207242049993534e-01 1.484997697153706778e-03
2.430000000000000160e+00 5.782832332149996368e-01 1.509813816279848009e-03
2.419999999999999929e+00 5.720258740600003833e-01 1.541680967156207251e-03
2.410000000000000142e+00 5.655807556000007619e-01 1.574779004892718284e-03
2.399999999999999911e+00 5.589039986850007358e-01 1.620935606882256035e-03
2.390000000000000124e+00 5.521764574250001001e-01 1.648890211949692684e-03
2.379999999999999893e+00 5.451257532349997881e-01 1.696688899594958871e-03
2.370000000000000107e+00 5.379594629300008535e-01 1.745724594678959218e-03
2.359999999999999876e+00 5.305336281250008224e-01 1.797416005308432761e-03
2.350000000000000089e+00 5.229454753700004677e-01 1.837257991823978542e-03
2.339999999999999858e+00 5.150861195799997239e-01 1.885053860918890463e-03
2.330000000000000071e+00 5.071999122599991638e-01 1.962962581074602884e-03
2.319999999999999840e+00 4.990306031200005821e-01 2.001717161948626898e-03
2.310000000000000053e+00 4.906575810050001207e-01 2.061880703305909480e-03
2.299999999999999822e+00 4.819242595399996776e-01 2.124757808377605427e-03
2.290000000000000036e+00 4.729945472200002277e-01 2.206816061734251291e-03
2.279999999999999805e+00 4.639946430249994314e-01 2.276074512736420488e-03
2.270000000000000018e+00 4.544803992450004437e-01 2.368594722722964716e-03
2.259999999999999787e+00 4.451111453099994009e-01 2.446164564006759502e-03
2.250000000000000000e+00 4.352329635600010183e-01 2.545854474064343075e-03
2.240000000000000213e+00 4.249942607349995738e-01 2.652335692319943584e-03
2.229999999999999982e+00 4.142166009150002326e-01 2.775505271031026774e-03
2.220000000000000195e+00 4.035052359499996522e-01 2.887267727710099430e-03
2.209999999999999964e+00 3.919569908999995800e-01 3.071362913355499529e-03
2.200000000000000178e+00 3.801361165500002359e-01 3.204828360837157306e-03
2.189999999999999947e+00 3.681678347049995859e-01 3.303174162390833720e-03
2.180000000000000160e+00 3.549869182560000946e-01 3.514941961259687459e-03
2.169999999999999929e+00 3.425610711000002251e-01 3.589920857515312147e-03
2.160000000000000142e+00 3.294384562910007697e-01 3.782706836948381088e-03
2.149999999999999911e+00 3.158002160400000813e-01 3.882408051632051452e-03
2.140000000000000124e+00 3.018679732859994025e-01 3.973721446961744896e-03
2.129999999999999893e+00 2.872894218510003705e-01 4.108591295295420040e-03
2.120000000000000107e+00 2.728405632299997219e-01 4.234931106855325741e-03
2.109999999999999876e+00 2.580622582364996975e-01 4.322680271748567844e-03
2.100000000000000089e+00 2.422790926959999258e-01 4.342464164817100812e-03
2.089999999999999858e+00 2.290817161905001342e-01 4.246221182004742550e-03
2.080000000000000071e+00 2.134107240890000534e-01 4.198709980122112932e-03
2.069999999999999840e+00 1.989719287959999805e-01 4.145228081867930771e-03
2.060000000000000053e+00 1.845793648729999181e-01 4.055696780099090487e-03
2.049999999999999822e+00 1.712635406374999891e-01 3.955008450786139627e-03
2.040000000000000036e+00 1.589084619484999461e-01 3.652547707911557411e-03
2.029999999999999805e+00 1.461919335799999609e-01 3.451891821074431436e-03
2.020000000000000018e+00 1.339444445005001094e-01 3.243791447270890239e-03
2.009999999999999787e+00 1.247295225505000299e-01 3.068249744680830345e-03
2.000000000000000000e+00 1.156465657404999181e-01 2.798694780408920654e-03
1.989999999999999991e+00 1.072408957880000152e-01 2.577759474963886143e-03
1.979999999999999982e+00 9.980976295200003068e-02 2.373125408638572433e-03
1.969999999999999973e+00 9.363554224199999165e-02 2.164098026829127178e-03
1.959999999999999964e+00 8.720895362849993837e-02 1.901535837722856349e-03
1.949999999999999956e+00 8.099829850849997459e-02 1.756451739974402735e-03
1.939999999999999947e+00 7.714814417850006378e-02 1.589560363036695385e-03
1.929999999999999938e+00 7.214485144000001848e-02 1.407614453154525146e-03
1.919999999999999929e+00 6.844257300599999871e-02 1.251752351569725011e-03
1.909999999999999920e+00 6.509631036350004007e-02 1.049270958347846327e-03
1.899999999999999911e+00 6.240054124800000629e-02 1.017989254419563068e-03
1.889999999999999902e+00 5.994122045849993585e-02 9.085358722824917084e-04
1.879999999999999893e+00 5.701906539899997267e-02 7.597811382951238967e-04
1.870000000000000107e+00 5.511204848049999078e-02 7.930078685963234258e-04
1.860000000000000098e+00 5.244995924300000639e-02 6.887320680476337765e-04
1.850000000000000089e+00 5.105948332349994484e-02 6.232085613795928635e-04
1.840000000000000080e+00 4.880857106750000063e-02 6.021687883690413122e-04
1.830000000000000071e+00 4.784820255149994928e-02 5.203344616357345308e-04
1.820000000000000062e+00 4.592094822000004212e-02 5.317766143432424821e-04
1.810000000000000053e+00 4.455895064350002405e-02 4.913567574159081802e-04
1.800000000000000044e+00 4.345923970499994404e-02 4.279566535274368722e-04
1.790000000000000036e+00 4.210421418250009928e-02 4.148637566226704028e-04
1.780000000000000027e+00 4.058618011050001834e-02 3.877729785006774435e-04
1.770000000000000018e+00 3.915513317450004110e-02 3.451874043954535932e-04
1.760000000000000009e+00 3.879894278149995795e-02 3.443267290622347332e-04
1.750000000000000000e+00 3.745455266949997836e-02 3.308070242779152553e-04
