1.790000000000000036e+00 8.732771071099998395e-01 4.489637937961111764e-04
1.780000000000000027e+00 8.704025655099993930e-01 4.622574219369041332e-04
1.770000000000000018e+00 8.673447169450005934e-01 4.798352349324798449e-04
1.760000000000000009e+00 8.641538402949993092e-01 4.951547697842647970e-04
1.750000000000000000e+00 8.608209956200025825e-01 5.140698543425511590e-04
1.739999999999999991e+00 8.573313684999980255e-01 5.311270593433425760e-04
1.729999999999999982e+00 8.536637444700011512e-01 5.469683553615307817e-04
1.719999999999999973e+00 8.498031896399997898e-01 5.674863634401821049e-04
1.709999999999999964e+00 8.457361193300022562e-01 5.907268551303164602e-04
1.699999999999999956e+00 8.415280595100000927e-01 6.180024698625519522e-04
1.689999999999999947e+00 8.371122053250007466e-01 6.452562851922161733e-04
1.679999999999999938e+00 8.324209080449995746e-01 6.734582331596081998e-04
1.669999999999999929e+00 8.274564406200002331e-01 7.078298192075242875e-04
1.659999999999999920e+00 8.222110632400005947e-01 7.482054774429850461e-04
1.649999999999999911e+00 8.167480022899984426e-01 7.860552772008662327e-04
1.639999999999999902e+00 8.108745167099997708e-01 8.317438968640398708e-04
1.629999999999999893e+00 8.046109023000006522e-01 8.788266609596195877e-04
1.620000000000000107e+00 7.980183693750009244e-01 9.283670566517633962e-04
1.610000000000000098e+00 7.909659733799994097e-01 9.860117695382340959e-04
1.600000000000000089e+00 7.834808983299980101e-01 1.045490958642422436e-03
1.590000000000000080e+00 7.754057817050001855e-01 1.108886084905162661e-03
1.580000000000000071e+00 7.668361611899990882e-01 1.181244928595491864e-03
1.570000000000000062e+00 7.575552434899999188e-01 1.275796361033610391e-03
1.560000000000000053e+00 7.476158578100003949e-01 1.378908162250647683e-03
1.550000000000000044e+00 7.365858342649997947e-01 1.491553502392561209e-03
1.540000000000000036e+00 7.244701618850006852e-01 1.630765073126141593e-03
1.530000000000000027e+00 7.112249299800009750e-01 1.795940709633976574e-03
1.520000000000000018e+00 6.969242072450000380e-01 2.003413620365707918e-03
1.510000000000000009e+00 6.809963590250004417e-01 2.283598584447742337e-03
1.500000000000000000e+00 6.627991008750002688e-01 2.642461002931897375e-03
1.489999999999999991e+00 6.398556390450006459e-01 3.618177881792764439e-03
1.479999999999999982e+00 6.116275022724997346e-01 5.264639673068987474e-03
1.469999999999999973e+00 5.748692453814997494e-01 7.507669364309875470e-03
1.459999999999999964e+00 5.301135915739998428e-01 9.460725003568084754e-03
1.449999999999999956e+00 4.726550732390001341e-01 1.143321058128327246e-02
1.439999999999999947e+00 4.008235898895001204e-01 1.298476606363800981e-02
1.429999999999999938e+00 3.206375273475001730e-01 1.342172990220524137e-02
1.419999999999999929e+00 2.450667419985001483e-01 1.264159315815851538e-02
1.409999999999999920e+00 1.858405163885001321e-01 1.045166971077252788e-02
1.399999999999999911e+00 1.371614418339998642e-01 7.816714663861423079e-03
1.389999999999999902e+00 1.060968109514998092e-01 5.556757608926298116e-03
1.379999999999999893e+00 8.614410721449994313e-02 3.681727281566638151e-03
1.370000000000000107e+00 7.439176153050006124e-02 2.336399003535014583e-03
1.360000000000000098e+00 6.778348221549997110e-02 1.578163974494021333e-03
1.350000000000000089e+00 6.262935321299999136e-02 1.215749708856164214e-03
1.340000000000000080e+00 5.881645892649994128e-02 1.040009005617393211e-03
1.330000000000000071e+00 5.530183000199998672e-02 6.074552045764165884e-04
1.320000000000000062e+00 5.301165408749993618e-02 4.882020145149562661e-04
1.310000000000000053e+00 5.049318366649996337e-02 4.780431330274908142e-04
1.300000000000000044e+00 4.807313886350000898e-02 4.002399734167987598e-04
1.290000000000000036e+00 4.620066871299998573e-02 3.666950147819968597e-04
1.280000000000000027e+00 4.438645159949997088e-02 3.488390228711682147e-04
1.270000000000000018e+00 4.309727279150005891e-02 3.248283527780921535e-04
1.260000000000000009e+00 4.163459080649999089e-02 3.096878432755069909e-04
1.250000000000000000e+00 4.011882359250003305e-02 2.775908043121812327e-04
1.239999999999999991e+00 3.889313713950003082e-02 2.592276315299723633e-04
1.229999999999999982e+00 3.770901465399999208e-02 2.593035927369939349e-04
1.219999999999999973e+00 3.681738932949994714e-02 2.394618382839872593e-04
1.209999999999999964e+00 3.537509591450006124e-02 2.306359950379161341e-04
1.199999999999999956e+00 3.438293248149997677e-02 2.157768650872675430e-04
1.189999999999999947e+00 3.396865914749994109e-02 1.986282779631811551e-04
1.179999999999999938e+00 3.283172029100000361e-02 2.025116258767753463e-04
1.169999999999999929e+00 3.200588338299995700e-02 1.768139986980116890e-04
1.159999999999999920e+00 3.124758866850005368e-02 1.776187158355528541e-04
1.149999999999999911e+00 3.021240223399997843e-02 1.641130641157169596e-04
1.139999999999999902e+00 2.948180107000001118e-02 1.591601001965120175e-04
1.129999999999999893e+00 2.885155075599999536e-02 1.385890785961051532e-04
1.120000000000000107e+00 2.828371731799997693e-02 1.443354214651685848e-04
1.110000000000000098e+00 2.769043532099994820e-02 1.478206959064269166e-04
1.100000000000000089e+00 2.701392859149999437e-02 1.339538636498488716e-04
1.090000000000000080e+00 2.647763284649999951e-02 1.333854836155802515e-04
1.080000000000000071e+00 2.576527153850002860e-02 1.288233746586632750e-04
1.070000000000000062e+00 2.541869611250005198e-02 1.291265719068578597e-04
