1.800000000000000044e+00 8.808759845949990508e-01 4.073224673149295383e-04
1.790000000000000036e+00 8.782110693149997038e-01 4.186217440848905339e-04
1.780000000000000027e+00 8.754047251450010059e-01 4.325879024903622923e-04
1.770000000000000018e+00 8.725009010899990036e-01 4.495315658122758058e-04
1.760000000000000009e+00 8.694208524699997831e-01 4.672951049268058549e-04
1.750000000000000000e+00 8.662032829600005979e-01 4.874247407251552314e-04
1.739999999999999991e+00 8.628470776949996868e-01 5.063954674215197628e-04
1.729999999999999982e+00 8.593319218300001783e-01 5.271537842216388395e-04
1.719999999999999973e+00 8.556499541350002236e-01 5.466931996918637446e-04
1.709999999999999964e+00 8.517854169649993201e-01 5.648488308236576574e-04
1.699999999999999956e+00 8.477117914150011924e-01 5.859285029892702347e-04
1.689999999999999947e+00 8.434740729450006524e-01 6.103508526127948827e-04
1.679999999999999938e+00 8.389252996449992894e-01 6.374958551642514451e-04
1.669999999999999929e+00 8.341092200699989911e-01 6.673829888490035497e-04
1.659999999999999920e+00 8.290220723999994767e-01 6.973841838377409317e-04
1.649999999999999911e+00 8.236584729449996090e-01 7.286583410884160585e-04
1.639999999999999902e+00 8.179637525499986461e-01 7.702168796713946457e-04
1.629999999999999893e+00 8.118906809349997200e-01 8.150657127963610148e-04
1.620000000000000107e+00 8.054234008599998607e-01 8.639624846940095575e-04
1.610000000000000098e+00 7.984510819700003648e-01 9.213943049502907896e-04
1.600000000000000089e+00 7.910111593650002160e-01 9.752592369706444093e-04
1.590000000000000080e+00 7.829350165550006402e-01 1.049109317901285700e-03
1.580000000000000071e+00 7.741226495100000937e-01 1.121019554093091080e-03
1.570000000000000062e+00 7.645784819750006678e-01 1.206508580860091162e-03
1.560000000000000053e+00 7.542925322799993726e-01 1.310806957779152293e-03
1.550000000000000044e+00 7.429082552049998123e-01 1.425901578112534008e-03
1.540000000000000036e+00 7.303582183749993684e-01 1.564379820272518169e-03
1.530000000000000027e+00 7.162249664850000030e-01 1.763449788537800860e-03
1.520000000000000018e+00 7.001446604600004564e-01 2.055949575590412630e-03
1.510000000000000009e+00 6.804852915299999250e-01 2.978826826031549541e-03
1.500000000000000000e+00 6.573984079999994901e-01 3.924759135810765298e-03
1.489999999999999991e+00 6.267709940160001159e-01 5.574991053515801660e-03
1.479999999999999982e+00 5.856935947740005144e-01 7.708038803166483363e-03
1.469999999999999973e+00 5.228535485265000116e-01 1.060810629064013605e-02
1.459999999999999964e+00 4.508784223340006614e-01 1.241550085495555199e-02
1.449999999999999956e+00 3.621619837520000940e-01 1.346475003718686919e-02
1.439999999999999947e+00 2.658151899474996416e-01 1.285360946425559078e-02
1.429999999999999938e+00 1.835539234745001691e-01 1.047377042555620516e-02
1.419999999999999929e+00 1.327008245055000257e-01 7.709171950402474507e-03
1.409999999999999920e+00 9.761767372450001756e-02 4.867583953245908403e-03
1.399999999999999911e+00 8.023349463400006321e-02 2.738386832508385351e-03
1.389999999999999902e+00 7.055370343799995114e-02 1.654363423657891378e-03
1.379999999999999893e+00 6.402605841499997563e-02 1.157065718609550861e-03
1.370000000000000107e+00 5.925275264550002030e-02 6.757152649021086217e-04
1.360000000000000098e+00 5.684308657499997225e-02 5.903523315486791786e-04
1.350000000000000089e+00 5.374531125350000965e-02 5.351946862271701527e-04
1.340000000000000080e+00 5.107027901300000700e-02 4.486705807341294849e-04
1.330000000000000071e+00 4.884650206450004417e-02 4.144714139656304071e-04
1.320000000000000062e+00 4.682769599949997835e-02 3.895063418120758435e-04
1.310000000000000053e+00 4.484498570950003205e-02 3.355238835531235207e-04
1.300000000000000044e+00 4.331820112199996631e-02 3.318124517986182796e-04
1.290000000000000036e+00 4.175553217150006213e-02 2.724936280253540603e-04
1.280000000000000027e+00 4.037460934200003126e-02 2.611965306760185884e-04
1.270000000000000018e+00 3.898756927600002115e-02 2.586431208555743243e-04
1.260000000000000009e+00 3.796638510349997775e-02 2.366910614873804822e-04
1.250000000000000000e+00 3.645553140600001074e-02 2.095301310034049637e-04
1.239999999999999991e+00 3.551721165499999860e-02 2.175612054478319099e-04
1.229999999999999982e+00 3.442978783150001110e-02 1.744953623037051734e-04
1.219999999999999973e+00 3.360279847999999431e-02 1.910891842173854320e-04
1.209999999999999964e+00 3.263056126500001736e-02 1.861735134647556392e-04
1.199999999999999956e+00 3.171533190149998516e-02 1.667946320080096500e-04
1.189999999999999947e+00 3.096728795449995436e-02 1.585237669928294779e-04
1.179999999999999938e+00 3.012501665299998146e-02 1.614937735206189973e-04
1.169999999999999929e+00 2.944228754100003745e-02 1.435609573812638264e-04
1.159999999999999920e+00 2.871831566349998532e-02 1.478104867794666525e-04
1.149999999999999911e+00 2.819220576999999922e-02 1.329962784642910395e-04
1.139999999999999902e+00 2.742169553000002938e-02 1.344883154522353685e-04
1.129999999999999893e+00 2.674197103600000486e-02 1.275342866316317078e-04
1.120000000000000107e+00 2.626976031050006627e-02 1.175974286700855724e-04
1.110000000000000098e+00 2.581250397349995826e-02 1.187656545783677924e-04
1.100000000000000089e+00 2.498183231950001221e-02 1.092330862616779655e-04
1.090000000000000080e+00 2.457066945250000259e-02 1.062524778428363699e-04
1.080000000000000071e+00 2.415216572249997279e-02 1.035260147548080502e-04
