1.120000000000000107e+00 1.376494915800001717e-01 1.659048471750269264e-03
1.129999999999999893e+00 1.386372940199999682e-01 1.651300420660591723e-03
1.139999999999999902e+00 1.407896336500001067e-01 1.680119111506557126e-03
1.149999999999999911e+00 1.412956433600002781e-01 1.625928816601606873e-03
1.159999999999999920e+00 1.435212648699998594e-01 1.666489435033950434e-03
1.169999999999999929e+00 1.446906041600000692e-01 1.744306422004376694e-03
1.179999999999999938e+00 1.459317219900002072e-01 1.791417817078065590e-03
1.189999999999999947e+00 1.474536738899999977e-01 1.855356879335556906e-03
1.199999999999999956e+00 1.493851853099998628e-01 1.949161974463614003e-03
1.209999999999999964e+00 1.502297624300000523e-01 1.969050736348000336e-03
1.219999999999999973e+00 1.534465873799999158e-01 2.060879238894106156e-03
1.229999999999999982e+00 1.534855145300000612e-01 1.954116991690154140e-03
1.239999999999999991e+00 1.539221315899999276e-01 2.072154881912637199e-03
1.250000000000000000e+00 1.558023016200000832e-01 1.998634071103358879e-03
1.260000000000000009e+00 1.584319693999998724e-01 2.203017540153693731e-03
1.270000000000000018e+00 1.606529150899999314e-01 2.287520688663032334e-03
1.280000000000000027e+00 1.601515461699999088e-01 2.127649804083329554e-03
1.290000000000000036e+00 1.621249370999999495e-01 2.318261787496445070e-03
1.300000000000000044e+00 1.647156441500000623e-01 2.473168691092277570e-03
1.310000000000000053e+00 1.663963713800001853e-01 2.463534253389769533e-03
1.320000000000000062e+00 1.681295189000000523e-01 2.453606963269261768e-03
1.330000000000000071e+00 1.698874003399999111e-01 2.486465679487547594e-03
1.340000000000000080e+00 1.710744002799998165e-01 2.507344355587064894e-03
1.350000000000000089e+00 1.726691275099999923e-01 2.739315412457373790e-03
1.360000000000000098e+00 1.742566035700001403e-01 2.592395290379183748e-03
1.370000000000000107e+00 1.752945325300003243e-01 2.728592866703624838e-03
1.379999999999999893e+00 1.783063533299998893e-01 2.820884195143006420e-03
1.389999999999999902e+00 1.797949980199996800e-01 2.861922534528225318e-03
1.399999999999999911e+00 1.827498230000000612e-01 2.984991321671035935e-03
1.409999999999999920e+00 1.838842005700001836e-01 3.064173504364688366e-03
1.419999999999999929e+00 1.858439765100000640e-01 3.065670110967373685e-03
1.429999999999999938e+00 1.870666230399999630e-01 3.174254090710375894e-03
1.439999999999999947e+00 1.892539264400001087e-01 3.366129793017364272e-03
1.449999999999999956e+00 1.909844643500000494e-01 3.246154415621562567e-03
1.459999999999999964e+00 1.929655874499999479e-01 3.485114479070062360e-03
1.469999999999999973e+00 1.955186712699997775e-01 3.451328310330632320e-03
1.479999999999999982e+00 1.972299685200001595e-01 3.557387888816292663e-03
1.489999999999999991e+00 1.989027919000000699e-01 3.802623578316054534e-03
1.500000000000000000e+00 2.004197114499998711e-01 3.766275770042871399e-03
1.510000000000000009e+00 2.043880534600000243e-01 3.936475478365845243e-03
1.520000000000000018e+00 2.072163013200000459e-01 4.022866884355044866e-03
1.530000000000000027e+00 2.073682609900001084e-01 4.120520561870223003e-03
1.540000000000000036e+00 2.091589707999999548e-01 4.152648040711393561e-03
1.550000000000000044e+00 2.126518467899996268e-01 4.453654870430126013e-03
1.560000000000000053e+00 2.144614651399999739e-01 4.531725689768965372e-03
1.570000000000000062e+00 2.175528821200001517e-01 4.528657269276146688e-03
1.580000000000000071e+00 2.197744198300005669e-01 4.748207002239829798e-03
1.590000000000000080e+00 2.238176049299999415e-01 5.021934737259352993e-03
1.600000000000000089e+00 2.255999489800002422e-01 5.035906407709173430e-03
1.610000000000000098e+00 2.265317673600000803e-01 5.193414810012874847e-03
1.620000000000000107e+00 2.302041245199998587e-01 5.477226439114689024e-03
1.629999999999999893e+00 2.311534159299997171e-01 5.477160822971652646e-03
1.639999999999999902e+00 2.351750635400001177e-01 5.684921111722106291e-03
1.649999999999999911e+00 2.373240868700000616e-01 5.841829883411013384e-03
1.659999999999999920e+00 2.412538477600002229e-01 5.969646868012943100e-03
1.669999999999999929e+00 2.425534794200001898e-01 6.179651480609575989e-03
1.679999999999999938e+00 2.472464445400001376e-01 6.159313422980168713e-03
1.689999999999999947e+00 2.484246790699998764e-01 6.389740402541142436e-03
1.699999999999999956e+00 2.502307577999994814e-01 6.434021350607949628e-03
1.709999999999999964e+00 2.543379990099999821e-01 6.694820239739743446e-03
1.719999999999999973e+00 2.597323852000001376e-01 6.836600394164418955e-03
1.729999999999999982e+00 2.610624921400002130e-01 7.050556489533940652e-03
1.739999999999999991e+00 2.630139347699998464e-01 7.038541979717397208e-03
1.750000000000000000e+00 2.677727466100000564e-01 7.438109702391678714e-03
1.760000000000000009e+00 2.688462692199998227e-01 7.505919957864271193e-03
1.770000000000000018e+00 2.714141079699999293e-01 7.790487686316320201e-03
1.780000000000000027e+00 2.755520580900001071e-01 7.758825484442928057e-03
1.790000000000000036e+00 2.789123314600002734e-01 8.219699643379641679e-03
1.800000000000000044e+00 2.830346506300001619e-01 8.332544342026864184e-03
1.810000000000000053e+00 2.839180568200000421e-01 8.510866889296725413e-03
1.820000000000000062e+00 2.881585127300000937e-01 8.545673822602998029e-03
1.830000000000000071e+00 2.909159229100001798e-01 8.824242787847387526e-03
1.840000000000000080e+00 2.960475259600001685e-01 9.028955718369775091e-03
1.850000000000000089e+00 2.992524511699999890e-01 9.257983202011989612e-03
1.860000000000000098e+00 3.010750174900001519e-01 9.470543598856228165e-03
1.870000000000000107e+00 3.055954248799995776e-01 9.474718138150468524e-03
1.879999999999999893e+00 3.078500913600000222e-01 9.794186721392872386e-03
1.889999999999999902e+00 3.111645188999996869e-01 9.930125594029779942e-03
1.899999999999999911e+00 3.165483067799994554e-01 9.993166220293213733e-03
1.909999999999999920e+00 3.176408180200001041e-01 1.028271243473390800e-02
1.919999999999999929e+00 3.227171002600002225e-01 1.056916123740476998e-02
1.929999999999999938e+00 3.241207766000001045e-01 1.053551488925180517e-02
1.939999999999999947e+00 3.260960459599999695e-01 1.065285641874218030e-02
1.949999999999999956e+00 3.300140701700001733e-01 1.078912702149593950e-02
1.959999999999999964e+00 3.344167606699999795e-01 1.088052585493963845e-02
1.969999999999999973e+00 3.374393369199996662e-01 1.106991219290615058e-02
1.979999999999999982e+00 3.394928082299997762e-01 1.110890194104216348e-02
1.989999999999999991e+00 3.436476790100003731e-01 1.139951412248981638e-02
2.000000000000000000e+00 3.462438878899997130e-01 1.132227012954662403e-02
2.009999999999999787e+00 3.509559378300000088e-01 1.148190296372669783e-02
2.020000000000000018e+00 3.530031514900002221e-01 1.156160863131254143e-02
2.029999999999999805e+00 3.562200551700002160e-01 1.176855230001913784e-02
2.040000000000000036e+00 3.585812188099999909e-01 1.168673728252686214e-02
2.049999999999999822e+00 3.626060260399999180e-01 1.174166275129090789e-02
2.060000000000000053e+00 3.649126293799994092e-01 1.175696328567602846e-02
2.069999999999999840e+00 3.696530151599999869e-01 1.183378343706756146e-02
2.080000000000000071e+00 3.729543672100003593e-01 1.188669136069698748e-02
2.089999999999999858e+00 3.758936457499996719e-01 1.187012747780319746e-02
2.100000000000000089e+00 3.785216149500002514e-01 1.205249435154216904e-02
2.109999999999999876e+00 3.820771107300001690e-01 1.211806844157687670e-02
2.120000000000000107e+00 3.851489123500000389e-01 1.214395040766356668e-02
2.129999999999999893e+00 3.883793069700002265e-01 1.222526624213451756e-02
2.140000000000000124e+00 3.945247174099995036e-01 1.220246224472231432e-02
2.149999999999999911e+00 3.958324649899989112e-01 1.227461077927902502e-02
2.160000000000000142e+00 4.009505310699998382e-01 1.228591892362575905e-02
2.169999999999999929e+00 4.041143149599997209e-01 1.235753610710740857e-02
2.180000000000000160e+00 4.087921398799996830e-01 1.255810684281693720e-02
2.189999999999999947e+00 4.096269876800004428e-01 1.254891823218846902e-02
2.200000000000000178e+00 4.145976060800002916e-01 1.261321354336180159e-02
2.209999999999999964e+00 4.187369083299996575e-01 1.260123236845722694e-02
2.220000000000000195e+00 4.196363799299998587e-01 1.266176487235244098e-02
2.229999999999999982e+00 4.249178137500000951e-01 1.262599692231868194e-02
2.240000000000000213e+00 4.281704784100006655e-01 1.276325389252653576e-02
2.250000000000000000e+00 4.312704478199996805e-01 1.280733540119879249e-02
2.259999999999999787e+00 4.339275613800003262e-01 1.292288284574992681e-02
2.270000000000000018e+00 4.373962690699999545e-01 1.288927140654195017e-02
2.279999999999999805e+00 4.418210629099993403e-01 1.292002102357673113e-02
2.290000000000000036e+00 4.422139338299998501e-01 1.300784509066645230e-02
2.299999999999999822e+00 4.478092039100000088e-01 1.314506750058901802e-02
2.310000000000000053e+00 4.506794422399994504e-01 1.307462642154622913e-02
2.319999999999999840e+00 4.550427880700002037e-01 1.313233813392416377e-02
2.330000000000000071e+00 4.557111125399995188e-01 1.328705995439578499e-02
2.339999999999999858e+00 4.589065713799991841e-01 1.335349378848533185e-02
2.350000000000000089e+00 4.622856624499996903e-01 1.333662368210052247e-02
2.359999999999999876e+00 4.661762225499999079e-01 1.338250803710211434e-02
2.370000000000000107e+00 4.698020265400001394e-01 1.345840905158646877e-02
2.379999999999999893e+00 4.735723955899993620e-01 1.345087294455432972e-02
2.390000000000000124e+00 4.775553251599998217e-01 1.339414914572079930e-02
2.399999999999999911e+00 4.810256991900000445e-01 1.329068848096646646e-02
2.410000000000000142e+00 4.833191980599998439e-01 1.336705996145046149e-02
2.419999999999999929e+00 4.854838067000001312e-01 1.346242024448203629e-02
2.430000000000000160e+00 4.876363638399997535e-01 1.345315820871994562e-02
2.439999999999999947e+00 4.911272747099997282e-01 1.362672786121239474e-02
2.450000000000000178e+00 4.947098326300000681e-01 1.347264989587122416e-02
2.459999999999999964e+00 4.975878820299999283e-01 1.352116826513070046e-02
2.470000000000000195e+00 5.015845317300005046e-01 1.349632139037567138e-02
2.479999999999999982e+00 5.030299330999994378e-01 1.334564942836454979e-02
2.490000000000000213e+00 5.070333410999996460e-01 1.342540989739362742e-02
2.500000000000000000e+00 5.101217556199997283e-01 1.333810043160122208e-02
2.509999999999999787e+00 5.119044112800003044e-01 1.327192123665567325e-02
2.520000000000000018e+00 5.156923468000005339e-01 1.345641679602806694e-02
2.529999999999999805e+00 5.189549908899991904e-01 1.327650867377922796e-02
2.540000000000000036e+00 5.219699833700001124e-01 1.326652618653124775e-02
2.549999999999999822e+00 5.244165622500007728e-01 1.342315331421505692e-02
2.560000000000000053e+00 5.281028482000003077e-01 1.339967647960568081e-02
2.569999999999999840e+00 5.311125513199992376e-01 1.338703699879151103e-02
2.580000000000000071e+00 5.345215733500003896e-01 1.352379909883533356e-02
2.589999999999999858e+00 5.377419558499998420e-01 1.357963513909359217e-02
2.600000000000000089e+00 5.418245808700006272e-01 1.360653992966845763e-02
2.609999999999999876e+00 5.452629740300000138e-01 1.348881771200616600e-02
2.620000000000000107e+00 5.481442600299998302e-01 1.357156996359344843e-02
2.629999999999999893e+00 5.523513223899997326e-01 1.360435265854061451e-02
2.640000000000000124e+00 5.544803075299998829e-01 1.357680597010412805e-02
2.649999999999999911e+00 5.589827748099996940e-01 1.352448355332444216e-02
2.660000000000000142e+00 5.605468561899999980e-01 1.355576772682238681e-02
2.669999999999999929e+00 5.637530792599990681e-01 1.356681486456795017e-02
2.680000000000000160e+00 5.679227465899996385e-01 1.336068249283201004e-02
2.689999999999999947e+00 5.713879575299999347e-01 1.339319322117752016e-02
2.700000000000000178e+00 5.731779159999995654e-01 1.343100812837961892e-02
2.709999999999999964e+00 5.772699974599996287e-01 1.327861382884218747e-02
2.720000000000000195e+00 5.807869026700001047e-01 1.328147699068481583e-02
2.729999999999999982e+00 5.829666982300008016e-01 1.337163108172277279e-02
2.740000000000000213e+00 5.859722715999998721e-01 1.329021356043993095e-02
2.750000000000000000e+00 5.879806824599995707e-01 1.315185722516178275e-02
2.759999999999999787e+00 5.909247767400002127e-01 1.316854729727813707e-02
2.770000000000000018e+00 5.951878312399997428e-01 1.300196831101474090e-02
2.779999999999999805e+00 5.975164211199999187e-01 1.322411248639207733e-02
2.790000000000000036e+00 6.016368165199997842e-01 1.296331131973794439e-02
2.799999999999999822e+00 6.054932138899995486e-01 1.287832680100376402e-02
2.810000000000000053e+00 6.094848356499998898e-01 1.264383105889428822e-02
2.819999999999999840e+00 6.122200402600002089e-01 1.260386473371182675e-02
2.830000000000000071e+00 6.153046309899995459e-01 1.252575379541759695e-02
2.839999999999999858e+00 6.170246417899999392e-01 1.252806961242218520e-02
2.850000000000000089e+00 6.195303797700012494e-01 1.246599090996578993e-02
2.859999999999999876e+00 6.219032779099998853e-01 1.234411204504508135e-02
2.870000000000000107e+00 6.241957817199998981e-01 1.234844830927859897e-02
2.879999999999999893e+00 6.268888813699999840e-01 1.226951420602588605e-02
2.890000000000000124e+00 6.301931749899994939e-01 1.214127432213577863e-02
2.899999999999999911e+00 6.331533968699996073e-01 1.223093513169713070e-02
2.910000000000000142e+00 6.362258457399997402e-01 1.211639397912086386e-02
2.919999999999999929e+00 6.393526186099990349e-01 1.200534185635681803e-02
2.930000000000000160e+00 6.413774443000008763e-01 1.199257617140293310e-02
2.939999999999999947e+00 6.439751222799996455e-01 1.183883934604940125e-02
2.950000000000000178e+00 6.454504941999993362e-01 1.180034021042701727e-02
2.959999999999999964e+00 6.498266756699997426e-01 1.163996893151811492e-02
2.970000000000000195e+00 6.507225204999999013e-01 1.175428090948170239e-02
2.979999999999999982e+00 6.505938670399997736e-01 1.178190792209509070e-02
2.990000000000000213e+00 6.550569786400014527e-01 1.155246795100985796e-02
3.000000000000000000e+00 6.558205857200001265e-01 1.136817501334565737e-02
3.009999999999999787e+00 6.594159951499991568e-01 1.139806683622959782e-02
3.020000000000000018e+00 6.621208788299989267e-01 1.118566508345398246e-02
3.029999999999999805e+00 6.631628876700006447e-01 1.123404525313741881e-02
3.040000000000000036e+00 6.645663326000000870e-01 1.118115489810508033e-02
3.049999999999999822e+00 6.678477152300000830e-01 1.115235608969658218e-02
3.060000000000000053e+00 6.716799619600006821e-01 1.116859017484997212e-02
3.069999999999999840e+00 6.743697760100001437e-01 1.106545355794177898e-02
3.080000000000000071e+00 6.751108844300004463e-01 1.106223351684468975e-02
3.089999999999999858e+00 6.775812770700007093e-01 1.103455617896693247e-02
3.100000000000000089e+00 6.781251261599998692e-01 1.110004570911937369e-02
3.109999999999999876e+00 6.814617449800000060e-01 1.090455788453607161e-02
3.120000000000000107e+00 6.826764232899986684e-01 1.081810091483138489e-02
3.129999999999999893e+00 6.853388691799998655e-01 1.078855382710024180e-02
3.140000000000000124e+00 6.856442613599994518e-01 1.091527275821974757e-02
3.149999999999999911e+00 6.896160886800007939e-01 1.056785599817692926e-02
3.160000000000000142e+00 6.908531118999993170e-01 1.047233908803519783e-02
3.169999999999999929e+00 6.938587362300000505e-01 1.044402284475632464e-02
3.180000000000000160e+00 6.954974853600004447e-01 1.044161924667408835e-02
3.189999999999999947e+00 6.973861335099994507e-01 1.033485949175764335e-02
3.200000000000000178e+00 6.987324924699996886e-01 1.035753123651956750e-02
3.209999999999999964e+00 7.009242551700011203e-01 1.021787353831834534e-02
3.220000000000000195e+00 7.021198817300008388e-01 1.013547759768662973e-02
3.229999999999999982e+00 7.021367320600011563e-01 1.024692133092825440e-02
3.240000000000000213e+00 7.042712674300009024e-01 1.026977521781132809e-02
3.250000000000000000e+00 7.074226440599998833e-01 1.020176984130513956e-02
3.259999999999999787e+00 7.089640373799995787e-01 1.025955174093227257e-02
3.270000000000000018e+00 7.084704458300011831e-01 1.045971444560983218e-02
3.279999999999999805e+00 7.131145006800011510e-01 1.020317032302246567e-02
3.290000000000000036e+00 7.156992886899997686e-01 1.010850701542525751e-02
3.299999999999999822e+00 7.165739462000005888e-01 1.012977317159615732e-02
3.310000000000000053e+00 7.193703518399998664e-01 1.001913166015013998e-02
3.319999999999999840e+00 7.205382451699995361e-01 1.002497252028295045e-02
3.330000000000000071e+00 7.216984411099995889e-01 9.913678322145466973e-03
3.339999999999999858e+00 7.229224569600005701e-01 9.995791777669406700e-03
3.350000000000000089e+00 7.240454564499998469e-01 9.947259538934619116e-03
3.359999999999999876e+00 7.247180165500005655e-01 9.923025975359258885e-03
3.370000000000000107e+00 7.271175398700011616e-01 9.920303409431792396e-03
3.379999999999999893e+00 7.291795634800004589e-01 9.808951144904872604e-03
3.390000000000000124e+00 7.311741506699998006e-01 9.796528052535681194e-03
3.399999999999999911e+00 7.350533558699995362e-01 9.484745550625251279e-03
3.410000000000000142e+00 7.360923134500008125e-01 9.482751453750864340e-03
3.419999999999999929e+00 7.378886680100006368e-01 9.455261198578722437e-03
3.430000000000000160e+00 7.386475125799997210e-01 9.482788454251250138e-03
3.439999999999999947e+00 7.405367328899983281e-01 9.510041896313152499e-03
3.450000000000000178e+00 7.409008121000001390e-01 9.926330591736079109e-03
3.459999999999999964e+00 7.421022488400020878e-01 9.930617139314834932e-03
3.470000000000000195e+00 7.441988731299996607e-01 9.566173740367982931e-03
3.479999999999999982e+00 7.462122237199994013e-01 9.329455376437497879e-03
3.490000000000000213e+00 7.507369119099998045e-01 9.064736865145125999e-03
3.500000000000000000e+00 7.528265380000010998e-01 8.948876220323642716e-03
3.509999999999999787e+00 7.537828297399993271e-01 8.944699813798745805e-03
3.520000000000000018e+00 7.557415124999994349e-01 8.816306760908269868e-03
3.529999999999999805e+00 7.574869217799999888e-01 8.670866068513166658e-03
3.540000000000000036e+00 7.600100627099990458e-01 8.594962891856516851e-03
