7.500000000000000000e-01 1.064536284979999692e-01 9.513367309767342206e-04
7.600000000000000089e-01 1.075406346520000056e-01 8.066399327290998478e-04
7.700000000000000178e-01 1.082397167959998768e-01 8.769969897247420531e-04
7.800000000000000266e-01 1.093026020730000630e-01 9.428361415058258933e-04
7.900000000000000355e-01 1.102156759049998103e-01 9.655702455121989089e-04
8.000000000000000444e-01 1.122784616359999987e-01 1.051704518103640162e-03
8.100000000000000533e-01 1.124780306960000004e-01 9.956658109338291634e-04
8.199999999999999512e-01 1.133104947109999650e-01 9.735428528606450459e-04
8.299999999999999600e-01 1.144023790459999523e-01 9.818910619243102246e-04
8.399999999999999689e-01 1.157298089430000287e-01 9.882384037590327252e-04
8.499999999999999778e-01 1.174030978759998678e-01 1.113002971465934477e-03
8.599999999999999867e-01 1.183394224879998763e-01 1.107787186815891367e-03
8.699999999999999956e-01 1.193173741459998549e-01 1.067618919297756838e-03
8.800000000000000044e-01 1.207749409069998198e-01 1.095283468592755374e-03
8.900000000000000133e-01 1.223185621550000046e-01 1.191037986252460167e-03
9.000000000000000222e-01 1.242109772650000499e-01 1.297903731148715564e-03
9.100000000000000311e-01 1.254633564429998849e-01 1.212238795280677931e-03
9.200000000000000400e-01 1.259655833400000757e-01 1.226656730945292154e-03
9.300000000000000488e-01 1.278313799799999928e-01 1.257962060647145348e-03
9.399999999999999467e-01 1.292391051000001123e-01 1.214723744324853289e-03
9.499999999999999556e-01 1.297975480399997106e-01 1.378605690225367508e-03
9.599999999999999645e-01 1.312974641799997955e-01 1.378491675021910464e-03
9.699999999999999734e-01 1.331773987500000089e-01 1.437228053703012119e-03
9.799999999999999822e-01 1.345566042600001011e-01 1.520810368207572115e-03
9.899999999999999911e-01 1.364707045300001809e-01 1.524994099554281921e-03
1.000000000000000000e+00 1.375743902600000679e-01 1.484379677718920343e-03
1.010000000000000009e+00 1.393186580500000438e-01 1.535202536822714370e-03
1.020000000000000018e+00 1.406598017500000353e-01 1.664059090903997722e-03
1.030000000000000027e+00 1.434826612000000279e-01 1.624996063588391576e-03
1.040000000000000036e+00 1.448909280200001426e-01 1.762967264731161738e-03
1.050000000000000044e+00 1.454406365400000289e-01 1.648005572832332045e-03
1.060000000000000053e+00 1.479206441699999208e-01 1.866994109861492808e-03
1.070000000000000062e+00 1.480281978799999898e-01 1.780843996870613453e-03
1.080000000000000071e+00 1.503348098799999477e-01 1.862347113827760026e-03
1.090000000000000080e+00 1.528363585300000771e-01 2.065535465329058126e-03
1.100000000000000089e+00 1.543334841800001744e-01 1.952552469310857080e-03
1.110000000000000098e+00 1.558668391399997688e-01 2.060185326164339428e-03
1.120000000000000107e+00 1.573747330600000494e-01 2.132603927671998523e-03
1.129999999999999893e+00 1.600892896600001059e-01 2.381471693344448283e-03
1.139999999999999902e+00 1.617223402099998431e-01 2.472127727856442397e-03
1.149999999999999911e+00 1.640876577999998698e-01 2.446800102450047421e-03
1.159999999999999920e+00 1.671812418500003838e-01 2.677219393279165957e-03
1.169999999999999929e+00 1.691707371100002466e-01 2.654033071407881864e-03
1.179999999999999938e+00 1.706401503200000447e-01 2.812173620902968640e-03
1.189999999999999947e+00 1.725003363499998388e-01 3.000724425556898934e-03
1.199999999999999956e+00 1.763839475200000839e-01 3.020436522326314620e-03
1.209999999999999964e+00 1.770048345999998274e-01 3.033921483226660696e-03
1.219999999999999973e+00 1.790356329499997734e-01 3.492410535389564325e-03
1.229999999999999982e+00 1.831544610499997727e-01 3.452918697349703289e-03
1.239999999999999991e+00 1.847570490699999846e-01 3.314387749896632006e-03
1.250000000000000000e+00 1.859759627600001963e-01 3.562434190627745533e-03
1.260000000000000009e+00 1.890578134899997542e-01 3.657064521620547771e-03
1.270000000000000018e+00 1.907353747500002139e-01 3.830210471143579137e-03
1.280000000000000027e+00 1.929935595900002521e-01 3.782313176198150943e-03
1.290000000000000036e+00 1.959938474600000369e-01 3.950817848101847128e-03
1.300000000000000044e+00 2.000205270599999807e-01 4.184828539697237233e-03
1.310000000000000053e+00 2.028997182699999180e-01 4.264642649039205972e-03
1.320000000000000062e+00 2.047427898500002175e-01 4.338912575629688337e-03
1.330000000000000071e+00 2.068400443300000002e-01 4.510074149143466875e-03
1.340000000000000080e+00 2.101483855300000647e-01 4.487575290001382874e-03
1.350000000000000089e+00 2.132419069500000874e-01 4.617567409500767002e-03
1.360000000000000098e+00 2.156402309699996245e-01 4.718556186315321296e-03
1.370000000000000107e+00 2.183547268799999330e-01 4.830442313862497519e-03
1.379999999999999893e+00 2.229229782900001011e-01 5.083727275910376701e-03
1.389999999999999902e+00 2.244468304899996103e-01 5.038756062502134682e-03
1.399999999999999911e+00 2.275101163799998771e-01 5.239477119746102120e-03
1.409999999999999920e+00 2.307573310700003488e-01 5.368118589242320583e-03
1.419999999999999929e+00 2.338847605700004328e-01 5.519549015472763158e-03
1.429999999999999938e+00 2.356894873399999757e-01 5.722262916743748283e-03
1.439999999999999947e+00 2.403140102299999581e-01 5.772237127317362756e-03
1.449999999999999956e+00 2.433442911099996386e-01 5.907434911321008709e-03
1.459999999999999964e+00 2.465429713699999192e-01 6.118866466273950588e-03
1.469999999999999973e+00 2.517555375300000731e-01 6.338481716874103458e-03
1.479999999999999982e+00 2.539144867200001654e-01 6.572270212273162437e-03
1.489999999999999991e+00 2.572492261999994589e-01 6.754371191161115048e-03
1.500000000000000000e+00 2.613562601299997956e-01 6.679930735298265573e-03
1.510000000000000009e+00 2.648844852599999689e-01 6.856065767734125134e-03
1.520000000000000018e+00 2.681753842599999826e-01 7.015505480206993966e-03
1.530000000000000027e+00 2.732934343899999785e-01 7.287044316175127212e-03
1.540000000000000036e+00 2.776706610499997674e-01 7.405429281442424752e-03
1.550000000000000044e+00 2.813847679000006097e-01 7.545535432762606048e-03
1.560000000000000053e+00 2.877694001099997956e-01 7.646423533574651758e-03
1.570000000000000062e+00 2.891506437699999932e-01 7.979998981456308885e-03
1.580000000000000071e+00 2.925782038100002147e-01 8.053093516769496002e-03
1.590000000000000080e+00 2.997526688799999617e-01 8.330849295868351934e-03
1.600000000000000089e+00 3.019568692200003679e-01 8.560276177374910242e-03
1.610000000000000098e+00 3.094404770099999924e-01 8.663777679626859241e-03
1.620000000000000107e+00 3.122655879899999265e-01 8.917514266773162238e-03
1.629999999999999893e+00 3.187615254499999717e-01 9.205423102905414129e-03
1.639999999999999902e+00 3.213802452100002482e-01 9.211626822410480531e-03
1.649999999999999911e+00 3.287593764400002505e-01 9.836924792587417934e-03
1.659999999999999920e+00 3.342805107500001482e-01 1.005835256397977391e-02
1.669999999999999929e+00 3.377174476800001712e-01 1.021361013840207596e-02
1.679999999999999938e+00 3.455370063899997346e-01 1.049670209653484794e-02
1.689999999999999947e+00 3.508519520399998037e-01 1.061893303627403293e-02
1.699999999999999956e+00 3.549192882200007948e-01 1.071810025051216260e-02
1.709999999999999964e+00 3.604157522100005506e-01 1.085216920292120940e-02
1.719999999999999973e+00 3.655658606099997932e-01 1.089447805356410365e-02
1.729999999999999982e+00 3.698643556799996457e-01 1.122610551030716990e-02
1.739999999999999991e+00 3.744832371900002066e-01 1.154801831124861559e-02
1.750000000000000000e+00 3.793391660300001189e-01 1.162275397261472790e-02
1.760000000000000009e+00 3.822713611699997127e-01 1.154344720349332123e-02
1.770000000000000018e+00 3.887363146200000230e-01 1.162717035946545831e-02
1.780000000000000027e+00 3.912651211499998949e-01 1.166310928066922013e-02
1.790000000000000036e+00 3.965459774500001422e-01 1.192199373931351197e-02
1.800000000000000044e+00 4.034454297999992001e-01 1.188365611162974303e-02
1.810000000000000053e+00 4.086150897899996082e-01 1.200743547606998411e-02
1.820000000000000062e+00 4.124780984299997733e-01 1.207391314466678238e-02
1.830000000000000071e+00 4.194085021400000279e-01 1.226014579280130384e-02
1.840000000000000080e+00 4.240063827100007399e-01 1.230546374418001881e-02
1.850000000000000089e+00 4.271930698400004944e-01 1.254895631165485470e-02
1.860000000000000098e+00 4.311971510699998955e-01 1.264546951879022725e-02
1.870000000000000107e+00 4.376859248500002408e-01 1.266370280829051849e-02
1.879999999999999893e+00 4.425819731199994722e-01 1.260422128726349823e-02
1.889999999999999902e+00 4.456187650900000352e-01 1.281477106889165711e-02
1.899999999999999911e+00 4.512081218399998095e-01 1.294261143686797032e-02
1.909999999999999920e+00 4.555623678200009241e-01 1.296786828197313626e-02
1.919999999999999929e+00 4.613348513000004592e-01 1.300025867016780905e-02
1.929999999999999938e+00 4.661315158600004005e-01 1.327372259875939792e-02
1.939999999999999947e+00 4.683296686000005260e-01 1.338147115725636140e-02
1.949999999999999956e+00 4.733107109999999951e-01 1.338294759763807538e-02
1.959999999999999964e+00 4.776985929799996144e-01 1.353385846704802803e-02
1.969999999999999973e+00 4.841641760199997258e-01 1.357249894372447585e-02
1.979999999999999982e+00 4.856824444300006371e-01 1.381377778072731197e-02
1.989999999999999991e+00 4.907439524499996875e-01 1.379159675427136210e-02
2.000000000000000000e+00 4.932756598900001066e-01 1.378566678940541627e-02
2.009999999999999787e+00 4.996629894900000424e-01 1.381223991427585514e-02
2.020000000000000018e+00 5.031717420300004795e-01 1.394670974207477994e-02
2.029999999999999805e+00 5.090352480799997803e-01 1.411178405079815783e-02
2.040000000000000036e+00 5.136186994700003838e-01 1.387951165029576231e-02
2.049999999999999822e+00 5.152145010399996616e-01 1.427647354619736991e-02
2.060000000000000053e+00 5.180167443999994514e-01 1.411291746057105265e-02
2.069999999999999840e+00 5.259635918199997429e-01 1.405019202762458619e-02
2.080000000000000071e+00 5.291664109200000521e-01 1.428224414689140305e-02
2.089999999999999858e+00 5.323932476799995150e-01 1.431082825498852448e-02
2.100000000000000089e+00 5.386320195699997315e-01 1.420406254621946890e-02
2.109999999999999876e+00 5.433106854800003882e-01 1.450072611695430932e-02
2.120000000000000107e+00 5.469299576899999682e-01 1.438929893100641261e-02
2.129999999999999893e+00 5.518837915199998889e-01 1.432657730898715537e-02
2.140000000000000124e+00 5.545587392000007609e-01 1.453352455560000776e-02
2.149999999999999911e+00 5.575949170899998641e-01 1.449365499387367424e-02
2.160000000000000142e+00 5.626786423199994225e-01 1.446963015361400588e-02
2.169999999999999929e+00 5.671233119699997660e-01 1.445905831655446006e-02
2.180000000000000160e+00 5.707650402800000800e-01 1.432480156100557865e-02
2.189999999999999947e+00 5.733827556900003009e-01 1.457201184528192014e-02
2.200000000000000178e+00 5.777389651299994489e-01 1.442904094261503872e-02
2.209999999999999964e+00 5.802466212199995921e-01 1.450745192402242041e-02
2.220000000000000195e+00 5.849534840400003599e-01 1.427631947467997674e-02
2.229999999999999982e+00 5.900366381799997395e-01 1.417744222760944015e-02
2.240000000000000213e+00 5.928966102800002913e-01 1.419793662389885053e-02
2.250000000000000000e+00 5.958970516799994011e-01 1.433579757262232017e-02
2.259999999999999787e+00 5.980375662699993766e-01 1.428539219429572106e-02
2.270000000000000018e+00 6.014475270000001483e-01 1.386085578692463315e-02
2.279999999999999805e+00 6.049771289399997753e-01 1.371754010401748762e-02
2.290000000000000036e+00 6.101248451099989811e-01 1.368411072328976075e-02
2.299999999999999822e+00 6.130682553000003088e-01 1.366232217193296891e-02
2.310000000000000053e+00 6.170371988700001920e-01 1.357590275740333877e-02
2.319999999999999840e+00 6.216333604700008397e-01 1.335718310012826669e-02
2.330000000000000071e+00 6.242431327400003171e-01 1.331373595326362791e-02
2.339999999999999858e+00 6.291122968799999216e-01 1.331281772488258387e-02
2.350000000000000089e+00 6.319169281499992241e-01 1.308938671778880902e-02
2.359999999999999876e+00 6.330217972599991860e-01 1.337967613635006672e-02
2.370000000000000107e+00 6.347434224000002567e-01 1.334846678542208308e-02
2.379999999999999893e+00 6.381918643999999752e-01 1.313135525633335639e-02
2.390000000000000124e+00 6.430520549700000643e-01 1.294054853188708436e-02
2.399999999999999911e+00 6.466870874700001437e-01 1.286339277723875900e-02
2.410000000000000142e+00 6.484707894300011377e-01 1.280594186565348416e-02
2.419999999999999929e+00 6.517862151700000162e-01 1.265558375446928542e-02
2.430000000000000160e+00 6.535862803299991031e-01 1.278535140933150828e-02
2.439999999999999947e+00 6.571873560900005629e-01 1.244110283308090883e-02
2.450000000000000178e+00 6.593987411899996376e-01 1.258866823274712443e-02
2.459999999999999964e+00 6.608882550500000397e-01 1.236758827219171936e-02
2.470000000000000195e+00 6.610711334499996816e-01 1.255734582478356710e-02
2.479999999999999982e+00 6.663248638199994467e-01 1.231445695768036523e-02
2.490000000000000213e+00 6.708234593699990977e-01 1.209647112838172292e-02
2.500000000000000000e+00 6.721926618500001505e-01 1.205877887262212476e-02
2.509999999999999787e+00 6.752755770100000721e-01 1.207933979914278463e-02
2.520000000000000018e+00 6.779938875499995632e-01 1.201737696054251160e-02
2.529999999999999805e+00 6.802380372299993150e-01 1.193420763339517535e-02
2.540000000000000036e+00 6.825718091999987136e-01 1.201669585270755472e-02
2.549999999999999822e+00 6.846196564199993340e-01 1.193370327204562077e-02
2.560000000000000053e+00 6.871933256999999129e-01 1.169503332710124938e-02
2.569999999999999840e+00 6.900344662499994230e-01 1.180563154868062743e-02
2.580000000000000071e+00 6.943584764700003742e-01 1.139514180990355494e-02
2.589999999999999858e+00 6.959765327000007051e-01 1.146604804064692458e-02
2.600000000000000089e+00 6.984630110300000805e-01 1.128175759442187100e-02
2.609999999999999876e+00 7.012038387100000270e-01 1.131382567231534013e-02
2.620000000000000107e+00 7.032039863499998100e-01 1.124931598334243110e-02
2.629999999999999893e+00 7.046903101599995001e-01 1.128850392674458913e-02
2.640000000000000124e+00 7.068818315500003946e-01 1.118908476037411802e-02
2.649999999999999911e+00 7.089880208700004571e-01 1.124208481432937244e-02
2.660000000000000142e+00 7.115664005799998693e-01 1.113651373332411043e-02
2.669999999999999929e+00 7.147772792299997846e-01 1.090744017110292091e-02
2.680000000000000160e+00 7.174133487600006243e-01 1.067412168588635461e-02
2.689999999999999947e+00 7.214588799899998017e-01 1.053959377879313923e-02
2.700000000000000178e+00 7.256983567500006060e-01 1.013913700533644602e-02
2.709999999999999964e+00 7.252675165599993257e-01 1.037701175348747229e-02
2.720000000000000195e+00 7.281716648500002886e-01 1.008724643639679307e-02
2.729999999999999982e+00 7.277005714300004424e-01 1.053964509628745050e-02
2.740000000000000213e+00 7.307965351699990952e-01 1.038547184706058168e-02
2.750000000000000000e+00 7.354945239100002530e-01 9.727835303928030961e-03
2.759999999999999787e+00 7.359906286600000902e-01 9.888446428202983876e-03
2.770000000000000018e+00 7.388186970499996953e-01 9.756872262996893128e-03
2.779999999999999805e+00 7.384376352399996124e-01 9.800749283903431239e-03
2.790000000000000036e+00 7.402501720400002094e-01 1.000211061348086836e-02
2.799999999999999822e+00 7.427682052399994239e-01 9.711141915868078817e-03
2.810000000000000053e+00 7.441415956200000403e-01 9.661374608773637754e-03
2.819999999999999840e+00 7.462639086400010280e-01 9.540258589200142914e-03
2.830000000000000071e+00 7.488068565099997853e-01 9.271279322398446807e-03
2.839999999999999858e+00 7.512359235499997956e-01 9.068736434746321393e-03
2.850000000000000089e+00 7.528465681899995099e-01 8.993354098517290091e-03
2.859999999999999876e+00 7.537878350999990262e-01 8.870345047879014955e-03
2.870000000000000107e+00 7.546765977299993988e-01 9.007621430831556572e-03
2.879999999999999893e+00 7.577210198599999558e-01 8.956503319552977169e-03
2.890000000000000124e+00 7.586834664999992928e-01 8.874965926103395644e-03
2.899999999999999911e+00 7.593067468300002121e-01 8.998137201307305696e-03
2.910000000000000142e+00 7.624168083399994744e-01 8.872727398140092467e-03
2.919999999999999929e+00 7.654810397000005873e-01 8.723424708151133675e-03
2.930000000000000160e+00 7.668874682900003181e-01 8.616647714209292250e-03
2.939999999999999947e+00 7.691570850500004664e-01 8.480575143070117131e-03
2.950000000000000178e+00 7.706524242800005808e-01 8.368803408146508957e-03
2.959999999999999964e+00 7.732384420599988095e-01 8.201487671072357766e-03
2.970000000000000195e+00 7.753391592700007440e-01 8.293226872857436399e-03
2.979999999999999982e+00 7.762941131600010758e-01 8.372801856365243503e-03
2.990000000000000213e+00 7.772302961800002796e-01 8.341633562310298358e-03
3.000000000000000000e+00 7.778290591900000051e-01 8.335427447124647490e-03
3.009999999999999787e+00 7.794664758200008370e-01 8.121233204157338875e-03
3.020000000000000018e+00 7.811793278399985496e-01 8.225050951929085280e-03
3.029999999999999805e+00 7.835625963299999164e-01 8.080779103290738549e-03
3.040000000000000036e+00 7.849664959699996780e-01 7.912027263514281872e-03
3.049999999999999822e+00 7.873130372300004565e-01 7.646480104138422482e-03
3.060000000000000053e+00 7.870567505500006833e-01 7.968398701758033428e-03
3.069999999999999840e+00 7.893376695300012846e-01 7.761624435537615475e-03
3.080000000000000071e+00 7.909554072899998012e-01 7.688962561483925900e-03
3.089999999999999858e+00 7.937886972399994523e-01 6.908613052035338792e-03
3.100000000000000089e+00 7.950444397699990562e-01 6.872491508676481682e-03
3.109999999999999876e+00 7.960692782299990666e-01 6.895953446575159469e-03
3.120000000000000107e+00 7.973712025600008246e-01 6.974426962031611207e-03
3.129999999999999893e+00 7.991357400000007605e-01 6.703888560291275910e-03
3.140000000000000124e+00 8.003160944900002960e-01 6.691095397854379852e-03
3.149999999999999911e+00 7.993919529400002055e-01 7.084047303840664001e-03
3.160000000000000142e+00 8.006503227599999217e-01 6.895360560055748857e-03
3.169999999999999929e+00 8.026053470999993111e-01 6.806543421513104770e-03
