1.159999999999999920e+00 4.187190403850006570e-02 1.944930527661026948e-04
1.169999999999999929e+00 4.276369659250006672e-02 2.016205233366552725e-04
1.179999999999999938e+00 4.304619132049992969e-02 2.106154941973692137e-04
1.189999999999999947e+00 4.398097105599997614e-02 2.195269885393692842e-04
1.199999999999999956e+00 4.449851100050000036e-02 2.540235412870352986e-04
1.209999999999999964e+00 4.502921147650001260e-02 2.293535809048462097e-04
1.219999999999999973e+00 4.547330713699999916e-02 2.337288443864918210e-04
1.229999999999999982e+00 4.611477030250003134e-02 2.566290201209073534e-04
1.239999999999999991e+00 4.671986595700002715e-02 2.592316870417019168e-04
1.250000000000000000e+00 4.734724539500000801e-02 2.443922452715377946e-04
1.260000000000000009e+00 4.795842851649997907e-02 2.716470465588639925e-04
1.270000000000000018e+00 4.911197470000003978e-02 2.907653628800911682e-04
1.280000000000000027e+00 4.968826617749998870e-02 2.913177430518127092e-04
1.290000000000000036e+00 5.038480677800005053e-02 3.265801379653922917e-04
1.300000000000000044e+00 5.096527666199999335e-02 3.073902619716372504e-04
1.310000000000000053e+00 5.169064788850005754e-02 2.797258846649435513e-04
1.320000000000000062e+00 5.275589353750002181e-02 3.384005984166928117e-04
1.330000000000000071e+00 5.328920965799998494e-02 3.349951041355632778e-04
1.340000000000000080e+00 5.392051755849995576e-02 3.324976295261443870e-04
1.350000000000000089e+00 5.522501074049998571e-02 3.496726007070601939e-04
1.360000000000000098e+00 5.561229191100003355e-02 3.490427102607356795e-04
1.370000000000000107e+00 5.656451152749996519e-02 3.811823746548131790e-04
1.379999999999999893e+00 5.747222422950007403e-02 4.049036428890426969e-04
1.389999999999999902e+00 5.815497973399997439e-02 3.955229906302319101e-04
1.399999999999999911e+00 5.929078294699997864e-02 4.285443954471264286e-04
1.409999999999999920e+00 6.005049916749998634e-02 4.153516746745925621e-04
1.419999999999999929e+00 6.097283856200001739e-02 4.362431781346279291e-04
1.429999999999999938e+00 6.220898079049996116e-02 4.701556840720009091e-04
1.439999999999999947e+00 6.306195112999996022e-02 4.691315216318728601e-04
1.449999999999999956e+00 6.438210884050003802e-02 5.060156872882227118e-04
1.459999999999999964e+00 6.558271475299999598e-02 5.289338763833954186e-04
1.469999999999999973e+00 6.665605428700005497e-02 5.604559889788125401e-04
1.479999999999999982e+00 6.765166159250002309e-02 5.715736348243416649e-04
1.489999999999999991e+00 6.908883281050003100e-02 6.069546890119373924e-04
1.500000000000000000e+00 7.087531056300000465e-02 6.208021883860037875e-04
1.510000000000000009e+00 7.167264020649997958e-02 7.056889563959671931e-04
1.520000000000000018e+00 7.306171160399990705e-02 6.891714839561435303e-04
1.530000000000000027e+00 7.386358181450006222e-02 6.985407544341462214e-04
1.540000000000000036e+00 7.588067125450008443e-02 7.780150570446323207e-04
1.550000000000000044e+00 7.726142134000001105e-02 7.546583375059592261e-04
1.560000000000000053e+00 7.890480006099998000e-02 8.462056845102451912e-04
1.570000000000000062e+00 8.084652080000000185e-02 8.988493179912048327e-04
1.580000000000000071e+00 8.205173901899993905e-02 9.115129140310430835e-04
1.590000000000000080e+00 8.369292635999997509e-02 1.005318183227740109e-03
1.600000000000000089e+00 8.519935795850003268e-02 1.039584094056754003e-03
1.610000000000000098e+00 8.701950789950002596e-02 1.059960631481747734e-03
1.620000000000000107e+00 8.943813691850008296e-02 1.172919201399570763e-03
1.629999999999999893e+00 9.125083114550006091e-02 1.226071267669677891e-03
1.639999999999999902e+00 9.349639696149995849e-02 1.297469198257786369e-03
1.649999999999999911e+00 9.554786656550003088e-02 1.396581713576205324e-03
1.659999999999999920e+00 9.821314477600004422e-02 1.498433166232099453e-03
1.669999999999999929e+00 9.928053592249994064e-02 1.499148619466582040e-03
1.679999999999999938e+00 1.016572416265001111e-01 1.549474052419425258e-03
1.689999999999999947e+00 1.058179038370000019e-01 1.751656941009260837e-03
1.699999999999999956e+00 1.070402880510000349e-01 1.772150921243245648e-03
1.709999999999999964e+00 1.108722499914999993e-01 1.930115644661073914e-03
1.719999999999999973e+00 1.145666717199999712e-01 1.989193753868853838e-03
1.729999999999999982e+00 1.157743670369999894e-01 2.222035024863453986e-03
1.739999999999999991e+00 1.187341564699999907e-01 2.147464634897882068e-03
1.750000000000000000e+00 1.218933969930000166e-01 2.446644000312260189e-03
1.760000000000000009e+00 1.255476027229999181e-01 2.545977408379780996e-03
1.770000000000000018e+00 1.287470707439999917e-01 2.612282244308184419e-03
1.780000000000000027e+00 1.338851474540001807e-01 2.843125901987599360e-03
1.790000000000000036e+00 1.384966609170001917e-01 2.914262842697253053e-03
1.800000000000000044e+00 1.428259902944999937e-01 3.060763221660004786e-03
1.810000000000000053e+00 1.468497058279999989e-01 3.180650748149703791e-03
1.820000000000000062e+00 1.510763199304999138e-01 3.413647073530136095e-03
1.830000000000000071e+00 1.565372347579997714e-01 3.420658655859044623e-03
1.840000000000000080e+00 1.607005288890000494e-01 3.618721422740561831e-03
1.850000000000000089e+00 1.638203267135000529e-01 3.708225535875325773e-03
1.860000000000000098e+00 1.716382252424999699e-01 3.808083877045610917e-03
1.870000000000000107e+00 1.777121281575001488e-01 4.038398681362049582e-03
1.879999999999999893e+00 1.824983427384999357e-01 4.146836416086369451e-03
1.889999999999999902e+00 1.896773656204999436e-01 4.331115830223691843e-03
1.899999999999999911e+00 1.957672477909997155e-01 4.623358002985532983e-03
1.909999999999999920e+00 2.016376121164999424e-01 4.678043694900431253e-03
1.919999999999999929e+00 2.090984924874998430e-01 4.817790897783007405e-03
1.929999999999999938e+00 2.141882736010000399e-01 4.981861929012103112e-03
1.939999999999999947e+00 2.218835904899998934e-01 5.118999067425812274e-03
1.949999999999999956e+00 2.289661916100001193e-01 5.346488297048316435e-03
1.959999999999999964e+00 2.357501685990001927e-01 5.408880302963911361e-03
1.969999999999999973e+00 2.444731500940000024e-01 5.590018725113913775e-03
1.979999999999999982e+00 2.506288971600000859e-01 5.737775227395957613e-03
1.989999999999999991e+00 2.572889426199997942e-01 5.845832410717355550e-03
2.000000000000000000e+00 2.654773133649996897e-01 5.950440706078562354e-03
2.009999999999999787e+00 2.718426447150000258e-01 6.104445104763164300e-03
2.020000000000000018e+00 2.801988887399997630e-01 6.054262985414916691e-03
2.029999999999999805e+00 2.884225591900002605e-01 6.028816822237628020e-03
2.040000000000000036e+00 2.967309950950006714e-01 6.212457877454805218e-03
2.049999999999999822e+00 3.033490628450000171e-01 6.288015422994943857e-03
2.060000000000000053e+00 3.122129945499995118e-01 6.178591190497741484e-03
2.069999999999999840e+00 3.200016783600001524e-01 6.283679914531865515e-03
2.080000000000000071e+00 3.286360408499999775e-01 6.412468575833384608e-03
2.089999999999999858e+00 3.362544546900000930e-01 6.411887578801287076e-03
2.100000000000000089e+00 3.450778259900000866e-01 6.397817953289150830e-03
2.109999999999999876e+00 3.519036647449999555e-01 6.463256162679416501e-03
2.120000000000000107e+00 3.604320597100002521e-01 6.440790692019211956e-03
2.129999999999999893e+00 3.710848923450004166e-01 6.262684867214438414e-03
2.140000000000000124e+00 3.780541821499998068e-01 6.270002021037024767e-03
2.149999999999999911e+00 3.853900831700003415e-01 6.242179030483550189e-03
2.160000000000000142e+00 3.944712627449997178e-01 6.075663324133812916e-03
2.169999999999999929e+00 4.018983632549996132e-01 6.084286593535844119e-03
2.180000000000000160e+00 4.100440053049998479e-01 6.073787286313755453e-03
2.189999999999999947e+00 4.186660974550001635e-01 5.904072428648060415e-03
2.200000000000000178e+00 4.258323401249998197e-01 5.768175755506664559e-03
2.209999999999999964e+00 4.331175116700002325e-01 5.656742198153960448e-03
2.220000000000000195e+00 4.415668692150001573e-01 5.562549147821677607e-03
2.229999999999999982e+00 4.476686161150001397e-01 5.648870443061746426e-03
2.240000000000000213e+00 4.551655999950005027e-01 5.488472667060742896e-03
2.250000000000000000e+00 4.631739770199993500e-01 5.354819411138091699e-03
2.259999999999999787e+00 4.698361393250000684e-01 5.189077203922977735e-03
2.270000000000000018e+00 4.763646223200004859e-01 5.072413744123444729e-03
2.279999999999999805e+00 4.826577816849997316e-01 5.120501806656014947e-03
2.290000000000000036e+00 4.893516861500000203e-01 4.907240934878920151e-03
2.299999999999999822e+00 4.964848841999993101e-01 4.875608557134610173e-03
2.310000000000000053e+00 5.012220067499999487e-01 4.798247390341779141e-03
2.319999999999999840e+00 5.077696546550004575e-01 4.718122039060862125e-03
2.330000000000000071e+00 5.146920023050004511e-01 4.666075836162139091e-03
2.339999999999999858e+00 5.187179063850001492e-01 4.578685114612654310e-03
2.350000000000000089e+00 5.257755925899996186e-01 4.508637367472024399e-03
2.359999999999999876e+00 5.306546523349997546e-01 4.454148050595730518e-03
