1.600000000000000089e+00 2.965162468199999263e-02 2.184652261551970438e-04
1.610000000000000098e+00 3.017956853000001299e-02 2.206591610251553163e-04
1.620000000000000107e+00 3.120449990200000259e-02 2.474093674229985228e-04
1.629999999999999893e+00 3.156137070700001240e-02 2.349086841692717002e-04
1.639999999999999902e+00 3.261006875550001571e-02 2.499405968071146148e-04
1.649999999999999911e+00 3.306024267650002624e-02 2.607291850384622716e-04
1.659999999999999920e+00 3.416676190199999935e-02 2.857143909395890870e-04
1.669999999999999929e+00 3.497983234550003373e-02 3.019571679321144449e-04
1.679999999999999938e+00 3.612484018499999283e-02 3.222393786569188517e-04
1.689999999999999947e+00 3.729948924949997441e-02 3.404861999265159679e-04
1.699999999999999956e+00 3.793211823299998814e-02 3.545526809622560958e-04
1.709999999999999964e+00 3.886543556200004051e-02 3.875466809386684131e-04
1.719999999999999973e+00 4.005625887349999886e-02 3.732530087335662644e-04
1.729999999999999982e+00 4.134738905250003038e-02 4.193411972369480152e-04
1.739999999999999991e+00 4.268926323150009500e-02 4.833014513126228525e-04
1.750000000000000000e+00 4.416677235550003217e-02 4.856509047435661041e-04
1.760000000000000009e+00 4.610763400950001339e-02 5.509163751441265196e-04
1.770000000000000018e+00 4.775790793450000737e-02 5.882467693421240297e-04
1.780000000000000027e+00 4.960270030350003023e-02 6.387212432081144269e-04
1.790000000000000036e+00 5.199370699799997497e-02 7.486017566535881984e-04
1.800000000000000044e+00 5.405055585850000038e-02 7.660599833676690106e-04
1.810000000000000053e+00 5.670210666850003522e-02 9.261570621392793343e-04
1.820000000000000062e+00 5.968421947799993493e-02 1.024071534078157012e-03
1.830000000000000071e+00 6.279808627349998951e-02 1.133826041429253795e-03
1.840000000000000080e+00 6.605304225899995274e-02 1.238090927922931919e-03
1.850000000000000089e+00 7.012997200850003277e-02 1.354307715568389171e-03
1.860000000000000098e+00 7.592969646050008736e-02 1.605735062259857487e-03
1.870000000000000107e+00 8.073752126550012842e-02 1.851492130855562001e-03
1.879999999999999893e+00 8.481205664000002198e-02 1.977040256344251602e-03
1.889999999999999902e+00 9.148360812349998206e-02 2.180022421804809606e-03
1.899999999999999911e+00 9.846484400799992986e-02 2.451346339315313341e-03
1.909999999999999920e+00 1.057288545989999440e-01 2.689483963010780385e-03
1.919999999999999929e+00 1.161118837549998672e-01 2.897643926877078221e-03
1.929999999999999938e+00 1.253626102555000232e-01 3.029512225885557485e-03
1.939999999999999947e+00 1.338802411275000215e-01 3.303578778621533724e-03
1.949999999999999956e+00 1.447778930354998161e-01 3.491121622877684134e-03
1.959999999999999964e+00 1.564370830295001291e-01 3.653443825418286380e-03
1.969999999999999973e+00 1.686628717934997579e-01 3.837484564827525410e-03
1.979999999999999982e+00 1.820974650244996940e-01 3.853640378389740738e-03
1.989999999999999991e+00 1.942859022070000663e-01 3.861168360217577013e-03
2.000000000000000000e+00 2.076215529090001954e-01 3.795978545999392599e-03
2.009999999999999787e+00 2.199836094194999037e-01 3.891961326348565998e-03
2.020000000000000018e+00 2.330755897544997679e-01 3.663510723184681874e-03
2.029999999999999805e+00 2.478830352624998012e-01 3.706900231140610076e-03
2.040000000000000036e+00 2.587968840504998869e-01 3.716220497567451330e-03
2.049999999999999822e+00 2.717632875820002458e-01 3.505462725120856143e-03
2.060000000000000053e+00 2.830965071229997188e-01 3.521345868494547490e-03
2.069999999999999840e+00 2.964043081440000393e-01 3.434409026218174579e-03
2.080000000000000071e+00 3.078240899579999801e-01 3.183483344195749565e-03
2.089999999999999858e+00 3.200345421899992715e-01 3.099378313162700488e-03
2.100000000000000089e+00 3.305379176600001800e-01 2.960229159204616056e-03
2.109999999999999876e+00 3.418863076849997795e-01 2.815451639333925275e-03
2.120000000000000107e+00 3.522476039549998217e-01 2.739742467284388139e-03
2.129999999999999893e+00 3.619892017050002075e-01 2.722547194235596432e-03
2.140000000000000124e+00 3.719196779700003064e-01 2.552217595304091900e-03
