1.709999999999999964e+00 4.779676002549999858e-02 3.744357865310078064e-04
1.719999999999999973e+00 4.826215061050004307e-02 3.532004791140406163e-04
1.729999999999999982e+00 4.909872371350004761e-02 3.677466570443961168e-04
1.739999999999999991e+00 4.992780238500003909e-02 4.066745585721559119e-04
1.750000000000000000e+00 4.987202070999998543e-02 3.942820559512504996e-04
1.760000000000000009e+00 5.112299080000001078e-02 4.071429622817185952e-04
1.770000000000000018e+00 5.166068766749992019e-02 4.107903652294134060e-04
1.780000000000000027e+00 5.222577474600002129e-02 4.363511985765975722e-04
1.790000000000000036e+00 5.328436580249993476e-02 4.652334986096479910e-04
1.800000000000000044e+00 5.392772213350006949e-02 4.372264170486936255e-04
1.810000000000000053e+00 5.418941575899998558e-02 4.486272251503046495e-04
1.820000000000000062e+00 5.545102423499993771e-02 4.777232107832627447e-04
1.830000000000000071e+00 5.704412230650001553e-02 5.056318244715271668e-04
1.840000000000000080e+00 5.770501890999994721e-02 5.527461033265125036e-04
1.850000000000000089e+00 5.878956623550000288e-02 5.458850600530579808e-04
1.860000000000000098e+00 5.961086499399996519e-02 6.041451759794428744e-04
1.870000000000000107e+00 6.021326657599997134e-02 6.269531666692121493e-04
1.879999999999999893e+00 6.161356952849992435e-02 6.244320444323028492e-04
1.889999999999999902e+00 6.268754518799997399e-02 7.198639300572320238e-04
1.899999999999999911e+00 6.361761650850002170e-02 7.637222738190576959e-04
1.909999999999999920e+00 6.513521667600001563e-02 8.032670548280883369e-04
1.919999999999999929e+00 6.605510149800002118e-02 8.362940321595927103e-04
1.929999999999999938e+00 6.725757974899997105e-02 8.619803291007334650e-04
1.939999999999999947e+00 6.890333246550010837e-02 9.823037383849227751e-04
1.949999999999999956e+00 6.971728308650000649e-02 8.653609860305413104e-04
1.959999999999999964e+00 7.129117581650004642e-02 9.664691484509900727e-04
1.969999999999999973e+00 7.254431369349997882e-02 1.022916759089822266e-03
1.979999999999999982e+00 7.402805649499998031e-02 1.082837171729667718e-03
1.989999999999999991e+00 7.517462160399994431e-02 1.121834402020834530e-03
2.000000000000000000e+00 7.757160998050002809e-02 1.294568364783779202e-03
2.009999999999999787e+00 7.941951256349999433e-02 1.349529723927750781e-03
2.020000000000000018e+00 8.095922564049994052e-02 1.382035566654920243e-03
2.029999999999999805e+00 8.297910860699997393e-02 1.614052424269223421e-03
2.040000000000000036e+00 8.510181906349995051e-02 1.634108028126360834e-03
2.049999999999999822e+00 8.637372491099995497e-02 1.701286556285563391e-03
2.060000000000000053e+00 8.862530894699993667e-02 1.789249125877341671e-03
2.069999999999999840e+00 9.033214156050010935e-02 1.885396575009787518e-03
2.080000000000000071e+00 9.353414244199986793e-02 2.035103957128129703e-03
2.089999999999999858e+00 9.685414240799991581e-02 2.138948301785949854e-03
2.100000000000000089e+00 9.833186957049996901e-02 2.184081881730793456e-03
2.109999999999999876e+00 1.008281676759999190e-01 2.278171872381277302e-03
2.120000000000000107e+00 1.035498866554999259e-01 2.300951301828262768e-03
2.129999999999999893e+00 1.064825041274998496e-01 2.560743105736378727e-03
2.140000000000000124e+00 1.100441167984999163e-01 2.713332784567691353e-03
2.149999999999999911e+00 1.131804473684999007e-01 2.859256410085356422e-03
2.160000000000000142e+00 1.170208603394998492e-01 2.965591544339393065e-03
2.169999999999999929e+00 1.199257025155000683e-01 3.102153951165648269e-03
2.180000000000000160e+00 1.251310285949999712e-01 3.208823586020436575e-03
2.189999999999999947e+00 1.283695714414999911e-01 3.307873947644263211e-03
2.200000000000000178e+00 1.321357247064999518e-01 3.483931460660765183e-03
2.209999999999999964e+00 1.346417244429998494e-01 3.593165168816201630e-03
2.220000000000000195e+00 1.395200083980001060e-01 3.713290873633306056e-03
2.229999999999999982e+00 1.429139327384998936e-01 3.807326194183205306e-03
2.240000000000000213e+00 1.485641453664998946e-01 3.865992130017905683e-03
2.250000000000000000e+00 1.527245580930001456e-01 4.076218585296626645e-03
2.259999999999999787e+00 1.576507254129999036e-01 4.134669828022612820e-03
2.270000000000000018e+00 1.625027342515001083e-01 4.261131121852162508e-03
2.279999999999999805e+00 1.690264138584997300e-01 4.383376671598256634e-03
2.290000000000000036e+00 1.735517932055001544e-01 4.467486345979439222e-03
2.299999999999999822e+00 1.807635730099999838e-01 4.614315664902270304e-03
2.310000000000000053e+00 1.851789368485000087e-01 4.793981164389356404e-03
2.319999999999999840e+00 1.925228514380003253e-01 4.931285586281289671e-03
2.330000000000000071e+00 1.994234089185003556e-01 4.989347802133172263e-03
2.339999999999999858e+00 2.055819224834999348e-01 5.086094788611608512e-03
2.350000000000000089e+00 2.104744544514999816e-01 5.207504452033166059e-03
2.359999999999999876e+00 2.195107098780000321e-01 5.307335322777798244e-03
2.370000000000000107e+00 2.262683567199999801e-01 5.368125889426370728e-03
2.379999999999999893e+00 2.334483398094997775e-01 5.354227071667477106e-03
2.390000000000000124e+00 2.413959285234998919e-01 5.596946064616580528e-03
2.399999999999999911e+00 2.458016895500001187e-01 5.688526419709107919e-03
2.410000000000000142e+00 2.572604667329999595e-01 5.656195027491872640e-03
2.419999999999999929e+00 2.644705949955001856e-01 5.659981866722606572e-03
2.430000000000000160e+00 2.701476204780001167e-01 5.813732309593458783e-03
2.439999999999999947e+00 2.791507154249996958e-01 5.787412285654268927e-03
2.450000000000000178e+00 2.867537832309998147e-01 5.806735401049182947e-03
2.459999999999999964e+00 2.953854894699995959e-01 5.710413757949547864e-03
2.470000000000000195e+00 3.002815735099996219e-01 5.800887506230017338e-03
2.479999999999999982e+00 3.099460650700002207e-01 5.731852620481822994e-03
2.490000000000000213e+00 3.171546228299999548e-01 5.688660961981946255e-03
2.500000000000000000e+00 3.248413453800002570e-01 5.449158397606719204e-03
2.509999999999999787e+00 3.315258025999998637e-01 5.516766264696849713e-03
2.520000000000000018e+00 3.393185791650006333e-01 5.432837283256101990e-03
2.529999999999999805e+00 3.446492793599995053e-01 5.498746379233168842e-03
2.540000000000000036e+00 3.520028448600003301e-01 5.493165982279502903e-03
2.549999999999999822e+00 3.603080096650000952e-01 5.280960240567959124e-03
2.560000000000000053e+00 3.673789902150002007e-01 5.248323878239079601e-03
2.569999999999999840e+00 3.727110689099998320e-01 5.207193217049389464e-03
2.580000000000000071e+00 3.798376206349998174e-01 5.086502312016067187e-03
2.589999999999999858e+00 3.867078744549999336e-01 4.820913664182453415e-03
2.600000000000000089e+00 3.931116177699999215e-01 4.885691701696402538e-03
2.609999999999999876e+00 4.004641147700002124e-01 4.724946185319585032e-03
2.620000000000000107e+00 4.077001570449997891e-01 4.569981467741386291e-03
2.629999999999999893e+00 4.129409692750001248e-01 4.666754032022499624e-03
2.640000000000000124e+00 4.192742854000000019e-01 4.506880911638712871e-03
