3.099999999999999978e-01 1.065110098030000174e-01 6.015267600349095880e-04
3.200000000000000067e-01 1.068500238080000442e-01 6.535081412389211848e-04
3.300000000000000155e-01 1.080513620209999776e-01 6.667247347576103810e-04
3.400000000000000244e-01 1.088269262729999187e-01 6.934301038599364727e-04
3.499999999999999778e-01 1.094232144729999912e-01 7.559564412925527492e-04
3.599999999999999867e-01 1.100233919960000167e-01 7.287988663458518394e-04
3.699999999999999956e-01 1.108497357729998634e-01 7.435234434106838784e-04
3.800000000000000044e-01 1.115914744359999683e-01 7.269434846021653306e-04
3.900000000000000133e-01 1.127637196100000211e-01 8.001228641699495827e-04
4.000000000000000222e-01 1.136630205910000718e-01 8.244518179536444030e-04
4.099999999999999756e-01 1.145692833100001029e-01 8.272829367142445125e-04
4.199999999999999845e-01 1.157215648199999697e-01 8.149037331957439869e-04
4.299999999999999933e-01 1.162655742950001181e-01 8.426475972369333817e-04
4.400000000000000022e-01 1.169237597519999505e-01 8.204511727171199392e-04
4.500000000000000111e-01 1.183053147499998764e-01 8.293477542828109339e-04
4.600000000000000200e-01 1.187464590139999665e-01 8.746725601633117356e-04
4.699999999999999734e-01 1.197513290199998803e-01 8.337381932769030463e-04
4.799999999999999822e-01 1.207059975399999568e-01 9.013697301808814254e-04
4.899999999999999911e-01 1.214862653699998463e-01 8.814166350738234911e-04
5.000000000000000000e-01 1.224371825000001857e-01 8.517817663577610188e-04
5.100000000000000089e-01 1.234394704299999201e-01 9.021379863684477612e-04
5.200000000000000178e-01 1.241824960999999977e-01 9.381948562350916681e-04
5.300000000000000266e-01 1.253271715600000891e-01 8.957925295469767622e-04
5.400000000000000355e-01 1.257919920800000535e-01 8.844479934543779094e-04
5.500000000000000444e-01 1.273738405799998696e-01 8.878005279450239652e-04
5.600000000000000533e-01 1.275959644499999324e-01 9.300237573612302449e-04
5.699999999999999512e-01 1.291044698699998217e-01 9.306246959056511513e-04
5.799999999999999600e-01 1.294733991299999165e-01 9.482205544206180831e-04
5.899999999999999689e-01 1.313173139700000436e-01 9.864901320682001491e-04
5.999999999999999778e-01 1.322711284500000528e-01 9.966805840082846625e-04
6.099999999999999867e-01 1.341212985999999940e-01 9.859823816650251527e-04
6.199999999999999956e-01 1.349020315599999686e-01 1.025111599588632858e-03
6.300000000000000044e-01 1.362821652199999178e-01 1.067680097383645740e-03
6.400000000000000133e-01 1.383132995600000748e-01 1.144781808086156897e-03
6.500000000000000222e-01 1.387330924100000917e-01 1.143835975310922466e-03
6.600000000000000311e-01 1.407072345400000313e-01 1.121450904378519737e-03
6.700000000000000400e-01 1.422312725699999836e-01 1.205100730884393770e-03
6.800000000000000488e-01 1.433836516499998881e-01 1.273948409437828918e-03
6.899999999999999467e-01 1.441648499400001449e-01 1.264791050072141881e-03
6.999999999999999556e-01 1.453562878999998531e-01 1.249793101043521551e-03
7.099999999999999645e-01 1.473666805100001254e-01 1.283142694345427862e-03
7.199999999999999734e-01 1.484875016999998576e-01 1.317424482462094129e-03
7.299999999999999822e-01 1.496403656200001042e-01 1.384428403729718758e-03
7.399999999999999911e-01 1.514085745900001501e-01 1.393071678211223142e-03
7.500000000000000000e-01 1.519655832200000334e-01 1.425571977966677735e-03
7.600000000000000089e-01 1.541276734100001378e-01 1.357922259764482399e-03
7.700000000000000178e-01 1.548776697299997507e-01 1.531280161329602119e-03
7.800000000000000266e-01 1.563966704500000249e-01 1.464440352581321573e-03
7.900000000000000355e-01 1.582594901500000151e-01 1.535177180751746452e-03
8.000000000000000444e-01 1.594431620900000068e-01 1.572650620397529229e-03
8.100000000000000533e-01 1.623651940400001603e-01 1.761227684947201579e-03
8.199999999999999512e-01 1.633998902100000927e-01 1.738008249521980422e-03
8.299999999999999600e-01 1.656868956400000537e-01 1.856262485414600025e-03
8.399999999999999689e-01 1.664480234800000402e-01 1.761648867407264712e-03
8.499999999999999778e-01 1.684191047000002661e-01 1.856748303704546616e-03
8.599999999999999867e-01 1.709369843900000185e-01 1.959128333091334547e-03
8.699999999999999956e-01 1.718954305699997021e-01 2.024360071992968232e-03
8.800000000000000044e-01 1.756524344200001975e-01 2.184624997339144458e-03
8.900000000000000133e-01 1.779124514000001711e-01 2.226088653421834200e-03
9.000000000000000222e-01 1.798135646300002832e-01 2.258053488440797240e-03
9.100000000000000311e-01 1.820667890800002353e-01 2.473903418775185055e-03
9.200000000000000400e-01 1.849637485500001122e-01 2.546517645797725070e-03
9.300000000000000488e-01 1.864402049300002140e-01 2.557249629982185496e-03
9.399999999999999467e-01 1.891882245899999260e-01 2.593041677246288486e-03
9.499999999999999556e-01 1.911122918100001122e-01 2.761438662811332035e-03
9.599999999999999645e-01 1.928333558700002504e-01 2.729331917949783665e-03
9.699999999999999734e-01 1.954267339600002373e-01 2.800277672105342622e-03
9.799999999999999822e-01 1.980640448999995695e-01 2.909242700010160766e-03
9.899999999999999911e-01 2.004506272199997607e-01 3.061065970239820744e-03
1.000000000000000000e+00 2.027544945799999720e-01 3.156402330765650105e-03
1.010000000000000009e+00 2.058990664899999212e-01 3.465803496222831428e-03
1.020000000000000018e+00 2.069631480299999882e-01 3.450159511780758782e-03
1.030000000000000027e+00 2.088769207799998362e-01 3.358772945335453900e-03
1.040000000000000036e+00 2.123495234299999923e-01 3.497956720561616866e-03
1.050000000000000044e+00 2.153170662999999430e-01 3.665450003811638290e-03
1.060000000000000053e+00 2.169075460400000099e-01 3.635462318511820112e-03
1.070000000000000062e+00 2.181347347000001380e-01 3.789634677432631316e-03
1.080000000000000071e+00 2.221232233100001174e-01 3.722757046853332561e-03
1.090000000000000080e+00 2.251739621200003483e-01 3.804544254447820868e-03
1.100000000000000089e+00 2.259854820000002651e-01 3.827234344219255201e-03
1.110000000000000098e+00 2.291945198300000541e-01 4.004877438268825314e-03
1.120000000000000107e+00 2.307143354100004429e-01 3.968732831248389555e-03
1.129999999999999893e+00 2.338834631100000228e-01 4.035905159909015938e-03
1.139999999999999902e+00 2.357068104999999469e-01 3.993232607449703590e-03
1.149999999999999911e+00 2.393894743300001293e-01 4.266115395009163411e-03
1.159999999999999920e+00 2.412347618400000893e-01 4.247063609841229305e-03
1.169999999999999929e+00 2.450720299199999619e-01 4.554698866840972520e-03
1.179999999999999938e+00 2.489093923899998451e-01 4.466639327115365724e-03
1.189999999999999947e+00 2.504243999899998241e-01 4.554879812246860442e-03
1.199999999999999956e+00 2.522293589899999300e-01 4.717397707447328926e-03
1.209999999999999964e+00 2.572285739899999868e-01 4.811629679517113144e-03
1.219999999999999973e+00 2.602331838299999922e-01 4.944336758859030866e-03
1.229999999999999982e+00 2.624963736900002287e-01 5.199574346952364617e-03
1.239999999999999991e+00 2.654764128200002848e-01 5.141825224082906785e-03
1.250000000000000000e+00 2.695378179799998719e-01 5.235448381996440741e-03
1.260000000000000009e+00 2.745179739199997138e-01 5.442324744466252653e-03
1.270000000000000018e+00 2.774026950399998692e-01 5.683733725819977746e-03
1.280000000000000027e+00 2.813612419499997852e-01 5.648481035257076240e-03
1.290000000000000036e+00 2.845079688700001830e-01 5.941653130214634947e-03
1.300000000000000044e+00 2.878094774000001244e-01 5.972405040026683432e-03
1.310000000000000053e+00 2.928420441500000360e-01 6.183376926357952129e-03
1.320000000000000062e+00 2.977117954700001512e-01 6.240884976961825169e-03
1.330000000000000071e+00 3.019720267199999530e-01 6.608870320491695011e-03
1.340000000000000080e+00 3.050126543100001308e-01 6.753591880649332732e-03
1.350000000000000089e+00 3.086491482400001707e-01 6.774439167536653109e-03
1.360000000000000098e+00 3.117924491799998754e-01 7.089041263924112518e-03
1.370000000000000107e+00 3.187236055499996779e-01 7.292312174829358035e-03
1.379999999999999893e+00 3.229562693099997106e-01 7.633039118181437176e-03
1.389999999999999902e+00 3.267133066199996994e-01 7.622580711346907921e-03
1.399999999999999911e+00 3.305537561700002680e-01 7.874459156077543570e-03
1.409999999999999920e+00 3.364011951899999464e-01 8.148828522001525659e-03
1.419999999999999929e+00 3.420356132599994825e-01 8.392526846978883709e-03
1.429999999999999938e+00 3.438703900500003630e-01 8.720522472397863531e-03
1.439999999999999947e+00 3.501989050699997885e-01 8.980285158442024435e-03
1.449999999999999956e+00 3.550680574599996975e-01 9.073166348733596384e-03
1.459999999999999964e+00 3.608572943100001873e-01 9.212661020067491532e-03
1.469999999999999973e+00 3.658545316800003167e-01 9.413483072448892638e-03
1.479999999999999982e+00 3.696321258399998810e-01 9.633649144144306939e-03
1.489999999999999991e+00 3.720199864400001721e-01 9.748863623954669155e-03
1.500000000000000000e+00 3.757488464899999547e-01 9.833884064302127193e-03
1.510000000000000009e+00 3.810652581699999208e-01 1.008684009648837775e-02
1.520000000000000018e+00 3.848735621000003437e-01 1.014122912301801752e-02
1.530000000000000027e+00 3.904099566399997223e-01 1.040349837561511254e-02
1.540000000000000036e+00 3.937868661200004672e-01 1.047328323589242875e-02
1.550000000000000044e+00 4.001031801700004609e-01 1.074083439839367167e-02
1.560000000000000053e+00 4.055558074899995868e-01 1.098950182754045678e-02
1.570000000000000062e+00 4.125012685099997967e-01 1.105182058401655947e-02
1.580000000000000071e+00 4.173662179200002820e-01 1.124491850850228326e-02
1.590000000000000080e+00 4.227555024699998221e-01 1.144611640863620571e-02
1.600000000000000089e+00 4.270294881999997516e-01 1.165734930903257471e-02
1.610000000000000098e+00 4.328742032599997014e-01 1.205541868925845590e-02
1.620000000000000107e+00 4.389063144699999475e-01 1.206283917254720103e-02
1.629999999999999893e+00 4.437697797400003141e-01 1.213363157439070403e-02
1.639999999999999902e+00 4.483438596800004006e-01 1.223167663986086257e-02
1.649999999999999911e+00 4.523651674500000497e-01 1.233430901111687468e-02
1.659999999999999920e+00 4.565081047399999203e-01 1.255585254135659599e-02
1.669999999999999929e+00 4.606828872699998412e-01 1.255718018458675499e-02
1.679999999999999938e+00 4.648742255000008483e-01 1.255988343403946494e-02
1.689999999999999947e+00 4.659982923099996177e-01 1.275346530655505246e-02
1.699999999999999956e+00 4.715140092799999794e-01 1.291008131674080232e-02
1.709999999999999964e+00 4.753232599299998529e-01 1.285635019181649401e-02
1.719999999999999973e+00 4.813144127400000305e-01 1.317181971220960333e-02
1.729999999999999982e+00 4.846729605300002519e-01 1.323806504368663615e-02
1.739999999999999991e+00 4.868178942500002160e-01 1.329051949762559588e-02
1.750000000000000000e+00 4.923379001099995600e-01 1.319247542421276079e-02
1.760000000000000009e+00 4.969971184099999939e-01 1.351930074075361962e-02
1.770000000000000018e+00 5.006237650000000539e-01 1.361726772784497413e-02
1.780000000000000027e+00 5.026043621300009256e-01 1.372154832079678505e-02
1.790000000000000036e+00 5.056126455700005184e-01 1.368307041282106236e-02
1.800000000000000044e+00 5.100966587799991014e-01 1.393978240996573449e-02
1.810000000000000053e+00 5.164730918699997897e-01 1.393903174604612522e-02
1.820000000000000062e+00 5.192796795899996543e-01 1.414454187908821894e-02
1.830000000000000071e+00 5.230393787399999495e-01 1.408033836223618850e-02
1.840000000000000080e+00 5.270720582999998127e-01 1.408039368156192850e-02
1.850000000000000089e+00 5.313925697499999323e-01 1.420088812313689310e-02
1.860000000000000098e+00 5.355541384500004387e-01 1.432134035857278616e-02
1.870000000000000107e+00 5.404049368000003462e-01 1.431502111903343831e-02
1.879999999999999893e+00 5.453267105400002590e-01 1.449173086140531121e-02
1.889999999999999902e+00 5.482288182000000232e-01 1.447382088926468455e-02
1.899999999999999911e+00 5.522172876400003316e-01 1.444659839022805620e-02
1.909999999999999920e+00 5.558274924600001832e-01 1.445254816316533103e-02
1.919999999999999929e+00 5.604074289299996181e-01 1.447592767745829907e-02
1.929999999999999938e+00 5.646220127199998995e-01 1.454232446685386863e-02
1.939999999999999947e+00 5.674454000500001039e-01 1.456431518143970656e-02
1.949999999999999956e+00 5.718307481600000131e-01 1.468458555289197526e-02
1.959999999999999964e+00 5.750685018700006923e-01 1.467176888817355897e-02
1.969999999999999973e+00 5.777687637799994169e-01 1.478128143148005336e-02
1.979999999999999982e+00 5.801906443399998947e-01 1.487857429886072641e-02
1.989999999999999991e+00 5.832901649299999658e-01 1.490109566096328199e-02
2.000000000000000000e+00 5.876494999600000435e-01 1.476537373454179375e-02
2.009999999999999787e+00 5.899703921999994716e-01 1.499782987576769692e-02
2.020000000000000018e+00 5.931681831799998639e-01 1.485394586261284434e-02
2.029999999999999805e+00 5.961507071699999605e-01 1.494400484353452553e-02
2.040000000000000036e+00 6.006462950599992245e-01 1.490779477102563422e-02
2.049999999999999822e+00 6.052588547500000749e-01 1.471780637642102103e-02
2.060000000000000053e+00 6.074612534900007965e-01 1.475339128659492773e-02
2.069999999999999840e+00 6.096580695300003461e-01 1.473714495046752650e-02
2.080000000000000071e+00 6.131777056200007348e-01 1.467021294782584924e-02
2.089999999999999858e+00 6.153874956800010620e-01 1.469242613164584849e-02
2.100000000000000089e+00 6.193163563699994878e-01 1.462260732602545937e-02
2.109999999999999876e+00 6.217648577300000090e-01 1.475019544971800309e-02
2.120000000000000107e+00 6.241575534399993463e-01 1.477018103174929271e-02
2.129999999999999893e+00 6.283918758100001112e-01 1.470887476612779167e-02
2.140000000000000124e+00 6.307044134200010532e-01 1.465021330770466604e-02
2.149999999999999911e+00 6.336807278800006271e-01 1.454925145821018596e-02
2.160000000000000142e+00 6.376893169200003042e-01 1.443300380052003375e-02
2.169999999999999929e+00 6.412953624100009575e-01 1.399536260731845325e-02
2.180000000000000160e+00 6.428628612500001394e-01 1.416032610341379748e-02
2.189999999999999947e+00 6.452799051399995545e-01 1.419211983902064766e-02
2.200000000000000178e+00 6.474202036899990853e-01 1.421655867197552797e-02
2.209999999999999964e+00 6.510012234299995537e-01 1.425769263921852249e-02
2.220000000000000195e+00 6.549793973099995448e-01 1.426057484770136552e-02
2.229999999999999982e+00 6.591409135800000429e-01 1.403683304646810917e-02
2.240000000000000213e+00 6.614263372100008809e-01 1.411086357210311094e-02
2.250000000000000000e+00 6.670509799400009543e-01 1.368749086569122191e-02
2.259999999999999787e+00 6.700784348199996243e-01 1.373444116812051578e-02
2.270000000000000018e+00 6.719081116100000806e-01 1.380802555153889076e-02
2.279999999999999805e+00 6.732016561599999394e-01 1.389601287419863981e-02
2.290000000000000036e+00 6.755931755100008651e-01 1.389294228110025779e-02
2.299999999999999822e+00 6.788135650599999016e-01 1.369481559487277858e-02
2.310000000000000053e+00 6.809970842600003849e-01 1.374509568768583420e-02
2.319999999999999840e+00 6.847354622499998156e-01 1.351590686035387436e-02
2.330000000000000071e+00 6.881307415900008717e-01 1.340802618638832835e-02
2.339999999999999858e+00 6.905401038799989788e-01 1.335318618931749871e-02
2.350000000000000089e+00 6.924224010900003057e-01 1.339141601331132227e-02
2.359999999999999876e+00 6.952211623600013102e-01 1.331218212843420824e-02
2.370000000000000107e+00 6.975461611999990152e-01 1.334012615817197107e-02
2.379999999999999893e+00 7.000666696500010833e-01 1.320628341738075417e-02
2.390000000000000124e+00 7.001832859699984590e-01 1.330184547431949998e-02
2.399999999999999911e+00 7.042042803699994913e-01 1.300273018997683862e-02
2.410000000000000142e+00 7.061643278100006027e-01 1.306063774793540973e-02
2.419999999999999929e+00 7.100680050499994511e-01 1.292432081178976518e-02
2.430000000000000160e+00 7.110913849699995737e-01 1.308487274509568220e-02
2.439999999999999947e+00 7.127887451900014604e-01 1.310914466004940541e-02
2.450000000000000178e+00 7.140211101899998081e-01 1.301865175170473406e-02
2.459999999999999964e+00 7.166500925399992283e-01 1.282947241743436287e-02
2.470000000000000195e+00 7.179910088700000026e-01 1.287475726203846788e-02
2.479999999999999982e+00 7.202411285000001051e-01 1.288111115808672144e-02
2.490000000000000213e+00 7.225259597999994510e-01 1.279001473722407578e-02
2.500000000000000000e+00 7.244680889000005841e-01 1.275075491206571592e-02
2.509999999999999787e+00 7.291761559100006229e-01 1.252494818667439051e-02
2.520000000000000018e+00 7.314818738899993011e-01 1.245886311116571610e-02
2.529999999999999805e+00 7.343681345199989385e-01 1.220100755499049783e-02
2.540000000000000036e+00 7.362801143800005166e-01 1.213458619629256136e-02
2.549999999999999822e+00 7.378639480099994374e-01 1.204264330478475344e-02
2.560000000000000053e+00 7.397814656500002473e-01 1.201125675041082863e-02
2.569999999999999840e+00 7.391536411500002623e-01 1.244531022574778441e-02
2.580000000000000071e+00 7.410211417100003306e-01 1.243047393956774396e-02
2.589999999999999858e+00 7.444811823299999354e-01 1.233069669779940890e-02
2.600000000000000089e+00 7.464669825899999944e-01 1.223101430566631183e-02
2.609999999999999876e+00 7.492148231799994340e-01 1.211016240502130713e-02
2.620000000000000107e+00 7.511202929700004916e-01 1.210026986017362881e-02
2.629999999999999893e+00 7.525252953800006805e-01 1.211194524639205329e-02
2.640000000000000124e+00 7.511847431099990535e-01 1.229425659432668329e-02
2.649999999999999911e+00 7.524602005299998453e-01 1.229990319691565311e-02
2.660000000000000142e+00 7.539183457999995008e-01 1.229750382395721972e-02
2.669999999999999929e+00 7.558664257699992950e-01 1.223852567656737514e-02
2.680000000000000160e+00 7.572937937099998296e-01 1.222243876597429828e-02
2.689999999999999947e+00 7.602476407500002864e-01 1.219828921346642094e-02
2.700000000000000178e+00 7.629123794099996747e-01 1.204258465776128495e-02
2.709999999999999964e+00 7.632319665700008082e-01 1.209632710821696190e-02
2.720000000000000195e+00 7.615888661400009862e-01 1.237236317923766198e-02
2.729999999999999982e+00 7.641858552500007118e-01 1.227930030528666915e-02
2.740000000000000213e+00 7.652479464300000478e-01 1.233708180845585929e-02
2.750000000000000000e+00 7.670013919900002808e-01 1.221034708643872757e-02
2.759999999999999787e+00 7.713205075499993679e-01 1.164344246901225823e-02
2.770000000000000018e+00 7.726121617800002506e-01 1.160162700605677465e-02
2.779999999999999805e+00 7.729542150499999487e-01 1.195588202052784259e-02
2.790000000000000036e+00 7.764856136900002426e-01 1.155390478339523956e-02
2.799999999999999822e+00 7.779508450799997865e-01 1.159112871191925881e-02
2.810000000000000053e+00 7.803105346800001119e-01 1.154693835449664523e-02
2.819999999999999840e+00 7.802313758299995738e-01 1.165182690013459588e-02
2.830000000000000071e+00 7.803236599099995230e-01 1.191301269499122836e-02
2.839999999999999858e+00 7.824645870600004383e-01 1.171637868626714679e-02
2.850000000000000089e+00 7.842391817299997347e-01 1.157870157552075632e-02
2.859999999999999876e+00 7.857412261399997488e-01 1.157037817194203795e-02
2.870000000000000107e+00 7.878659081099995687e-01 1.141273643770327438e-02
2.879999999999999893e+00 7.895101875900003563e-01 1.137012697774691765e-02
2.890000000000000124e+00 7.910973825799996195e-01 1.122829531645127416e-02
2.899999999999999911e+00 7.914516518599993278e-01 1.137319394819441380e-02
2.910000000000000142e+00 7.937928764499996293e-01 1.105724056904851434e-02
2.919999999999999929e+00 7.953705966600002064e-01 1.087707992386250690e-02
2.930000000000000160e+00 7.986520106499992444e-01 1.039067420430397036e-02
2.939999999999999947e+00 7.999340001999998284e-01 1.031586149767599325e-02
2.950000000000000178e+00 8.023433856999995228e-01 1.000994616466968634e-02
2.959999999999999964e+00 8.022095915799999366e-01 1.022787281525852979e-02
2.970000000000000195e+00 8.034041080000005053e-01 1.018069796670046170e-02
2.979999999999999982e+00 8.043944751500006207e-01 1.027241393689258715e-02
2.990000000000000213e+00 8.067435713700004118e-01 1.007015843119814409e-02
3.000000000000000000e+00 8.078259129799998384e-01 1.014000775011841826e-02
3.009999999999999787e+00 8.078480044300000440e-01 1.013977321917737540e-02
3.020000000000000018e+00 8.092076524699995943e-01 1.015400835330316880e-02
3.029999999999999805e+00 8.102938779300006278e-01 1.013228343278171385e-02
3.040000000000000036e+00 8.110867388200005967e-01 1.018095570544870314e-02
3.049999999999999822e+00 8.111820227099993952e-01 1.050212821750747157e-02
3.060000000000000053e+00 8.100733495900006575e-01 1.104123463616578892e-02
3.069999999999999840e+00 8.111597289400001021e-01 1.099952614663394189e-02
3.080000000000000071e+00 8.154293098999991773e-01 1.026667525106083126e-02
3.089999999999999858e+00 8.177442724100006943e-01 9.840528288167501442e-03
3.100000000000000089e+00 8.197254942399999633e-01 9.678022961743094552e-03
3.109999999999999876e+00 8.207462458800015570e-01 9.635937171457248374e-03
3.120000000000000107e+00 8.224569367900020911e-01 9.389262663503716161e-03
3.129999999999999893e+00 8.200878690399996396e-01 1.015447311336685129e-02
3.140000000000000124e+00 8.210929053000004529e-01 1.013263191841916148e-02
3.149999999999999911e+00 8.212791037199993482e-01 1.020771247469548157e-02
3.160000000000000142e+00 8.211209311799995136e-01 1.017045483654452354e-02
3.169999999999999929e+00 8.237998917099996765e-01 9.823030559645718612e-03
3.180000000000000160e+00 8.277554642900004644e-01 8.984965954263264901e-03
3.189999999999999947e+00 8.286454539800011121e-01 8.965500016795286894e-03
3.200000000000000178e+00 8.298966701000016766e-01 8.897558055028172846e-03
3.209999999999999964e+00 8.303956424399999703e-01 9.458211394449314580e-03
3.220000000000000195e+00 8.312566375800015672e-01 9.433791087687600635e-03
3.229999999999999982e+00 8.319224253899998311e-01 9.422317152987857991e-03
3.240000000000000213e+00 8.324050767900000869e-01 9.439484450124652551e-03
3.250000000000000000e+00 8.310739501199987389e-01 1.017342808449786529e-02
3.259999999999999787e+00 8.305959769700004269e-01 1.029499030803843716e-02
3.270000000000000018e+00 8.320222919699998831e-01 1.030329793189664264e-02
3.279999999999999805e+00 8.331262332900005729e-01 1.017721938368779978e-02
3.290000000000000036e+00 8.319574065100002747e-01 1.047480568410694493e-02
3.299999999999999822e+00 8.358775089299987915e-01 9.689462463991304828e-03
3.310000000000000053e+00 8.342500919899999978e-01 1.015916447127234758e-02
3.319999999999999840e+00 8.343949531400003394e-01 1.023801828370531769e-02
3.330000000000000071e+00 8.362599740500014089e-01 1.005868850040033714e-02
3.339999999999999858e+00 8.371026580399998362e-01 1.002934005235015490e-02
3.350000000000000089e+00 8.367840152900002382e-01 1.020646562313561045e-02
3.359999999999999876e+00 8.395539486999993306e-01 9.561775421036209158e-03
3.370000000000000107e+00 8.403337243999995376e-01 9.535265798156219302e-03
3.379999999999999893e+00 8.410784491099999594e-01 9.535180638454841817e-03
3.390000000000000124e+00 8.419331736199997529e-01 9.493425328762751178e-03
3.399999999999999911e+00 8.427999391699991794e-01 9.465697983213946370e-03
3.410000000000000142e+00 8.448701215799999664e-01 9.242825573435236447e-03
3.419999999999999929e+00 8.426394728099990683e-01 1.000638032575390524e-02
3.430000000000000160e+00 8.432216994799999199e-01 9.987350802029518193e-03
3.439999999999999947e+00 8.457252953100005133e-01 9.357342548208972405e-03
3.450000000000000178e+00 8.464721178100004240e-01 9.329039486279082014e-03
3.459999999999999964e+00 8.493404498499999011e-01 9.175958896055149902e-03
3.470000000000000195e+00 8.500560111100002869e-01 9.150644089579927989e-03
3.479999999999999982e+00 8.515983969899987294e-01 9.106998129262024524e-03
3.490000000000000213e+00 8.523470344199999271e-01 9.067819869455052625e-03
