1.159999999999999920e+00 4.042980789100000805e-02 1.688571704907293491e-04
1.169999999999999929e+00 4.080792956250003239e-02 1.658854844702673719e-04
1.179999999999999938e+00 4.143996060799998854e-02 1.730263055096020524e-04
1.189999999999999947e+00 4.201770167550001461e-02 1.720136641410036885e-04
1.199999999999999956e+00 4.248588374499996656e-02 1.996527416551130613e-04
1.209999999999999964e+00 4.296100135799994085e-02 1.936962560600596678e-04
1.219999999999999973e+00 4.356551551500000702e-02 1.812975460990340446e-04
1.229999999999999982e+00 4.415801130449994311e-02 1.920260295401951132e-04
1.239999999999999991e+00 4.464899273099995347e-02 2.071550264830249383e-04
1.250000000000000000e+00 4.528977020949990356e-02 2.049862135107961120e-04
1.260000000000000009e+00 4.582210179950006040e-02 2.072702579884598453e-04
1.270000000000000018e+00 4.673032917850000051e-02 2.211878661307362462e-04
1.280000000000000027e+00 4.767101983300006673e-02 2.395401763293367929e-04
1.290000000000000036e+00 4.814579385699990777e-02 2.414858156795958845e-04
1.300000000000000044e+00 4.875933609549999714e-02 2.392247432701981953e-04
1.310000000000000053e+00 4.967849877749998949e-02 2.592027090497424661e-04
1.320000000000000062e+00 5.015117630950000766e-02 2.634874195478354038e-04
1.330000000000000071e+00 5.108872449500005686e-02 2.699632040155842830e-04
1.340000000000000080e+00 5.185960013649997674e-02 2.691041929784041345e-04
1.350000000000000089e+00 5.256225273299999085e-02 2.950885798495041777e-04
1.360000000000000098e+00 5.358283400799996460e-02 2.997190875489871517e-04
1.370000000000000107e+00 5.445065996950004122e-02 3.027652278238409885e-04
1.379999999999999893e+00 5.532913214950001962e-02 3.259780974179975394e-04
1.389999999999999902e+00 5.594196689199999045e-02 3.589088015208545838e-04
1.399999999999999911e+00 5.725702341750003865e-02 3.496530178043241580e-04
1.409999999999999920e+00 5.830255733999994278e-02 3.968260602835283575e-04
1.419999999999999929e+00 5.909712763149990028e-02 3.727995711476849664e-04
1.429999999999999938e+00 5.989407769450001695e-02 3.885413068804150199e-04
1.439999999999999947e+00 6.134591254349997663e-02 4.378399464106499158e-04
1.449999999999999956e+00 6.227463968300005898e-02 4.098136634315365152e-04
1.459999999999999964e+00 6.376087690700003863e-02 4.889925884233196690e-04
1.469999999999999973e+00 6.443322009249997928e-02 4.484230235892103233e-04
1.479999999999999982e+00 6.612263562050001153e-02 5.126413535370709157e-04
1.489999999999999991e+00 6.674832786550002894e-02 5.497184029838466345e-04
1.500000000000000000e+00 6.781373143849993290e-02 5.274163859221132292e-04
1.510000000000000009e+00 6.933122523099993773e-02 5.914615134618322369e-04
1.520000000000000018e+00 7.108177618450001178e-02 5.449046075423380790e-04
1.530000000000000027e+00 7.218369055700001036e-02 6.594476118182736324e-04
1.540000000000000036e+00 7.382396094999987834e-02 6.361532323174315471e-04
1.550000000000000044e+00 7.492909693150009987e-02 7.261604124863212497e-04
1.560000000000000053e+00 7.668490427650007102e-02 7.147158572435511996e-04
1.570000000000000062e+00 7.833926965350009042e-02 7.197517943552332034e-04
1.580000000000000071e+00 8.035015540350001761e-02 8.625721715667112851e-04
1.590000000000000080e+00 8.141755437049992550e-02 8.863610365821470403e-04
1.600000000000000089e+00 8.353560833300015254e-02 9.579275046796525798e-04
1.610000000000000098e+00 8.566826681900012452e-02 1.007125340146625267e-03
1.620000000000000107e+00 8.675309923899993114e-02 1.076316474160802540e-03
1.629999999999999893e+00 8.966712652849989640e-02 1.171650411980403560e-03
1.639999999999999902e+00 9.085693159400001773e-02 1.195505786916677138e-03
1.649999999999999911e+00 9.393885456900000208e-02 1.266895106029735643e-03
1.659999999999999920e+00 9.526333921350002565e-02 1.290325473030129108e-03
1.669999999999999929e+00 9.735303203600011168e-02 1.355511956587387426e-03
1.679999999999999938e+00 1.008974582319999563e-01 1.414660022709433385e-03
1.689999999999999947e+00 1.029500557090000379e-01 1.589379283595115846e-03
1.699999999999999956e+00 1.060022313914999598e-01 1.627792944071590519e-03
1.709999999999999964e+00 1.091785460185000500e-01 1.786216080341692910e-03
1.719999999999999973e+00 1.114049090960000099e-01 1.743446277935893976e-03
1.729999999999999982e+00 1.156536659690000773e-01 2.002321355644993105e-03
1.739999999999999991e+00 1.176113774124999678e-01 2.020032824917254895e-03
1.750000000000000000e+00 1.209142096695001722e-01 2.128540671879143413e-03
1.760000000000000009e+00 1.247959160895001085e-01 2.197236182875702409e-03
1.770000000000000018e+00 1.277192136985000892e-01 2.363330176942031631e-03
1.780000000000000027e+00 1.323405605475002078e-01 2.590400600985987619e-03
1.790000000000000036e+00 1.366546373154999272e-01 2.763670011753815124e-03
1.800000000000000044e+00 1.413894550494999569e-01 2.820823442269806795e-03
1.810000000000000053e+00 1.438551972874999030e-01 2.883019236687272766e-03
1.820000000000000062e+00 1.493601303415001136e-01 3.050950592272077058e-03
1.830000000000000071e+00 1.544935218240001129e-01 3.218487674476415601e-03
1.840000000000000080e+00 1.605034568700000053e-01 3.406811262321111922e-03
1.850000000000000089e+00 1.651465397580003103e-01 3.577755623085512177e-03
1.860000000000000098e+00 1.712373029734998719e-01 3.705719783085806816e-03
1.870000000000000107e+00 1.773399910515001954e-01 3.862484434907647018e-03
1.879999999999999893e+00 1.827868880880001157e-01 4.032307255719819183e-03
1.889999999999999902e+00 1.893579786445000190e-01 4.085257718205309585e-03
1.899999999999999911e+00 1.954994786010000318e-01 4.210168154320449892e-03
1.909999999999999920e+00 2.009320987329999975e-01 4.452418922480699988e-03
1.919999999999999929e+00 2.086652015400001225e-01 4.573182164097652422e-03
1.929999999999999938e+00 2.150422696169999870e-01 4.869381882734899816e-03
1.939999999999999947e+00 2.221502834149995664e-01 4.982240304585333276e-03
1.949999999999999956e+00 2.314455817800000759e-01 5.098197716708837736e-03
1.959999999999999964e+00 2.383394379099998961e-01 5.074921969889892824e-03
1.969999999999999973e+00 2.448284689099998190e-01 5.206328373501109899e-03
1.979999999999999982e+00 2.538647999250002729e-01 5.261423224007162093e-03
1.989999999999999991e+00 2.593672571650000869e-01 5.474565936901677581e-03
2.000000000000000000e+00 2.694681540999999125e-01 5.518867550249649881e-03
2.009999999999999787e+00 2.762469179450005585e-01 5.484615386696748383e-03
2.020000000000000018e+00 2.831906595599999465e-01 5.681768300106774736e-03
2.029999999999999805e+00 2.932878855699997955e-01 5.630715608629659370e-03
2.040000000000000036e+00 3.023709917449999285e-01 5.708931717302715911e-03
2.049999999999999822e+00 3.120228305399997404e-01 5.759485211319008251e-03
2.060000000000000053e+00 3.187966265500002949e-01 5.724953088513312638e-03
2.069999999999999840e+00 3.260268766749999658e-01 5.866535546007855227e-03
2.080000000000000071e+00 3.362906120400001031e-01 5.846814249873471397e-03
2.089999999999999858e+00 3.420654935199994862e-01 5.874093122781975929e-03
2.100000000000000089e+00 3.514375218549998237e-01 6.030866300201487111e-03
2.109999999999999876e+00 3.586179441000000856e-01 5.957904807727456946e-03
2.120000000000000107e+00 3.699355740050001562e-01 5.892031084788167637e-03
2.129999999999999893e+00 3.761442235450001559e-01 5.862546065741706079e-03
2.140000000000000124e+00 3.847330635199998627e-01 5.848020762188789294e-03
2.149999999999999911e+00 3.927486135500004583e-01 5.818789967869684131e-03
2.160000000000000142e+00 4.018949297600010184e-01 5.686538994369124030e-03
2.169999999999999929e+00 4.091938477999996771e-01 5.761427938762582815e-03
2.180000000000000160e+00 4.168453133050003534e-01 5.714478180794983417e-03
2.189999999999999947e+00 4.248110189399997294e-01 5.578043223731694172e-03
2.200000000000000178e+00 4.322946311999993352e-01 5.493068784093826581e-03
2.209999999999999964e+00 4.394029031249999107e-01 5.454171902069940292e-03
2.220000000000000195e+00 4.480142342499994768e-01 5.325444049123126931e-03
2.229999999999999982e+00 4.557459823350001882e-01 5.293772891007789659e-03
2.240000000000000213e+00 4.637002584949997397e-01 5.043771715300640612e-03
2.250000000000000000e+00 4.706219818000001442e-01 5.029237591159987919e-03
2.259999999999999787e+00 4.768880655050001249e-01 5.062037443658557075e-03
2.270000000000000018e+00 4.842703894899997863e-01 4.803536604860432317e-03
2.279999999999999805e+00 4.914216870549999450e-01 4.722945202269453885e-03
2.290000000000000036e+00 4.979970947549995919e-01 4.703444830286299984e-03
2.299999999999999822e+00 5.040239439549996092e-01 4.625145093519031705e-03
2.310000000000000053e+00 5.101378075699994907e-01 4.530303294480884403e-03
2.319999999999999840e+00 5.163264391550005383e-01 4.389131504353651833e-03
2.330000000000000071e+00 5.232816060950004067e-01 4.255518502053244265e-03
2.339999999999999858e+00 5.287694899250001690e-01 4.225865258086733064e-03
2.350000000000000089e+00 5.331277313050002409e-01 4.274578618140512966e-03
2.359999999999999876e+00 5.391504824349998559e-01 4.271268784731919142e-03
