1.600000000000000089e+00 3.034717201200000034e-02 2.222903328387519899e-04
1.610000000000000098e+00 3.121083552649998524e-02 2.642821107178145433e-04
1.620000000000000107e+00 3.147965103800001024e-02 2.520611084478577204e-04
1.629999999999999893e+00 3.231475951549998143e-02 2.742776239483518783e-04
1.639999999999999902e+00 3.304698970299997651e-02 3.008567383131424558e-04
1.649999999999999911e+00 3.407283596199994768e-02 3.057766972191132892e-04
1.659999999999999920e+00 3.517243307550004666e-02 3.248857859309437152e-04
1.669999999999999929e+00 3.589950217149999456e-02 3.154142409953184542e-04
1.679999999999999938e+00 3.653947598199997621e-02 3.603576626891472697e-04
1.689999999999999947e+00 3.789438298049998405e-02 3.719969302609377605e-04
1.699999999999999956e+00 3.878736220000002927e-02 3.655536028118045030e-04
1.709999999999999964e+00 4.006178839099994171e-02 4.210766929062878939e-04
1.719999999999999973e+00 4.136781959150005739e-02 4.616345717170517848e-04
1.729999999999999982e+00 4.283948811400002665e-02 4.615985090643565537e-04
1.739999999999999991e+00 4.417519915699995997e-02 5.202678854833162666e-04
1.750000000000000000e+00 4.537716116800001587e-02 5.347655829088521348e-04
1.760000000000000009e+00 4.715292722700001327e-02 6.532567523438360555e-04
1.770000000000000018e+00 4.825550091149999332e-02 6.476956324024778222e-04
1.780000000000000027e+00 5.012367379800008321e-02 6.721486027757935964e-04
1.790000000000000036e+00 5.308928162550004964e-02 7.900054891931219741e-04
1.800000000000000044e+00 5.496534621299999784e-02 8.825263299998000691e-04
1.810000000000000053e+00 5.642106197299997378e-02 9.594177158846815649e-04
1.820000000000000062e+00 6.001137267250004903e-02 1.002976188916604623e-03
1.830000000000000071e+00 6.380806893250007272e-02 1.284452995082202131e-03
1.840000000000000080e+00 6.707294914800002172e-02 1.343894445947493334e-03
1.850000000000000089e+00 7.110557353750002196e-02 1.461133372262126600e-03
1.860000000000000098e+00 7.570662145750002570e-02 1.665954549170530754e-03
1.870000000000000107e+00 7.973993371200002733e-02 1.942128673610865218e-03
1.879999999999999893e+00 8.647403221699993814e-02 2.126747061279012693e-03
1.889999999999999902e+00 9.370235673200011384e-02 2.284827131760050044e-03
1.899999999999999911e+00 1.016459873030000211e-01 2.667636967225179428e-03
1.909999999999999920e+00 1.077481830550000019e-01 2.734738520818777874e-03
1.919999999999999929e+00 1.157901032069998809e-01 3.063369538114108642e-03
1.929999999999999938e+00 1.254598091009997696e-01 3.255289320195322699e-03
1.939999999999999947e+00 1.350343020250000525e-01 3.388284296484364924e-03
1.949999999999999956e+00 1.454390770870000182e-01 3.601982105716819080e-03
1.959999999999999964e+00 1.577480243304998919e-01 3.663299815197077446e-03
1.969999999999999973e+00 1.682424105265001857e-01 3.915837305447237085e-03
1.979999999999999982e+00 1.792687570494998217e-01 3.962062140052363506e-03
1.989999999999999991e+00 1.937452866944999186e-01 3.952991037421602592e-03
2.000000000000000000e+00 2.063306382194997624e-01 3.964338722480382354e-03
2.009999999999999787e+00 2.190038280085002398e-01 3.984686479498305949e-03
2.020000000000000018e+00 2.326485329059998219e-01 3.861476621352547944e-03
2.029999999999999805e+00 2.450427328969996266e-01 3.917869298344812436e-03
2.040000000000000036e+00 2.557418452270001086e-01 3.796140106697086861e-03
2.049999999999999822e+00 2.675065682499992992e-01 3.885673394466286536e-03
2.060000000000000053e+00 2.807259752104998007e-01 3.630972445107527331e-03
2.069999999999999840e+00 2.914842943300000044e-01 3.574130388470550014e-03
2.080000000000000071e+00 3.030893134000000599e-01 3.508637759361514855e-03
2.089999999999999858e+00 3.141002820599993473e-01 3.337137751198710443e-03
2.100000000000000089e+00 3.250480842799998160e-01 3.195032032899306103e-03
2.109999999999999876e+00 3.355545514600005719e-01 3.108714166387206365e-03
2.120000000000000107e+00 3.452392346299996140e-01 2.967624426607199956e-03
2.129999999999999893e+00 3.551829651649998087e-01 2.911864240159179988e-03
2.140000000000000124e+00 3.649014935299992324e-01 2.821072509108797210e-03
