8.399999999999999689e-01 4.158528646350006380e-02 1.621839793856539181e-04
8.499999999999999778e-01 4.186512250849996203e-02 1.576705202243675985e-04
8.599999999999999867e-01 4.253111576549997025e-02 1.564910282559215857e-04
8.699999999999999956e-01 4.302009829000003754e-02 1.642188211550599025e-04
8.800000000000000044e-01 4.336547959999999952e-02 1.576668895249919047e-04
8.900000000000000133e-01 4.383648681050006379e-02 1.640327895844947829e-04
9.000000000000000222e-01 4.414264140349997284e-02 1.704211051234553510e-04
9.100000000000000311e-01 4.460640101300002158e-02 1.815485410762500385e-04
9.200000000000000400e-01 4.528095406550001339e-02 1.729537589049977590e-04
9.300000000000000488e-01 4.561076894300002821e-02 1.888538762771880479e-04
9.399999999999999467e-01 4.632226467149997556e-02 1.832969718304559273e-04
9.499999999999999556e-01 4.687484286000000167e-02 1.929267369959870274e-04
9.599999999999999645e-01 4.728209835650006021e-02 2.011348517604555992e-04
9.699999999999999734e-01 4.783339537199995245e-02 2.070839756721445804e-04
9.799999999999999822e-01 4.818854894099995623e-02 1.943392699759739198e-04
9.899999999999999911e-01 4.907810093949997732e-02 1.967997501506697419e-04
1.000000000000000000e+00 4.927152224999994945e-02 2.024402640466973688e-04
1.010000000000000009e+00 5.005857926799999608e-02 2.078747724501521369e-04
1.020000000000000018e+00 5.058952502350003849e-02 2.053710928361396641e-04
1.030000000000000027e+00 5.107423266800006911e-02 2.021715550851986305e-04
1.040000000000000036e+00 5.196962784499995630e-02 2.173605939474549862e-04
1.050000000000000044e+00 5.269773283149999793e-02 2.277128649919031957e-04
1.060000000000000053e+00 5.303399030750003545e-02 2.369053071935623453e-04
1.070000000000000062e+00 5.390686903800001595e-02 2.559658601935335155e-04
1.080000000000000071e+00 5.415176123150005488e-02 2.414917829626270879e-04
1.090000000000000080e+00 5.540549552449997722e-02 2.605474448434713826e-04
1.100000000000000089e+00 5.606341781949995134e-02 2.763810752895682222e-04
1.110000000000000098e+00 5.687271998649999494e-02 2.935343477676126932e-04
1.120000000000000107e+00 5.732574141999995099e-02 2.815283265672042872e-04
1.129999999999999893e+00 5.829583046049999911e-02 2.615166575611932074e-04
1.139999999999999902e+00 5.909060864449993539e-02 3.076488496708907130e-04
1.149999999999999911e+00 5.969370013199984393e-02 3.026744091137558487e-04
1.159999999999999920e+00 6.064740206249999432e-02 2.961782511185472033e-04
1.169999999999999929e+00 6.160070017799998410e-02 3.140150088278750168e-04
1.179999999999999938e+00 6.221983230699999756e-02 3.281751612568339980e-04
1.189999999999999947e+00 6.284129012700002959e-02 3.294073017092323443e-04
1.199999999999999956e+00 6.387006843799999944e-02 3.486696066070447790e-04
1.209999999999999964e+00 6.538039656900002106e-02 3.539229633001007695e-04
1.219999999999999973e+00 6.568464594749993946e-02 3.796211167980177259e-04
1.229999999999999982e+00 6.703991938550009355e-02 3.864592724979405204e-04
1.239999999999999991e+00 6.810317890349996961e-02 4.418606642985928334e-04
1.250000000000000000e+00 6.900235159950007802e-02 4.412998506297459802e-04
1.260000000000000009e+00 7.005421073900000573e-02 4.228687511888819489e-04
1.270000000000000018e+00 7.115845732850002714e-02 4.090394353325355211e-04
1.280000000000000027e+00 7.240219955549997977e-02 4.574662553241536523e-04
1.290000000000000036e+00 7.293183047799990659e-02 4.581143999420659815e-04
1.300000000000000044e+00 7.498240800349997848e-02 4.980989269597552518e-04
1.310000000000000053e+00 7.554567052350007195e-02 5.090134571331319125e-04
1.320000000000000062e+00 7.661560502150006891e-02 5.545687239177093811e-04
1.330000000000000071e+00 7.845992156700012932e-02 5.706598133390209694e-04
1.340000000000000080e+00 7.933330878400009223e-02 6.065093577930954745e-04
1.350000000000000089e+00 8.146525435650012192e-02 6.172011525133508543e-04
1.360000000000000098e+00 8.301755573800000121e-02 6.661697371514754785e-04
1.370000000000000107e+00 8.338970243150004014e-02 6.857029467584490386e-04
1.379999999999999893e+00 8.509233204049988786e-02 6.832144076272467573e-04
1.389999999999999902e+00 8.645198497250000669e-02 7.660210978642596411e-04
1.399999999999999911e+00 8.808266799399983027e-02 7.748337388077015941e-04
1.409999999999999920e+00 8.982469430949982514e-02 8.878317877957912253e-04
1.419999999999999929e+00 9.158663722049990852e-02 8.865061636865730977e-04
1.429999999999999938e+00 9.261043727149992355e-02 8.709916890329176325e-04
1.439999999999999947e+00 9.425221599099997682e-02 8.873212125680820031e-04
1.449999999999999956e+00 9.701421927000004886e-02 1.031647383326197943e-03
1.459999999999999964e+00 9.906779210600011321e-02 1.052589293569774652e-03
1.469999999999999973e+00 1.004928496699998841e-01 1.160612165128677327e-03
1.479999999999999982e+00 1.016122667715000649e-01 1.147318953558199234e-03
1.489999999999999991e+00 1.050730242054999514e-01 1.208780421325089845e-03
1.500000000000000000e+00 1.068529826204999977e-01 1.276452746459094591e-03
1.510000000000000009e+00 1.088750551929999200e-01 1.365052483411735833e-03
1.520000000000000018e+00 1.111727617084999759e-01 1.417873606155675833e-03
1.530000000000000027e+00 1.129130173044998880e-01 1.492279508165677941e-03
1.540000000000000036e+00 1.160992792615000990e-01 1.662273069077891980e-03
1.550000000000000044e+00 1.182206917020000025e-01 1.737769606361665642e-03
1.560000000000000053e+00 1.209553350304999608e-01 1.873679864093529424e-03
1.570000000000000062e+00 1.237906581934999917e-01 1.891686872347432199e-03
1.580000000000000071e+00 1.261813435755000934e-01 1.863095836011862761e-03
1.590000000000000080e+00 1.294447757155001433e-01 2.038105811402777124e-03
1.600000000000000089e+00 1.316901305229999652e-01 2.335443460490632152e-03
1.610000000000000098e+00 1.353984124980000259e-01 2.257687809097816498e-03
1.620000000000000107e+00 1.384455036720000365e-01 2.497003563472133345e-03
1.629999999999999893e+00 1.413224916539997933e-01 2.425437891762531346e-03
1.639999999999999902e+00 1.450933560534999334e-01 2.717835676671426400e-03
1.649999999999999911e+00 1.488587547614999007e-01 2.937642873812786309e-03
1.659999999999999920e+00 1.536992336140000082e-01 3.096578616458214774e-03
1.669999999999999929e+00 1.554990216549997639e-01 3.120528716592008405e-03
1.679999999999999938e+00 1.600535936189999286e-01 3.271155151826631979e-03
1.689999999999999947e+00 1.632306234244996768e-01 3.515631248233017439e-03
1.699999999999999956e+00 1.695182782425000423e-01 3.713956084866130210e-03
1.709999999999999964e+00 1.735866862899999585e-01 3.836383340203071510e-03
1.719999999999999973e+00 1.765903507099999548e-01 4.022151877286626008e-03
1.729999999999999982e+00 1.809078978769998736e-01 4.118862794503368521e-03
1.739999999999999991e+00 1.859918703150000574e-01 4.341992217430938952e-03
1.750000000000000000e+00 1.904823468399999553e-01 4.469329574950044355e-03
1.760000000000000009e+00 1.948780239850001206e-01 4.562282613282214912e-03
1.770000000000000018e+00 2.023769336060000923e-01 4.871939376490557957e-03
1.780000000000000027e+00 2.071124251749999201e-01 4.930307036848349984e-03
1.790000000000000036e+00 2.119832466450001229e-01 5.005179111503312017e-03
1.800000000000000044e+00 2.178014253249999643e-01 5.171374093052814001e-03
1.810000000000000053e+00 2.235385618050000911e-01 5.291699168153473319e-03
1.820000000000000062e+00 2.281269204399998529e-01 5.502703097580804829e-03
1.830000000000000071e+00 2.347651669350003245e-01 5.604524375627988400e-03
1.840000000000000080e+00 2.402305570499997101e-01 5.879975156001492932e-03
1.850000000000000089e+00 2.458134873950001131e-01 5.957547940580992969e-03
1.860000000000000098e+00 2.535846137500000208e-01 6.014088493594399627e-03
1.870000000000000107e+00 2.578189406599998845e-01 6.236879210255305214e-03
1.879999999999999893e+00 2.645531770499997548e-01 6.468220220008997351e-03
1.889999999999999902e+00 2.721566524300001455e-01 6.562787221593181786e-03
1.899999999999999911e+00 2.792041638250002400e-01 6.626080770117542991e-03
1.909999999999999920e+00 2.865079764150000319e-01 6.746239437044019259e-03
1.919999999999999929e+00 2.912014109649997962e-01 6.816091327485657332e-03
1.929999999999999938e+00 2.980350342650001649e-01 7.057280757993032033e-03
1.939999999999999947e+00 3.059038658500006225e-01 7.103888298539629692e-03
1.949999999999999956e+00 3.134733008249999120e-01 7.269787336835244369e-03
1.959999999999999964e+00 3.219401195449995701e-01 7.310773676098906472e-03
1.969999999999999973e+00 3.284537880649996966e-01 7.311564575052983961e-03
1.979999999999999982e+00 3.345737218899999532e-01 7.465531210117619561e-03
1.989999999999999991e+00 3.415746735450000404e-01 7.595970204477216908e-03
2.000000000000000000e+00 3.494631665800007614e-01 7.660885582251828439e-03
2.009999999999999787e+00 3.583716477949996926e-01 7.676547399441217660e-03
2.020000000000000018e+00 3.640110457250000375e-01 7.787875682813903168e-03
2.029999999999999805e+00 3.722224380749997175e-01 7.780537624584208702e-03
2.040000000000000036e+00 3.783467964250000759e-01 7.792862938465663913e-03
2.049999999999999822e+00 3.867766737649999120e-01 7.720227481037002411e-03
2.060000000000000053e+00 3.931291775099999275e-01 7.879622414227904770e-03
2.069999999999999840e+00 4.007501385949991390e-01 7.719192837899566291e-03
2.080000000000000071e+00 4.068691214649998167e-01 7.798631806079196760e-03
2.089999999999999858e+00 4.141412922999998525e-01 7.755753995926435718e-03
2.100000000000000089e+00 4.213982594950000937e-01 7.876947350269137074e-03
2.109999999999999876e+00 4.287224420049995932e-01 7.716607120011476778e-03
2.120000000000000107e+00 4.360849860299993441e-01 7.613064927648140710e-03
2.129999999999999893e+00 4.418946455799999673e-01 7.710242475463614624e-03
2.140000000000000124e+00 4.487520213850003103e-01 7.680856939109522580e-03
2.149999999999999911e+00 4.567616681149994640e-01 7.542025745133957952e-03
2.160000000000000142e+00 4.636734131799994940e-01 7.473201523369570401e-03
2.169999999999999929e+00 4.687447307249998918e-01 7.651683275115939847e-03
2.180000000000000160e+00 4.746889157799995540e-01 7.526325555446152123e-03
2.189999999999999947e+00 4.817187608350003147e-01 7.316176514954180615e-03
2.200000000000000178e+00 4.881649046599994546e-01 7.320855284081621318e-03
2.209999999999999964e+00 4.948618314899999593e-01 7.227640002334824627e-03
2.220000000000000195e+00 5.008192863599999489e-01 7.144542665202821032e-03
2.229999999999999982e+00 5.074988286949998484e-01 7.069658913723092346e-03
2.240000000000000213e+00 5.128978857049990570e-01 6.974232080814069326e-03
2.250000000000000000e+00 5.188816489899997775e-01 6.943771852890388147e-03
2.259999999999999787e+00 5.247155591050002288e-01 6.785216087362331075e-03
2.270000000000000018e+00 5.297195549500002265e-01 6.780986799629859854e-03
2.279999999999999805e+00 5.357551057299992925e-01 6.653409852047696173e-03
2.290000000000000036e+00 5.420782169550000251e-01 6.514842578374648377e-03
2.299999999999999822e+00 5.484241733049998180e-01 6.308075953716802374e-03
2.310000000000000053e+00 5.532782602550007089e-01 6.297651321300214329e-03
2.319999999999999840e+00 5.582314294049999237e-01 6.345145391494458331e-03
2.330000000000000071e+00 5.636507253250002680e-01 6.047029981620233655e-03
2.339999999999999858e+00 5.685446752250005176e-01 6.108236275470830569e-03
2.350000000000000089e+00 5.738062474799995316e-01 5.837332488168509720e-03
2.359999999999999876e+00 5.789830244049994912e-01 5.755668634945319655e-03
2.370000000000000107e+00 5.828437222350002500e-01 5.741796163063491061e-03
2.379999999999999893e+00 5.871068158649996871e-01 5.640352848406002956e-03
2.390000000000000124e+00 5.923925412550005154e-01 5.537925702042970598e-03
2.399999999999999911e+00 5.979305340849998540e-01 5.410232241121699058e-03
2.410000000000000142e+00 6.019130211499990057e-01 5.456081084660820667e-03
2.419999999999999929e+00 6.058685608800000733e-01 5.211267094116887356e-03
2.430000000000000160e+00 6.104886900450003928e-01 5.154528698617704720e-03
