3.699999999999999956e-01 1.108768766839999254e-01 7.255108186543919547e-04
3.800000000000000044e-01 1.117546018260001245e-01 7.773192406311489611e-04
3.900000000000000133e-01 1.132309824950000904e-01 7.757493859364790120e-04
4.000000000000000222e-01 1.139813105519999065e-01 7.787794979505766654e-04
4.099999999999999756e-01 1.144258311120000399e-01 7.805639253488315908e-04
4.199999999999999845e-01 1.154831404950000390e-01 8.296244616771306047e-04
4.299999999999999933e-01 1.167014952799999977e-01 8.555623571451530024e-04
4.400000000000000022e-01 1.168831419499999497e-01 7.759628154795161032e-04
4.500000000000000111e-01 1.176284373260000488e-01 8.062305006655222893e-04
4.600000000000000200e-01 1.187483168599999667e-01 8.267108123673851984e-04
4.699999999999999734e-01 1.194346749900000448e-01 8.274565854164198358e-04
4.799999999999999822e-01 1.205632802300001666e-01 7.814180750668566801e-04
4.899999999999999911e-01 1.217588223099999034e-01 8.330862408389447336e-04
5.000000000000000000e-01 1.226897764100001037e-01 9.026399268303030455e-04
5.100000000000000089e-01 1.232056003400001376e-01 8.776974522393727772e-04
5.200000000000000178e-01 1.250930186299999691e-01 9.067657898445603305e-04
5.300000000000000266e-01 1.251158163599999928e-01 9.514758027340196843e-04
5.400000000000000355e-01 1.259864614000000549e-01 1.007402368528998891e-03
5.500000000000000444e-01 1.265224751799999547e-01 8.609490848566891258e-04
5.600000000000000533e-01 1.276973188799999936e-01 1.001039103744875546e-03
5.699999999999999512e-01 1.287445614399999327e-01 9.636491322532958958e-04
5.799999999999999600e-01 1.299098399499999668e-01 9.318870003799267256e-04
5.899999999999999689e-01 1.304756960300000046e-01 9.801950098320957525e-04
5.999999999999999778e-01 1.317710079100002929e-01 1.005890486329166344e-03
6.099999999999999867e-01 1.331741618799998916e-01 1.004974538152019750e-03
6.199999999999999956e-01 1.336354945499999836e-01 1.075994332725130906e-03
6.300000000000000044e-01 1.354036580800001277e-01 1.127317380336753487e-03
6.400000000000000133e-01 1.362731885499997853e-01 1.106607719928427106e-03
6.500000000000000222e-01 1.380461015099999633e-01 1.214701226146833787e-03
6.600000000000000311e-01 1.385309678499999364e-01 1.253513067440813287e-03
6.700000000000000400e-01 1.393061465399999255e-01 1.147522528727528768e-03
6.800000000000000488e-01 1.409947885700000292e-01 1.250933116045561044e-03
6.899999999999999467e-01 1.417049267900002130e-01 1.213856686133087982e-03
6.999999999999999556e-01 1.426307241399999703e-01 1.333020982734726577e-03
7.099999999999999645e-01 1.440067734499999030e-01 1.347516208112239239e-03
7.199999999999999734e-01 1.455239614900000200e-01 1.439087614098562935e-03
7.299999999999999822e-01 1.467500459799999657e-01 1.446528990469474760e-03
7.399999999999999911e-01 1.479797338200000700e-01 1.398536042773943812e-03
7.500000000000000000e-01 1.495397142399999824e-01 1.418793898385395163e-03
7.600000000000000089e-01 1.504550904400002165e-01 1.432691972960906330e-03
7.700000000000000178e-01 1.521218938100000195e-01 1.516194761283388330e-03
7.800000000000000266e-01 1.530346056799999632e-01 1.585427235566720357e-03
7.900000000000000355e-01 1.550353774100000914e-01 1.527831382540952368e-03
8.000000000000000444e-01 1.575035277699999847e-01 1.590412377189050642e-03
8.100000000000000533e-01 1.575351901300000024e-01 1.517400653767973914e-03
8.199999999999999512e-01 1.588582753699997741e-01 1.563274709552696243e-03
8.299999999999999600e-01 1.602788222299999232e-01 1.565974960517224927e-03
8.399999999999999689e-01 1.615688438000001670e-01 1.686721949555815454e-03
8.499999999999999778e-01 1.633868073499999962e-01 1.671213164279612652e-03
8.599999999999999867e-01 1.652780471099999648e-01 1.603702329596225131e-03
8.699999999999999956e-01 1.655420224999999135e-01 1.634119800764664713e-03
8.800000000000000044e-01 1.684297024999999171e-01 1.819862218656663738e-03
8.900000000000000133e-01 1.696739204399998480e-01 1.716206506262575550e-03
9.000000000000000222e-01 1.714178420000000980e-01 1.893395588487415890e-03
9.100000000000000311e-01 1.720841616599998458e-01 1.772933232531740365e-03
9.200000000000000400e-01 1.754932369900002453e-01 1.936554009184159346e-03
9.300000000000000488e-01 1.765032604099996683e-01 2.046310089742204089e-03
9.399999999999999467e-01 1.779931748900001887e-01 2.089018450380370363e-03
9.499999999999999556e-01 1.791804324599999276e-01 2.105471928838888868e-03
9.599999999999999645e-01 1.814693000700000058e-01 2.141424439671102322e-03
9.699999999999999734e-01 1.829573968199997847e-01 2.185766794416294477e-03
9.799999999999999822e-01 1.850482569199999039e-01 2.219579920356804393e-03
9.899999999999999911e-01 1.877466503599999892e-01 2.320891511339313613e-03
1.000000000000000000e+00 1.890742220599996581e-01 2.217013293815117952e-03
1.010000000000000009e+00 1.907903249999999828e-01 2.406169154915129439e-03
1.020000000000000018e+00 1.919047487300001298e-01 2.447875472934499252e-03
1.030000000000000027e+00 1.943243694899997320e-01 2.481109252266663727e-03
1.040000000000000036e+00 1.963096253600001839e-01 2.546232128128207966e-03
1.050000000000000044e+00 1.987917861700002897e-01 2.676976375591394539e-03
1.060000000000000053e+00 2.015693278200001992e-01 2.653221120502519733e-03
1.070000000000000062e+00 2.029356518299997303e-01 2.707011084683833349e-03
1.080000000000000071e+00 2.055687196499996761e-01 2.936514778749384300e-03
1.090000000000000080e+00 2.080361159400001270e-01 2.929675077650679364e-03
1.100000000000000089e+00 2.105235751600000038e-01 2.875947681591958880e-03
1.110000000000000098e+00 2.132800334199996817e-01 3.024930032066773175e-03
1.120000000000000107e+00 2.150346879800000555e-01 3.123896239054865451e-03
1.129999999999999893e+00 2.182527287999999899e-01 3.171328858250901071e-03
1.139999999999999902e+00 2.207144513100003091e-01 3.226567435292773678e-03
1.149999999999999911e+00 2.219153887899998068e-01 3.260041650905435434e-03
1.159999999999999920e+00 2.250891864099999751e-01 3.282394317044133245e-03
1.169999999999999929e+00 2.260796491499998673e-01 3.356470272475442669e-03
1.179999999999999938e+00 2.307851951299999538e-01 3.707087940305731685e-03
1.189999999999999947e+00 2.348008068699998507e-01 3.853476766578373472e-03
1.199999999999999956e+00 2.365739643000004666e-01 3.885879612082874471e-03
1.209999999999999964e+00 2.393008303300000195e-01 4.182899983050682863e-03
1.219999999999999973e+00 2.428727642100000916e-01 4.025256878639567847e-03
1.229999999999999982e+00 2.450616096999996274e-01 4.426209632076692595e-03
1.239999999999999991e+00 2.476969326099999480e-01 4.559595268307690789e-03
1.250000000000000000e+00 2.528565136699998939e-01 4.843603707522489525e-03
1.260000000000000009e+00 2.567044545899998531e-01 4.630711709650557964e-03
1.270000000000000018e+00 2.580177862700001601e-01 4.925486909858226708e-03
1.280000000000000027e+00 2.623120835299997955e-01 5.071193477970965639e-03
1.290000000000000036e+00 2.665988844900004651e-01 5.216264077419260209e-03
1.300000000000000044e+00 2.683903381800001320e-01 5.390660265933412687e-03
1.310000000000000053e+00 2.725505964799998515e-01 5.410391190234861356e-03
1.320000000000000062e+00 2.780179360600001370e-01 5.529776581461216985e-03
1.330000000000000071e+00 2.788284212099998438e-01 5.631645293473736859e-03
1.340000000000000080e+00 2.814184105300001071e-01 5.692902229478623288e-03
1.350000000000000089e+00 2.861845420500000459e-01 5.871897661756481264e-03
1.360000000000000098e+00 2.898686155900000450e-01 5.797040959305239244e-03
1.370000000000000107e+00 2.948445500800000452e-01 6.173872944210368266e-03
1.379999999999999893e+00 2.961572880100004079e-01 6.248304798392656338e-03
1.389999999999999902e+00 3.021725740100001389e-01 6.480362869376160399e-03
1.399999999999999911e+00 3.056393489299999988e-01 6.627701003213079707e-03
1.409999999999999920e+00 3.108079351599999929e-01 6.813466452839286695e-03
1.419999999999999929e+00 3.126254609300000986e-01 6.942577226498762577e-03
1.429999999999999938e+00 3.163799790599998718e-01 7.105579634099530584e-03
1.439999999999999947e+00 3.203084213400000380e-01 7.131027886979017863e-03
1.449999999999999956e+00 3.248344482699995761e-01 7.164353189502904729e-03
1.459999999999999964e+00 3.307031002199996572e-01 7.709388452427010097e-03
1.469999999999999973e+00 3.319045411200005069e-01 7.740179117186499896e-03
1.479999999999999982e+00 3.355942236799996925e-01 7.839438100060111894e-03
1.489999999999999991e+00 3.402881008299998289e-01 7.980086435241446133e-03
1.500000000000000000e+00 3.444846965599993038e-01 8.197446958688806018e-03
1.510000000000000009e+00 3.466546969999995120e-01 8.243905638807483630e-03
1.520000000000000018e+00 3.522720492999997233e-01 8.323225236788594009e-03
1.530000000000000027e+00 3.556685743499993779e-01 8.548430072411695654e-03
1.540000000000000036e+00 3.588142980500001467e-01 8.798489532975177496e-03
1.550000000000000044e+00 3.629367249699998466e-01 8.758474556429772517e-03
1.560000000000000053e+00 3.668193788200002081e-01 9.002512954722751218e-03
1.570000000000000062e+00 3.706809730900005873e-01 9.140359535188062948e-03
1.580000000000000071e+00 3.758475102500004050e-01 9.238868220900428932e-03
1.590000000000000080e+00 3.805724923800001269e-01 9.406667696265734804e-03
1.600000000000000089e+00 3.849105036900002941e-01 9.699316882336805543e-03
1.610000000000000098e+00 3.896282513300003414e-01 9.866328266322513252e-03
1.620000000000000107e+00 3.921546334999999051e-01 1.002221042200395623e-02
1.629999999999999893e+00 3.968624266400003209e-01 1.010097790269136493e-02
1.639999999999999902e+00 4.029867902399992818e-01 1.028815182670721716e-02
1.649999999999999911e+00 4.058015564300000988e-01 1.031965440239008928e-02
1.659999999999999920e+00 4.107447649200003936e-01 1.051017270346560686e-02
1.669999999999999929e+00 4.163949119499999463e-01 1.055164331224536615e-02
1.679999999999999938e+00 4.188184713700000561e-01 1.063691760672605228e-02
1.689999999999999947e+00 4.218891000700005223e-01 1.076507939239528845e-02
1.699999999999999956e+00 4.285402600199998413e-01 1.088732986325384282e-02
1.709999999999999964e+00 4.325520851900003794e-01 1.099720399055950995e-02
1.719999999999999973e+00 4.382318720800000289e-01 1.110133114776005493e-02
1.729999999999999982e+00 4.437200267699992762e-01 1.108936863919682964e-02
1.739999999999999991e+00 4.482772413199997974e-01 1.135110046732854504e-02
1.750000000000000000e+00 4.518080908500001769e-01 1.155850105565499157e-02
1.760000000000000009e+00 4.565943318599993694e-01 1.162332612113940906e-02
1.770000000000000018e+00 4.603363555999998025e-01 1.181550557592947470e-02
1.780000000000000027e+00 4.627843107699995961e-01 1.193739304323847977e-02
1.790000000000000036e+00 4.707944752100001740e-01 1.196288785839207114e-02
1.800000000000000044e+00 4.754317521500004418e-01 1.207063536474002781e-02
1.810000000000000053e+00 4.796692236399997533e-01 1.214533247876646398e-02
1.820000000000000062e+00 4.841218629199995349e-01 1.231707529208008606e-02
1.830000000000000071e+00 4.871977069400003080e-01 1.233159169285831351e-02
1.840000000000000080e+00 4.914370181300001805e-01 1.247983805201821096e-02
1.850000000000000089e+00 4.940253818299989441e-01 1.246668178607834854e-02
1.860000000000000098e+00 4.984963206199996000e-01 1.256872476050785274e-02
1.870000000000000107e+00 5.038305783600007803e-01 1.262503837877723863e-02
1.879999999999999893e+00 5.076060090199995267e-01 1.257878046481533674e-02
1.889999999999999902e+00 5.121138839699993506e-01 1.274687898533032222e-02
1.899999999999999911e+00 5.169420603299998973e-01 1.296337733588683559e-02
1.909999999999999920e+00 5.217893765199999034e-01 1.301691875040183154e-02
1.919999999999999929e+00 5.254352764899998807e-01 1.311724875752065880e-02
1.929999999999999938e+00 5.293603997000005945e-01 1.314712554727833459e-02
1.939999999999999947e+00 5.345042927000005495e-01 1.309489587718786624e-02
1.949999999999999956e+00 5.373269437400003401e-01 1.313192764400874721e-02
1.959999999999999964e+00 5.412105491599996654e-01 1.308199126389985104e-02
1.969999999999999973e+00 5.441172952999993040e-01 1.309884700519600535e-02
1.979999999999999982e+00 5.476307115100015332e-01 1.313901066469488899e-02
1.989999999999999991e+00 5.501146744299995062e-01 1.322512954989723058e-02
2.000000000000000000e+00 5.531054301799996908e-01 1.315706818335411407e-02
2.009999999999999787e+00 5.570223846199997553e-01 1.309348582602439491e-02
2.020000000000000018e+00 5.612286725999998671e-01 1.310009695696583848e-02
2.029999999999999805e+00 5.634860926500001588e-01 1.319050165899395520e-02
2.040000000000000036e+00 5.660175619099999667e-01 1.330976088475542725e-02
2.049999999999999822e+00 5.696440154600004302e-01 1.319434500492496463e-02
2.060000000000000053e+00 5.740264537500009423e-01 1.323087448926747386e-02
2.069999999999999840e+00 5.768847725399999238e-01 1.311749526982051474e-02
2.080000000000000071e+00 5.801961605500004504e-01 1.308727523827049599e-02
2.089999999999999858e+00 5.811561763700003880e-01 1.311250982745378393e-02
2.100000000000000089e+00 5.874464958299999706e-01 1.315683519182325387e-02
2.109999999999999876e+00 5.919635930099994559e-01 1.305361024651592941e-02
2.120000000000000107e+00 5.945978240400004999e-01 1.316885126073248820e-02
2.129999999999999893e+00 5.990758819899987264e-01 1.309307861720751011e-02
2.140000000000000124e+00 6.020237163799995184e-01 1.317907636498250046e-02
2.149999999999999911e+00 6.066428159799999165e-01 1.316450227957869680e-02
2.160000000000000142e+00 6.088519837099998222e-01 1.331394072927396741e-02
2.169999999999999929e+00 6.137924367700008377e-01 1.314517570469157966e-02
2.180000000000000160e+00 6.178810600299992073e-01 1.321717251530049250e-02
2.189999999999999947e+00 6.204433884999995819e-01 1.318338039918530262e-02
2.200000000000000178e+00 6.233179708899992955e-01 1.322760055470745440e-02
2.209999999999999964e+00 6.275059251700004781e-01 1.312145670076342134e-02
2.220000000000000195e+00 6.325919608100003533e-01 1.304601005323714411e-02
2.229999999999999982e+00 6.364061983499988973e-01 1.290704463862678286e-02
2.240000000000000213e+00 6.394007017100002965e-01 1.292871078076602252e-02
2.250000000000000000e+00 6.439032195899999644e-01 1.280489830673798082e-02
2.259999999999999787e+00 6.475863863600008763e-01 1.286948030718717585e-02
2.270000000000000018e+00 6.506110700599996299e-01 1.276455367184222561e-02
2.279999999999999805e+00 6.532229883600007003e-01 1.272926954479492931e-02
2.290000000000000036e+00 6.551820188800006051e-01 1.280293915991168388e-02
2.299999999999999822e+00 6.570592435500003381e-01 1.269670045346344735e-02
2.310000000000000053e+00 6.607347504499989643e-01 1.254395360899759719e-02
2.319999999999999840e+00 6.625837939600004445e-01 1.240390450109618743e-02
2.330000000000000071e+00 6.639107320599999529e-01 1.254098678928335792e-02
2.339999999999999858e+00 6.676190759200010261e-01 1.210256702360979798e-02
2.350000000000000089e+00 6.720510554199997655e-01 1.204883566393845536e-02
2.359999999999999876e+00 6.759611421600004721e-01 1.189938472913955325e-02
2.370000000000000107e+00 6.777505322299995916e-01 1.190803345968649736e-02
2.379999999999999893e+00 6.803892571000000888e-01 1.173473934052406131e-02
2.390000000000000124e+00 6.826373150299995807e-01 1.181868795861587898e-02
2.399999999999999911e+00 6.857675470899997627e-01 1.176178032328467800e-02
2.410000000000000142e+00 6.904097712499995820e-01 1.163696142607287091e-02
2.419999999999999929e+00 6.911210978800002014e-01 1.163816701657031764e-02
2.430000000000000160e+00 6.939548380099996860e-01 1.167009028632008845e-02
2.439999999999999947e+00 6.952698683100011490e-01 1.164259389822040573e-02
2.450000000000000178e+00 6.969033495700012182e-01 1.164884242221453543e-02
2.459999999999999964e+00 7.010854770199992370e-01 1.149783774699653441e-02
2.470000000000000195e+00 7.020468007600008109e-01 1.173037409668801871e-02
2.479999999999999982e+00 7.032859515099996184e-01 1.171929812009085171e-02
2.490000000000000213e+00 7.063889527599995777e-01 1.158618152159912075e-02
2.500000000000000000e+00 7.085206472300004110e-01 1.155517786815122606e-02
2.509999999999999787e+00 7.109579141999995411e-01 1.146806213930354201e-02
2.520000000000000018e+00 7.142324548100008608e-01 1.127581830584899539e-02
2.529999999999999805e+00 7.160572531000009011e-01 1.134435628897976188e-02
2.540000000000000036e+00 7.180476887000004638e-01 1.127502634201739927e-02
2.549999999999999822e+00 7.195524952099999760e-01 1.129917643229568988e-02
2.560000000000000053e+00 7.217481512499992480e-01 1.126956107759821343e-02
2.569999999999999840e+00 7.239317222099989069e-01 1.122783885847588627e-02
2.580000000000000071e+00 7.258239011799992868e-01 1.122424634179690871e-02
2.589999999999999858e+00 7.292385720299999763e-01 1.108666697484484917e-02
2.600000000000000089e+00 7.304135519800005749e-01 1.104227346915574205e-02
2.609999999999999876e+00 7.334450127299997346e-01 1.089425620234386882e-02
2.620000000000000107e+00 7.369117081999998486e-01 1.070064841627624275e-02
2.629999999999999893e+00 7.370758294899999452e-01 1.086275345578405736e-02
2.640000000000000124e+00 7.395909425600006859e-01 1.077664245723686069e-02
2.649999999999999911e+00 7.423925740699990339e-01 1.074008813697484646e-02
2.660000000000000142e+00 7.434409500399995485e-01 1.082916218221075151e-02
2.669999999999999929e+00 7.443057201100004017e-01 1.080568900758449233e-02
2.680000000000000160e+00 7.457712938100001798e-01 1.080267578468272968e-02
2.689999999999999947e+00 7.480773269499996214e-01 1.070950839912229377e-02
2.700000000000000178e+00 7.495243397300003219e-01 1.067704702475465693e-02
2.709999999999999964e+00 7.518820316099995571e-01 1.072082962107660971e-02
2.720000000000000195e+00 7.533504095500009878e-01 1.073542202943375719e-02
2.729999999999999982e+00 7.553861366699997637e-01 1.060361067416276497e-02
2.740000000000000213e+00 7.563214381699999711e-01 1.059604658923487229e-02
2.750000000000000000e+00 7.578215641199996799e-01 1.055800737322598430e-02
2.759999999999999787e+00 7.602251113400009253e-01 1.046826661850312409e-02
2.770000000000000018e+00 7.615494556099992041e-01 1.046066292377170921e-02
2.779999999999999805e+00 7.629686688100000280e-01 1.043354940918998774e-02
2.790000000000000036e+00 7.647959225900003988e-01 1.042451656225343477e-02
2.799999999999999822e+00 7.663674732899991016e-01 1.030573108413266811e-02
2.810000000000000053e+00 7.680484232900000041e-01 1.025168718313629497e-02
2.819999999999999840e+00 7.694473812600000073e-01 1.021874842767392724e-02
2.830000000000000071e+00 7.715410726199994906e-01 1.012547030156843442e-02
2.839999999999999858e+00 7.729075382600006927e-01 1.010543418237585742e-02
2.850000000000000089e+00 7.741669164300006845e-01 1.008758669874740797e-02
2.859999999999999876e+00 7.755569141900000574e-01 1.003758598286643919e-02
2.870000000000000107e+00 7.758407860900004005e-01 1.011119502116934570e-02
2.879999999999999893e+00 7.785895362500006023e-01 9.844937883520806648e-03
2.890000000000000124e+00 7.803048795399996074e-01 9.714708121607788793e-03
2.899999999999999911e+00 7.817147768499987937e-01 9.654260521256896599e-03
2.910000000000000142e+00 7.834180817799997198e-01 9.573600609557517127e-03
2.919999999999999929e+00 7.847396787499992810e-01 9.530606863058042194e-03
2.930000000000000160e+00 7.860229398299989345e-01 9.484242452916657670e-03
2.939999999999999947e+00 7.872612124199988015e-01 9.446591347778412681e-03
2.950000000000000178e+00 7.886439643899990637e-01 9.447752390948626136e-03
2.959999999999999964e+00 7.898815981300001399e-01 9.411754110635975681e-03
2.970000000000000195e+00 7.910705563199992296e-01 9.388700423212284485e-03
2.979999999999999982e+00 7.931477480700014349e-01 9.236592471353298472e-03
2.990000000000000213e+00 7.924843387400003492e-01 9.594439573223064247e-03
3.000000000000000000e+00 7.935592211099996574e-01 9.593913246086771540e-03
3.009999999999999787e+00 7.947651530600005065e-01 9.550723309376034018e-03
3.020000000000000018e+00 7.957958310300007332e-01 9.550158987019571541e-03
3.029999999999999805e+00 7.969215541599995456e-01 9.514459673865570399e-03
3.040000000000000036e+00 7.968816350199990906e-01 9.660131018679456172e-03
3.049999999999999822e+00 7.987961050000008667e-01 9.560690297835404070e-03
3.060000000000000053e+00 7.998802210299986726e-01 9.532634915931627317e-03
3.069999999999999840e+00 8.011681191499990806e-01 9.505119815597930580e-03
3.080000000000000071e+00 8.033623399399998366e-01 9.297293239802254319e-03
3.089999999999999858e+00 8.049023005700001177e-01 9.187015228531950073e-03
3.100000000000000089e+00 8.048455982599999059e-01 9.329485843289535632e-03
3.109999999999999876e+00 8.063741329499992672e-01 9.240369041763746988e-03
3.120000000000000107e+00 8.073885704300004518e-01 9.217602855454063576e-03
3.129999999999999893e+00 8.084634591999996234e-01 9.164734015808176718e-03
3.140000000000000124e+00 8.095286007099999903e-01 9.105688652730481447e-03
3.149999999999999911e+00 8.110960497700012706e-01 8.785552662695676404e-03
3.160000000000000142e+00 8.125427644199998412e-01 8.592497067762149346e-03
3.169999999999999929e+00 8.133102495099999718e-01 8.633911286373599503e-03
3.180000000000000160e+00 8.142233160599990915e-01 8.633828219353961719e-03
3.189999999999999947e+00 8.157721637099993872e-01 8.530378421328314170e-03
3.200000000000000178e+00 8.169758719700002114e-01 8.463758061167090535e-03
3.209999999999999964e+00 8.181000082700006226e-01 8.385254481559373946e-03
3.220000000000000195e+00 8.192634790199990746e-01 8.392429218439809505e-03
3.229999999999999982e+00 8.201921946299988164e-01 8.368742116887265686e-03
3.240000000000000213e+00 8.211132315700006012e-01 8.348978105977093375e-03
3.250000000000000000e+00 8.224877985600007602e-01 8.292992641733757178e-03
3.259999999999999787e+00 8.234359069900002437e-01 8.245709750974017718e-03
3.270000000000000018e+00 8.243727863100002162e-01 8.205048586682280390e-03
3.279999999999999805e+00 8.240443771700003417e-01 8.407675850155874389e-03
3.290000000000000036e+00 8.231675885699989426e-01 8.641649586743994915e-03
3.299999999999999822e+00 8.264287369800003002e-01 8.282537065093352122e-03
3.310000000000000053e+00 8.285482603199991747e-01 8.002777504143396281e-03
3.319999999999999840e+00 8.306515291300001769e-01 7.745637749267422940e-03
3.330000000000000071e+00 8.312445155399997843e-01 7.735874507038583217e-03
3.339999999999999858e+00 8.306395235200005889e-01 8.108444262155631646e-03
3.350000000000000089e+00 8.319052024799996614e-01 8.009628032588965788e-03
3.359999999999999876e+00 8.323105383899997989e-01 7.954587482217457747e-03
3.370000000000000107e+00 8.334203868200003029e-01 7.915732648427941526e-03
3.379999999999999893e+00 8.328019594399994618e-01 8.293311011140391820e-03
3.390000000000000124e+00 8.347033543099997566e-01 7.872888664961679231e-03
3.399999999999999911e+00 8.355968181900010894e-01 7.833716806241397546e-03
3.410000000000000142e+00 8.364161939299999959e-01 7.812451007628662229e-03
3.419999999999999929e+00 8.372339240799989701e-01 7.781431521926637437e-03
3.430000000000000160e+00 8.380266473100000946e-01 7.760842506158881736e-03
3.439999999999999947e+00 8.387749621000012423e-01 7.752210416533406555e-03
3.450000000000000178e+00 8.395906132999999549e-01 7.716070288447055524e-03
3.459999999999999964e+00 8.414020926500010988e-01 7.551312987494867256e-03
3.470000000000000195e+00 8.400932683600003115e-01 7.917034665013559722e-03
3.479999999999999982e+00 8.419225524100010238e-01 7.708658229589553275e-03
3.490000000000000213e+00 8.426539343800000248e-01 7.703115865886265429e-03
3.500000000000000000e+00 8.445508393799995295e-01 7.551590863259684608e-03
3.509999999999999787e+00 8.445024520699996318e-01 7.513543558907817728e-03
3.520000000000000018e+00 8.461188358500006945e-01 7.338315623753268423e-03
3.529999999999999805e+00 8.485798700300014596e-01 6.834080355358742621e-03
3.540000000000000036e+00 8.493771429699994435e-01 6.786373202670988557e-03
3.549999999999999822e+00 8.501736807100004345e-01 6.737524892379382138e-03
