5.200000000000000178e-01 4.396132483149998993e-02 1.452848575637518899e-04
5.300000000000000266e-01 4.429120044049993793e-02 1.565710252561102345e-04
5.400000000000000355e-01 4.477028032299998350e-02 1.568099044845958317e-04
5.500000000000000444e-01 4.518710501750000663e-02 1.511178458691368970e-04
5.600000000000000533e-01 4.543084367949998953e-02 1.541295502380951327e-04
5.699999999999999512e-01 4.570400882649990754e-02 1.497777462055036100e-04
5.799999999999999600e-01 4.614139194100002478e-02 1.532221030793133186e-04
5.899999999999999689e-01 4.659035792999999953e-02 1.566054849617961806e-04
5.999999999999999778e-01 4.699297327450007583e-02 1.586999674599766255e-04
6.099999999999999867e-01 4.734432517350003339e-02 1.548959213787746275e-04
6.199999999999999956e-01 4.772412353549995018e-02 1.786746769057095214e-04
6.300000000000000044e-01 4.823539796750003078e-02 1.785104660515594020e-04
6.400000000000000133e-01 4.858408713349997299e-02 1.697850751190403164e-04
6.500000000000000222e-01 4.905302318400005940e-02 1.664427811981932003e-04
6.600000000000000311e-01 4.941684630550003537e-02 1.883390248180486176e-04
6.700000000000000400e-01 4.986260942750002367e-02 1.696678776793137755e-04
6.800000000000000488e-01 5.041141280399999425e-02 1.760518507532848084e-04
6.899999999999999467e-01 5.068594055999999654e-02 1.663303397399545545e-04
6.999999999999999556e-01 5.117188047500000059e-02 1.942889750899754321e-04
7.099999999999999645e-01 5.172701178650000037e-02 1.815940100951770643e-04
7.199999999999999734e-01 5.211264895450003209e-02 1.986905683067984409e-04
7.299999999999999822e-01 5.264436925350002294e-02 1.868525005036016638e-04
7.399999999999999911e-01 5.313646030049999636e-02 2.054161882676109870e-04
7.500000000000000000e-01 5.373464168649998846e-02 2.146503349669838512e-04
7.600000000000000089e-01 5.415004297749992368e-02 1.950302103954916998e-04
7.700000000000000178e-01 5.472153148549998430e-02 2.054384910061494561e-04
7.800000000000000266e-01 5.529170328799994094e-02 2.158111198404838340e-04
7.900000000000000355e-01 5.597688268699999720e-02 2.142509677309394945e-04
8.000000000000000444e-01 5.659406144099997371e-02 2.181275213891809418e-04
8.100000000000000533e-01 5.689228875800003693e-02 2.258178926017658666e-04
8.199999999999999512e-01 5.718794552600000441e-02 2.318238747739405196e-04
8.299999999999999600e-01 5.829801092499999754e-02 2.397372615885742732e-04
8.399999999999999689e-01 5.872463903399992302e-02 2.331828555510281258e-04
8.499999999999999778e-01 5.950105589600002132e-02 2.368927221967012534e-04
8.599999999999999867e-01 5.986818612049991245e-02 2.344315745276849268e-04
8.699999999999999956e-01 6.046994334350006689e-02 2.608532674897237483e-04
8.800000000000000044e-01 6.148230834550000301e-02 2.744388613650235284e-04
8.900000000000000133e-01 6.169145368800003221e-02 2.701666839689641632e-04
9.000000000000000222e-01 6.258016249050002422e-02 2.705905605668138024e-04
9.100000000000000311e-01 6.308973160399995728e-02 2.784379255230134574e-04
9.200000000000000400e-01 6.395855323799998216e-02 2.981505518067888573e-04
9.300000000000000488e-01 6.471599094700003496e-02 3.031125629140886272e-04
9.399999999999999467e-01 6.531092867049999307e-02 2.879073482774883444e-04
9.499999999999999556e-01 6.608904902600000464e-02 3.053891758186834914e-04
9.599999999999999645e-01 6.682395193050000293e-02 3.264563034383127045e-04
9.699999999999999734e-01 6.742713317450008126e-02 3.189879697403502092e-04
9.799999999999999822e-01 6.844093526649998316e-02 3.293479513036497489e-04
9.899999999999999911e-01 6.909251145550002193e-02 3.447010206670811025e-04
1.000000000000000000e+00 7.007477810749998537e-02 3.659211987413054311e-04
1.010000000000000009e+00 7.101261439850001245e-02 3.719459092716746003e-04
1.020000000000000018e+00 7.186407526450003247e-02 4.146484391063457310e-04
1.030000000000000027e+00 7.241330578450007327e-02 3.918804573693599911e-04
1.040000000000000036e+00 7.346699720750012041e-02 3.962543292227736812e-04
1.050000000000000044e+00 7.470852776149992935e-02 4.108326680514432384e-04
1.060000000000000053e+00 7.559299128600002748e-02 4.119381640796365815e-04
1.070000000000000062e+00 7.653938587300000707e-02 3.947481535708738409e-04
1.080000000000000071e+00 7.741944906400002879e-02 4.046973836243004897e-04
1.090000000000000080e+00 7.855065357550002070e-02 4.498771728742249746e-04
1.100000000000000089e+00 7.944106090000001286e-02 4.861588050949978740e-04
1.110000000000000098e+00 8.079618350750000788e-02 4.443195129387786770e-04
1.120000000000000107e+00 8.159477539449994099e-02 5.043416258035828383e-04
1.129999999999999893e+00 8.314411072400003377e-02 5.250190629202635588e-04
1.139999999999999902e+00 8.421296561400004599e-02 5.074822684210663704e-04
1.149999999999999911e+00 8.522964248899983497e-02 5.366829824566583676e-04
1.159999999999999920e+00 8.624390277100005275e-02 5.980814575644452990e-04
1.169999999999999929e+00 8.747532493250000096e-02 6.344188884134823033e-04
1.179999999999999938e+00 8.857627030149993475e-02 6.082895904175941856e-04
1.189999999999999947e+00 8.959729208699997172e-02 6.547231217252378124e-04
1.199999999999999956e+00 9.098786995149986401e-02 6.182751978232520814e-04
1.209999999999999964e+00 9.232247794700003396e-02 7.130036053244057570e-04
1.219999999999999973e+00 9.351619267549986236e-02 7.185950378321420825e-04
1.229999999999999982e+00 9.537632807899998344e-02 7.209736893721621891e-04
1.239999999999999991e+00 9.633914207300008081e-02 7.569575847259863224e-04
1.250000000000000000e+00 9.776963892749993001e-02 7.744601499735425179e-04
1.260000000000000009e+00 9.959519488100006257e-02 8.184368668828814189e-04
1.270000000000000018e+00 1.009775131554999372e-01 8.638507279144916947e-04
1.280000000000000027e+00 1.019059179265001808e-01 8.803745178239292006e-04
1.290000000000000036e+00 1.046304118465000710e-01 9.020531385328636655e-04
1.300000000000000044e+00 1.054559964675000072e-01 9.397541648130640227e-04
1.310000000000000053e+00 1.066813106644998455e-01 1.054479240511419901e-03
1.320000000000000062e+00 1.089641990515000936e-01 1.104645333722624424e-03
1.330000000000000071e+00 1.106958799790000308e-01 1.086651016081993486e-03
1.340000000000000080e+00 1.120442377995001654e-01 1.206875105663759691e-03
1.350000000000000089e+00 1.142861492345000618e-01 1.202430759584407517e-03
1.360000000000000098e+00 1.162295466115000897e-01 1.297213723862119085e-03
1.370000000000000107e+00 1.171674190845000685e-01 1.213385232861891646e-03
1.379999999999999893e+00 1.190593940444998888e-01 1.253363822169818514e-03
1.389999999999999902e+00 1.218817023054999948e-01 1.400115197374473923e-03
1.399999999999999911e+00 1.240154272879999270e-01 1.400714589422244038e-03
1.409999999999999920e+00 1.259606790220000050e-01 1.509321058341435082e-03
1.419999999999999929e+00 1.292958473010001330e-01 1.571892855838879664e-03
1.429999999999999938e+00 1.302136722869997876e-01 1.578860118152862133e-03
1.439999999999999947e+00 1.334721034509999404e-01 1.622649503525435202e-03
1.449999999999999956e+00 1.361448217110001468e-01 1.779844512524024350e-03
1.459999999999999964e+00 1.373778307554999745e-01 1.865583539544211911e-03
1.469999999999999973e+00 1.391445503425000618e-01 1.923191415248595368e-03
1.479999999999999982e+00 1.410896263049999655e-01 1.940743002945039377e-03
1.489999999999999991e+00 1.448019767659999846e-01 2.181801240871403258e-03
1.500000000000000000e+00 1.469000549644999820e-01 2.036830416543540436e-03
1.510000000000000009e+00 1.503046529900002037e-01 2.286340798360081156e-03
1.520000000000000018e+00 1.534907784350001969e-01 2.333568869241250000e-03
1.530000000000000027e+00 1.550729695549998843e-01 2.518922010450022619e-03
1.540000000000000036e+00 1.594933800300000204e-01 2.572689499710411470e-03
1.550000000000000044e+00 1.613044402249997622e-01 2.588859252878252838e-03
1.560000000000000053e+00 1.660745260150000846e-01 2.857232084744392407e-03
1.570000000000000062e+00 1.687602275550000308e-01 2.848354550841428016e-03
1.580000000000000071e+00 1.707787619549996083e-01 3.053448257575023216e-03
1.590000000000000080e+00 1.749013535200000247e-01 3.193671675713001968e-03
1.600000000000000089e+00 1.783786631300002534e-01 3.232562181441060549e-03
1.610000000000000098e+00 1.810860729000002833e-01 3.418469282784555689e-03
1.620000000000000107e+00 1.868226250850001102e-01 3.602763101327119150e-03
1.629999999999999893e+00 1.905393469349999647e-01 3.644018217790684095e-03
1.639999999999999902e+00 1.937728363100000017e-01 3.908214038199407311e-03
1.649999999999999911e+00 1.976595451399998649e-01 3.971229755609366474e-03
1.659999999999999920e+00 2.016890777900001153e-01 4.123729771254702921e-03
1.669999999999999929e+00 2.065494842299999967e-01 4.375383378002211179e-03
1.679999999999999938e+00 2.101908386099999027e-01 4.466067109457814988e-03
1.689999999999999947e+00 2.163082916400000666e-01 4.750787011597736031e-03
1.699999999999999956e+00 2.198828395749997389e-01 4.739758991377567010e-03
1.709999999999999964e+00 2.240623255150001325e-01 4.834911494095303630e-03
1.719999999999999973e+00 2.289021838549999688e-01 5.055753638000850571e-03
1.729999999999999982e+00 2.320432944899998295e-01 5.146054199124542976e-03
1.739999999999999991e+00 2.378973064649995417e-01 5.317127057033941423e-03
1.750000000000000000e+00 2.416028510799997364e-01 5.467335684493634766e-03
1.760000000000000009e+00 2.480165427699998482e-01 5.540599221571114105e-03
1.770000000000000018e+00 2.508990502799999245e-01 5.634777925960960353e-03
1.780000000000000027e+00 2.584594344550004696e-01 5.797357001087837663e-03
1.790000000000000036e+00 2.618994480649998180e-01 5.811957966060962537e-03
1.800000000000000044e+00 2.670439623900003889e-01 6.052494667453085266e-03
1.810000000000000053e+00 2.719318341699999420e-01 6.105583772077515133e-03
1.820000000000000062e+00 2.774904962950000553e-01 6.265243509055985933e-03
1.830000000000000071e+00 2.835522527700000683e-01 6.401708364821563461e-03
1.840000000000000080e+00 2.893158809149993793e-01 6.450855907220778666e-03
1.850000000000000089e+00 2.956027169350003425e-01 6.696056459843719236e-03
1.860000000000000098e+00 2.997215658749997624e-01 6.768825269762166613e-03
1.870000000000000107e+00 3.060629606950001080e-01 6.911658470575204015e-03
1.879999999999999893e+00 3.114022368649999040e-01 6.987588774565085120e-03
1.889999999999999902e+00 3.185503584100002339e-01 7.095955160790281407e-03
1.899999999999999911e+00 3.243760478800000735e-01 7.182945114992888951e-03
1.909999999999999920e+00 3.291917979449992537e-01 7.260127939490119281e-03
1.919999999999999929e+00 3.361699188250000248e-01 7.501820257335077048e-03
1.929999999999999938e+00 3.422759970099998328e-01 7.368369638842495878e-03
1.939999999999999947e+00 3.470670230850004256e-01 7.475250535786888938e-03
1.949999999999999956e+00 3.527945158699999917e-01 7.695297852246376150e-03
1.959999999999999964e+00 3.598083601799997311e-01 7.613174813056121024e-03
1.969999999999999973e+00 3.669165899999998759e-01 7.631649208094588334e-03
1.979999999999999982e+00 3.722450857549999270e-01 7.797344649678923829e-03
1.989999999999999991e+00 3.788660399899996256e-01 8.068034389283282662e-03
2.000000000000000000e+00 3.857811428500004802e-01 7.958791928187028755e-03
2.009999999999999787e+00 3.929842207349999450e-01 7.891320089412380556e-03
2.020000000000000018e+00 3.980513808750001936e-01 8.157774868139242366e-03
2.029999999999999805e+00 4.031386838000002859e-01 8.171312684747888619e-03
2.040000000000000036e+00 4.107345134849997303e-01 8.071120758055010461e-03
2.049999999999999822e+00 4.169896995550004259e-01 8.043930401017092280e-03
2.060000000000000053e+00 4.195776845299997726e-01 8.007937381631309581e-03
2.069999999999999840e+00 4.287838148499995561e-01 7.968174008291965815e-03
2.080000000000000071e+00 4.335357743499997918e-01 8.102107667889617629e-03
2.089999999999999858e+00 4.386953805100001769e-01 8.072919124644120994e-03
2.100000000000000089e+00 4.470608026499993670e-01 8.114434697176957020e-03
2.109999999999999876e+00 4.523630726399998081e-01 8.054455307437089970e-03
2.120000000000000107e+00 4.578907713800005053e-01 8.083608359031331514e-03
2.129999999999999893e+00 4.658249130249995651e-01 8.084182634047490379e-03
2.140000000000000124e+00 4.698468464600006889e-01 7.992702413725986596e-03
2.149999999999999911e+00 4.778669696149999147e-01 7.975386904212853137e-03
2.160000000000000142e+00 4.826524973950004904e-01 7.856720028625044372e-03
2.169999999999999929e+00 4.885762304000003664e-01 7.943729628321382838e-03
2.180000000000000160e+00 4.950772414199992588e-01 7.905162849552697588e-03
2.189999999999999947e+00 4.990008104100001618e-01 7.770858262261960692e-03
2.200000000000000178e+00 5.036475862400004999e-01 7.935025921326424939e-03
2.209999999999999964e+00 5.096596744250000421e-01 7.825310505674145170e-03
2.220000000000000195e+00 5.160132789799988240e-01 7.773600877554158982e-03
2.229999999999999982e+00 5.192370707799995877e-01 7.715677520900716437e-03
2.240000000000000213e+00 5.256430648999995681e-01 7.775698043273415391e-03
2.250000000000000000e+00 5.301207024650003152e-01 7.615271048330315290e-03
2.259999999999999787e+00 5.353238480249996600e-01 7.553471053943652466e-03
2.270000000000000018e+00 5.409678422400000519e-01 7.436710294976649899e-03
2.279999999999999805e+00 5.466140973150003246e-01 7.416825162719077949e-03
2.290000000000000036e+00 5.519397964400011292e-01 7.316427718647141275e-03
2.299999999999999822e+00 5.565718665300002366e-01 7.186752684813770171e-03
2.310000000000000053e+00 5.609651957199990324e-01 7.137020195095222092e-03
2.319999999999999840e+00 5.664626901899998401e-01 7.250079823851647044e-03
2.330000000000000071e+00 5.706164208450001940e-01 7.047716367678111792e-03
2.339999999999999858e+00 5.753213428400004714e-01 7.041808969619232222e-03
2.350000000000000089e+00 5.793716297450010044e-01 7.017598181625801096e-03
2.359999999999999876e+00 5.844954554999995944e-01 6.873319463590563637e-03
2.370000000000000107e+00 5.887014289350005480e-01 6.763410849460909681e-03
2.379999999999999893e+00 5.927138121199998499e-01 6.693579737173297947e-03
2.390000000000000124e+00 5.958874065650000551e-01 6.696862397892770422e-03
2.399999999999999911e+00 6.011008806499995583e-01 6.600978023798056808e-03
2.410000000000000142e+00 6.060213377700008897e-01 6.505384200732601020e-03
2.419999999999999929e+00 6.102320443349987800e-01 6.391454779487720436e-03
2.430000000000000160e+00 6.141031940349993556e-01 6.363802228888782928e-03
2.439999999999999947e+00 6.179013491700003913e-01 6.229569090384533096e-03
2.450000000000000178e+00 6.220958302150001451e-01 6.191613306165391108e-03
2.459999999999999964e+00 6.267257034750004507e-01 6.065772931525201250e-03
2.470000000000000195e+00 6.316255895350004756e-01 5.896803562751222298e-03
2.479999999999999982e+00 6.335245242150000511e-01 6.023005386511666968e-03
2.490000000000000213e+00 6.380361109949999054e-01 5.817435070743644590e-03
2.500000000000000000e+00 6.427682353999998321e-01 5.761380256684920688e-03
2.509999999999999787e+00 6.461840161749989875e-01 5.605687250617770283e-03
2.520000000000000018e+00 6.494624193349995966e-01 5.595501832450070802e-03
2.529999999999999805e+00 6.534504896349998537e-01 5.535061959474913557e-03
2.540000000000000036e+00 6.579475952449996834e-01 5.448716927335793374e-03
2.549999999999999822e+00 6.609120543899997813e-01 5.389295947333411045e-03
2.560000000000000053e+00 6.635637592800008866e-01 5.443614219188352629e-03
2.569999999999999840e+00 6.662297510600000416e-01 5.361662954983052384e-03
2.580000000000000071e+00 6.681851283199996550e-01 5.436228752310661230e-03
2.589999999999999858e+00 6.713688370450017207e-01 5.256552306803346890e-03
