1.500000000000000000e+00 3.405200301649995848e-02 2.086853086391901992e-04
1.510000000000000009e+00 3.484884678250004669e-02 2.116565064975817038e-04
1.520000000000000018e+00 3.525496812549998998e-02 2.267648791730943105e-04
1.530000000000000027e+00 3.616487780449998551e-02 2.371048432395733805e-04
1.540000000000000036e+00 3.687791335300000944e-02 2.132584675902478495e-04
1.550000000000000044e+00 3.754583078300002125e-02 2.607488748935683364e-04
1.560000000000000053e+00 3.840928641800002430e-02 2.807081339623179197e-04
1.570000000000000062e+00 3.929141077550000333e-02 2.690056495433630558e-04
1.580000000000000071e+00 4.005536773899997377e-02 3.205709199686108957e-04
1.590000000000000080e+00 4.120325617450008859e-02 2.956434847133583739e-04
1.600000000000000089e+00 4.186521761450000961e-02 3.294413695491014765e-04
1.610000000000000098e+00 4.283418432049999197e-02 3.421001364431234225e-04
1.620000000000000107e+00 4.393395878749985911e-02 3.696617996682226683e-04
1.629999999999999893e+00 4.486701168799996087e-02 3.890632318978425475e-04
1.639999999999999902e+00 4.604149997999999744e-02 4.168634187133078511e-04
1.649999999999999911e+00 4.727310861550000631e-02 4.548947990506011971e-04
1.659999999999999920e+00 4.836438404399993896e-02 4.874185641890259432e-04
1.669999999999999929e+00 4.961050544400000262e-02 4.741465903309495934e-04
1.679999999999999938e+00 5.093858139400000290e-02 5.489406767709732867e-04
1.689999999999999947e+00 5.260918485200007794e-02 5.552015020443107048e-04
1.699999999999999956e+00 5.462121380499994350e-02 6.018406968517476087e-04
1.709999999999999964e+00 5.609686050900006965e-02 6.620897423314498192e-04
1.719999999999999973e+00 5.729571960149998366e-02 7.084863053516293231e-04
1.729999999999999982e+00 5.917898051850003366e-02 7.809320858907336767e-04
1.739999999999999991e+00 6.163442116450006808e-02 8.339708919142484710e-04
1.750000000000000000e+00 6.413103813299997347e-02 9.103071928137674044e-04
1.760000000000000009e+00 6.582641744899996039e-02 9.904246307925804443e-04
1.770000000000000018e+00 6.832369918600005032e-02 1.011496842672220380e-03
1.780000000000000027e+00 7.105833133999996110e-02 1.141862777331518163e-03
1.790000000000000036e+00 7.412214127900003391e-02 1.316044795892057492e-03
1.800000000000000044e+00 7.680517067700001754e-02 1.397404410116350696e-03
1.810000000000000053e+00 8.087306807749995718e-02 1.647584590981020962e-03
1.820000000000000062e+00 8.437835748500006894e-02 1.628649518090664579e-03
1.830000000000000071e+00 8.809846701249991752e-02 1.772982734481158389e-03
1.840000000000000080e+00 9.301657143399996719e-02 1.978242508977605136e-03
1.850000000000000089e+00 9.705635979900004151e-02 2.201643628420795525e-03
1.860000000000000098e+00 1.035004131074999667e-01 2.294159968183682140e-03
1.870000000000000107e+00 1.077351691144999707e-01 2.462948006230084551e-03
1.879999999999999893e+00 1.150704252129999688e-01 2.785000425872943830e-03
1.889999999999999902e+00 1.214102254789998225e-01 2.952986798710656099e-03
1.899999999999999911e+00 1.267962827730000352e-01 3.138907871465547970e-03
1.909999999999999920e+00 1.372795436344999287e-01 3.450784020333808565e-03
1.919999999999999929e+00 1.423333424859999641e-01 3.595183092925151140e-03
1.929999999999999938e+00 1.526916282329998376e-01 3.743580270029135595e-03
1.939999999999999947e+00 1.609197346175003651e-01 3.903115740287555185e-03
1.949999999999999956e+00 1.692252319169999242e-01 4.030405551153332100e-03
1.959999999999999964e+00 1.781416909595001652e-01 4.281609270059378962e-03
1.969999999999999973e+00 1.895267515615002563e-01 4.389882840339328837e-03
1.979999999999999982e+00 1.985435534614999054e-01 4.434077200309713071e-03
1.989999999999999991e+00 2.091230914984999190e-01 4.512799396993139381e-03
2.000000000000000000e+00 2.195366721474998062e-01 4.565827946500180916e-03
2.009999999999999787e+00 2.326974813449998181e-01 4.519774665424199957e-03
2.020000000000000018e+00 2.433688910225002278e-01 4.443242324349526429e-03
2.029999999999999805e+00 2.529784934034999266e-01 4.576651509095066607e-03
2.040000000000000036e+00 2.656720680269996082e-01 4.390780191052857939e-03
2.049999999999999822e+00 2.768226806700000431e-01 4.484615225936136942e-03
2.060000000000000053e+00 2.874568121680002308e-01 4.451199318232828411e-03
2.069999999999999840e+00 2.996156788100002855e-01 4.327897260367712454e-03
2.080000000000000071e+00 3.100117947300007337e-01 4.257980326663701916e-03
2.089999999999999858e+00 3.211184618100001442e-01 4.155647308779323451e-03
2.100000000000000089e+00 3.330794035149999832e-01 4.032432480121420776e-03
2.109999999999999876e+00 3.428376891500002910e-01 3.934481563228529877e-03
2.120000000000000107e+00 3.530006751049996061e-01 3.874629968706039523e-03
2.129999999999999893e+00 3.638838052750001384e-01 3.646138873727614721e-03
2.140000000000000124e+00 3.737124201449993910e-01 3.652317322052131034e-03
2.149999999999999911e+00 3.834988184200001093e-01 3.447502360216310631e-03
2.160000000000000142e+00 3.926029564549996520e-01 3.459723518448945719e-03
2.169999999999999929e+00 4.021311372000000439e-01 3.336444034235522011e-03
2.180000000000000160e+00 4.104468035049995134e-01 3.190183907033190391e-03
2.189999999999999947e+00 4.187982525849999749e-01 3.161934404202638299e-03
