1.040000000000000036e+00 1.035345641689998514e-01 9.538574990559868690e-04
1.050000000000000044e+00 1.043746312509999108e-01 9.293789039463071482e-04
1.060000000000000053e+00 1.053757153520000212e-01 9.975780890125927024e-04
1.070000000000000062e+00 1.069472476650001752e-01 9.927487975530944250e-04
1.080000000000000071e+00 1.084203536970001214e-01 1.036911726157821543e-03
1.090000000000000080e+00 1.091417439599998984e-01 1.052719367775809944e-03
1.100000000000000089e+00 1.100697933380000715e-01 1.041627722296142432e-03
1.110000000000000098e+00 1.123007606680001408e-01 1.180204827511493592e-03
1.120000000000000107e+00 1.136347714800000630e-01 1.163776366096287663e-03
1.129999999999999893e+00 1.150726274000000021e-01 1.243853385231921509e-03
1.139999999999999902e+00 1.174949349630000500e-01 1.230327258182491472e-03
1.149999999999999911e+00 1.181949975720000129e-01 1.284302754459289934e-03
1.159999999999999920e+00 1.192877000850002950e-01 1.224989171692618785e-03
1.169999999999999929e+00 1.212541427379999898e-01 1.461741307977248864e-03
1.179999999999999938e+00 1.229322607459999855e-01 1.483092183203691891e-03
1.189999999999999947e+00 1.244897913029999609e-01 1.606314341651439524e-03
1.199999999999999956e+00 1.260944212200000303e-01 1.605653181681369022e-03
1.209999999999999964e+00 1.284045969180000191e-01 1.725409666203167949e-03
1.219999999999999973e+00 1.302549006520000718e-01 1.779392221486839152e-03
1.229999999999999982e+00 1.314756230699998807e-01 1.781704036885439204e-03
1.239999999999999991e+00 1.336732631999999199e-01 1.915658324572769907e-03
1.250000000000000000e+00 1.366728649399999718e-01 2.012616567235349894e-03
1.260000000000000009e+00 1.384924373199999947e-01 1.909539627948898203e-03
1.270000000000000018e+00 1.384471262549998583e-01 2.058782526562631058e-03
1.280000000000000027e+00 1.414566924699999506e-01 2.049256452694196533e-03
1.290000000000000036e+00 1.442559218100002427e-01 2.344975928419103326e-03
1.300000000000000044e+00 1.453708253300000919e-01 2.448682275908304652e-03
1.310000000000000053e+00 1.481786701199998002e-01 2.523376998267556643e-03
1.320000000000000062e+00 1.511863615999999855e-01 2.560565646080810269e-03
1.330000000000000071e+00 1.519644735299998384e-01 2.751449048402571877e-03
1.340000000000000080e+00 1.555319364800001603e-01 2.979934706022231618e-03
1.350000000000000089e+00 1.579082876800001478e-01 3.107805597624989369e-03
1.360000000000000098e+00 1.601537399199999268e-01 3.021688762330392193e-03
1.370000000000000107e+00 1.623384669199998132e-01 3.093874675176790708e-03
1.379999999999999893e+00 1.646288231199998786e-01 3.357627797727714362e-03
1.389999999999999902e+00 1.681521353799999841e-01 3.405246605428014373e-03
1.399999999999999911e+00 1.693818301400001891e-01 3.323392132406103542e-03
1.409999999999999920e+00 1.717546504099999316e-01 3.408476195804208478e-03
1.419999999999999929e+00 1.748975004599999383e-01 3.643846364322315869e-03
1.429999999999999938e+00 1.788457989200001319e-01 3.731700020994696120e-03
1.439999999999999947e+00 1.796117418099998364e-01 3.708610749053103169e-03
1.449999999999999956e+00 1.833897703599999263e-01 3.917190591547807348e-03
1.459999999999999964e+00 1.860743419400001097e-01 4.149118777356250801e-03
1.469999999999999973e+00 1.883836842699999348e-01 4.290293677512725320e-03
1.479999999999999982e+00 1.933379367300000484e-01 4.505024518219940752e-03
1.489999999999999991e+00 1.948063772899999158e-01 4.820975180677217892e-03
1.500000000000000000e+00 1.970005373899999523e-01 4.631371296142829455e-03
1.510000000000000009e+00 2.009182660599997949e-01 4.947560031687547703e-03
1.520000000000000018e+00 2.057751609399999515e-01 5.089126232658585346e-03
1.530000000000000027e+00 2.063693390500002389e-01 5.129698048673861192e-03
1.540000000000000036e+00 2.113524989200000204e-01 5.434318833785554102e-03
1.550000000000000044e+00 2.137820643400000775e-01 5.734397225209323865e-03
1.560000000000000053e+00 2.167550806900002403e-01 5.776858159264983313e-03
1.570000000000000062e+00 2.204822028800000333e-01 5.954639236529845475e-03
1.580000000000000071e+00 2.258491567200000827e-01 5.991266355132844439e-03
1.590000000000000080e+00 2.277531341300000345e-01 6.289919632382990310e-03
1.600000000000000089e+00 2.304553951299996295e-01 6.318766806882950178e-03
1.610000000000000098e+00 2.359973137799999676e-01 6.524498379823270161e-03
1.620000000000000107e+00 2.398957323899996996e-01 6.517231586099538759e-03
1.629999999999999893e+00 2.428300494600001969e-01 6.865657690531168540e-03
1.639999999999999902e+00 2.490843197399998932e-01 6.987608620177892735e-03
1.649999999999999911e+00 2.521050607799998899e-01 7.071515374100598161e-03
1.659999999999999920e+00 2.545246094900000533e-01 7.213803837651501516e-03
1.669999999999999929e+00 2.598425626200000504e-01 7.470521526053848851e-03
1.679999999999999938e+00 2.623766463000001825e-01 7.587439769210111047e-03
1.689999999999999947e+00 2.682957919500002508e-01 7.757879694881937224e-03
1.699999999999999956e+00 2.724061790699996988e-01 8.036865243372822570e-03
1.709999999999999964e+00 2.775875616099998111e-01 8.186771129807922029e-03
1.719999999999999973e+00 2.801158894399999877e-01 8.526711085627957168e-03
1.729999999999999982e+00 2.842948311799999295e-01 8.717221948265496331e-03
1.739999999999999991e+00 2.899748149399995478e-01 8.831842585750348737e-03
1.750000000000000000e+00 2.935039263999992265e-01 9.060895882060545498e-03
1.760000000000000009e+00 2.973419852100000482e-01 9.336179781153784024e-03
1.770000000000000018e+00 3.032653313500004444e-01 9.276086238374113210e-03
1.780000000000000027e+00 3.075498997800002465e-01 9.508257202733964158e-03
1.790000000000000036e+00 3.116810062199996123e-01 9.540074442569797600e-03
1.800000000000000044e+00 3.158243520100002533e-01 9.791629325985224536e-03
1.810000000000000053e+00 3.208836770400002036e-01 9.934962153437991786e-03
1.820000000000000062e+00 3.242086669700000034e-01 1.007314147197358421e-02
1.830000000000000071e+00 3.288264755099998826e-01 1.018526290816566121e-02
1.840000000000000080e+00 3.348623415599998876e-01 1.045077643783751987e-02
1.850000000000000089e+00 3.407704838399999159e-01 1.038993290476372330e-02
1.860000000000000098e+00 3.429849461100000219e-01 1.060213738186104385e-02
1.870000000000000107e+00 3.490209073199997403e-01 1.085173181180714916e-02
1.879999999999999893e+00 3.547760346600002390e-01 1.069564167878524208e-02
1.889999999999999902e+00 3.571597962899998313e-01 1.082773423292004641e-02
1.899999999999999911e+00 3.636970795799998601e-01 1.105653084684228050e-02
1.909999999999999920e+00 3.687762361999997185e-01 1.123491079785396245e-02
1.919999999999999929e+00 3.719031925699998742e-01 1.125807904954811631e-02
1.929999999999999938e+00 3.780686803799999662e-01 1.139376424104158840e-02
1.939999999999999947e+00 3.840670021499997810e-01 1.150452249615997909e-02
1.949999999999999956e+00 3.889978370500003502e-01 1.167742547098575730e-02
1.959999999999999964e+00 3.924942035399997531e-01 1.168314934461316297e-02
1.969999999999999973e+00 3.988820649800000617e-01 1.179407233958556546e-02
1.979999999999999982e+00 4.054793908400005642e-01 1.182299480363535431e-02
1.989999999999999991e+00 4.100112623199996253e-01 1.197512520996001605e-02
2.000000000000000000e+00 4.154553571099995901e-01 1.222968605889474328e-02
2.009999999999999787e+00 4.215739475800003855e-01 1.230730952071462311e-02
2.020000000000000018e+00 4.282973031599998093e-01 1.214781691113995046e-02
2.029999999999999805e+00 4.350719183900005338e-01 1.213103880230016231e-02
2.040000000000000036e+00 4.392635194800001974e-01 1.204461869578600866e-02
2.049999999999999822e+00 4.422253897099996944e-01 1.251903106579708123e-02
2.060000000000000053e+00 4.481845101699996614e-01 1.252856060334424371e-02
2.069999999999999840e+00 4.529534845400001730e-01 1.260327916871839884e-02
2.080000000000000071e+00 4.591325668099996982e-01 1.261287875682169657e-02
2.089999999999999858e+00 4.646719862200001105e-01 1.259857663387261434e-02
2.100000000000000089e+00 4.686438987200005069e-01 1.254554006841205813e-02
2.109999999999999876e+00 4.729105552999996465e-01 1.249407379011838876e-02
2.120000000000000107e+00 4.780646800899998050e-01 1.269586436080170043e-02
2.129999999999999893e+00 4.838278308500002511e-01 1.252884106175724058e-02
2.140000000000000124e+00 4.883494138000000762e-01 1.284898666230364743e-02
2.149999999999999911e+00 4.955253891199997707e-01 1.278353140156079926e-02
2.160000000000000142e+00 4.993332739399999332e-01 1.260478802143010120e-02
2.169999999999999929e+00 5.066356096599998748e-01 1.244050005270891032e-02
2.180000000000000160e+00 5.105112798400003316e-01 1.284945593204907255e-02
2.189999999999999947e+00 5.162057683499998717e-01 1.287786834520525045e-02
2.200000000000000178e+00 5.193154903000005707e-01 1.255955078381840347e-02
2.209999999999999964e+00 5.240179743500003040e-01 1.266819047793134659e-02
2.220000000000000195e+00 5.298404531500005010e-01 1.259722759239228877e-02
2.229999999999999982e+00 5.326198677600003650e-01 1.263049615981259345e-02
2.240000000000000213e+00 5.393760304199995970e-01 1.254186941557647143e-02
2.250000000000000000e+00 5.409307522599992035e-01 1.238264213072680191e-02
2.259999999999999787e+00 5.458234784299996756e-01 1.240677636773729504e-02
2.270000000000000018e+00 5.504898541200008433e-01 1.247174641099587505e-02
2.279999999999999805e+00 5.562488317600000620e-01 1.214946350433822840e-02
2.290000000000000036e+00 5.594597566799994759e-01 1.192105603365201279e-02
2.299999999999999822e+00 5.636360049700014363e-01 1.213117109462184470e-02
2.310000000000000053e+00 5.698031041700006849e-01 1.191443648051096829e-02
2.319999999999999840e+00 5.732675191200000686e-01 1.188052667941330402e-02
2.330000000000000071e+00 5.765757632899997098e-01 1.190142032984383390e-02
2.339999999999999858e+00 5.807611548500005716e-01 1.183174496539027634e-02
2.350000000000000089e+00 5.863362829599997328e-01 1.164796567540558013e-02
2.359999999999999876e+00 5.871570579600002837e-01 1.165979111052918397e-02
2.370000000000000107e+00 5.911385496399989004e-01 1.147635561351982754e-02
2.379999999999999893e+00 5.950278181799989463e-01 1.152992923492450125e-02
2.390000000000000124e+00 5.998433012299994038e-01 1.140875235477729378e-02
2.399999999999999911e+00 6.032355769300001835e-01 1.130671695840264855e-02
2.410000000000000142e+00 6.078908046700004508e-01 1.122789088660628744e-02
2.419999999999999929e+00 6.118072369299991653e-01 1.105522617660912275e-02
2.430000000000000160e+00 6.148636475500001142e-01 1.108466774114674758e-02
2.439999999999999947e+00 6.177006593599994044e-01 1.090437162956418328e-02
2.450000000000000178e+00 6.192774482600003072e-01 1.119740110889622282e-02
2.459999999999999964e+00 6.223441328399995642e-01 1.113791839720115230e-02
2.470000000000000195e+00 6.249846983999995942e-01 1.115154790373219969e-02
2.479999999999999982e+00 6.302701527100003087e-01 1.080013186107314956e-02
2.490000000000000213e+00 6.289545357100002620e-01 1.117740572471562048e-02
2.500000000000000000e+00 6.358632725500003025e-01 1.067611597409269010e-02
2.509999999999999787e+00 6.374671080700001768e-01 1.101634646127209842e-02
2.520000000000000018e+00 6.430318539899997354e-01 1.086738694369542187e-02
2.529999999999999805e+00 6.466586817800000775e-01 1.078931260389523993e-02
2.540000000000000036e+00 6.509204938500000592e-01 1.057506824833481622e-02
2.549999999999999822e+00 6.496634557000000587e-01 1.101557373415990373e-02
2.560000000000000053e+00 6.545448636799996445e-01 1.065921618453822411e-02
2.569999999999999840e+00 6.594055270599997742e-01 1.052225781166269206e-02
2.580000000000000071e+00 6.643644534199993901e-01 1.047766974331757091e-02
2.589999999999999858e+00 6.676189913799999154e-01 1.024873551353485020e-02
2.600000000000000089e+00 6.705310653600005111e-01 1.016189994018730676e-02
2.609999999999999876e+00 6.716463493000001117e-01 1.009813350703811334e-02
2.620000000000000107e+00 6.741197964199991954e-01 1.003113516511330329e-02
2.629999999999999893e+00 6.770231582400006998e-01 1.004779869659428414e-02
2.640000000000000124e+00 6.783387513599997698e-01 1.016970864831248135e-02
2.649999999999999911e+00 6.807637999299992471e-01 1.006330601656190739e-02
2.660000000000000142e+00 6.837099339200000125e-01 1.007503934873353948e-02
2.669999999999999929e+00 6.872446138399999072e-01 9.915263915836374300e-03
2.680000000000000160e+00 6.894447248700004138e-01 9.900240585317340858e-03
2.689999999999999947e+00 6.925179600500002142e-01 9.712590776138872034e-03
2.700000000000000178e+00 6.949333854700012747e-01 9.839514010294436036e-03
2.709999999999999964e+00 6.980036715900004296e-01 9.375448328302700765e-03
2.720000000000000195e+00 6.998497107900015779e-01 9.551229192123244019e-03
2.729999999999999982e+00 7.017678937700007058e-01 9.539282154570127154e-03
2.740000000000000213e+00 7.045415427799996966e-01 9.544067853619577629e-03
2.750000000000000000e+00 7.086231213799998319e-01 9.189897872013972138e-03
2.759999999999999787e+00 7.104136236399992699e-01 9.127358475916468039e-03
2.770000000000000018e+00 7.137061984899998324e-01 8.797446935316428906e-03
2.779999999999999805e+00 7.157512224700001147e-01 8.822358209807904320e-03
2.790000000000000036e+00 7.166641331199999909e-01 8.734708414154015652e-03
2.799999999999999822e+00 7.214847840200002693e-01 8.467307917401419026e-03
2.810000000000000053e+00 7.228020845500006120e-01 8.336548755165013036e-03
2.819999999999999840e+00 7.248079394599992176e-01 8.359463884027034872e-03
2.830000000000000071e+00 7.258052057899995191e-01 8.417342305877276165e-03
2.839999999999999858e+00 7.272300755300005193e-01 8.465897667333159224e-03
2.850000000000000089e+00 7.304621866099993976e-01 8.189983195939130878e-03
2.859999999999999876e+00 7.309535878099999717e-01 8.345376982134720609e-03
2.870000000000000107e+00 7.331306199099997256e-01 8.374921896635367097e-03
2.879999999999999893e+00 7.350992118300005984e-01 8.296578906743373727e-03
