1.969999999999999973e+00 3.636704591550002363e-02 3.405751898271100020e-04
1.979999999999999982e+00 3.699032633800001385e-02 3.549972058707470614e-04
1.989999999999999991e+00 3.781127190899998686e-02 4.239896883480317276e-04
2.000000000000000000e+00 3.861264201049997846e-02 3.673448722883388079e-04
2.009999999999999787e+00 3.967317511450000472e-02 3.989355783277594354e-04
2.020000000000000018e+00 4.034044731850004728e-02 4.152657634964332877e-04
2.029999999999999805e+00 4.068454973299993893e-02 4.652430463700148741e-04
2.040000000000000036e+00 4.213796418699998492e-02 4.871358115492049846e-04
2.049999999999999822e+00 4.335608583350000766e-02 5.523783743409693171e-04
2.060000000000000053e+00 4.376339796749998540e-02 5.339775065196298827e-04
2.069999999999999840e+00 4.557158855899995364e-02 5.865381726855298846e-04
2.080000000000000071e+00 4.681158608949999300e-02 6.950044543222946717e-04
2.089999999999999858e+00 4.787340804650006693e-02 6.456683092253153421e-04
2.100000000000000089e+00 4.963874076100003446e-02 7.516879826727857145e-04
2.109999999999999876e+00 5.100011744949995568e-02 8.069232967199481714e-04
2.120000000000000107e+00 5.295644612800006618e-02 7.938087380587809886e-04
2.129999999999999893e+00 5.557100561199997818e-02 9.057012581761174960e-04
2.140000000000000124e+00 5.685888835999996366e-02 9.088478822376379329e-04
2.149999999999999911e+00 5.876201088300000985e-02 1.029074196093569165e-03
2.160000000000000142e+00 6.043475859399990296e-02 1.067947554429456635e-03
2.169999999999999929e+00 6.311159327850000833e-02 1.195882197906225153e-03
2.180000000000000160e+00 6.599269434450007188e-02 1.271587570544581870e-03
2.189999999999999947e+00 6.916815672749992983e-02 1.480616676719079348e-03
2.200000000000000178e+00 7.147042145999994711e-02 1.541174657180155536e-03
2.209999999999999964e+00 7.410598680949991024e-02 1.619047383241696385e-03
2.220000000000000195e+00 7.937402637650015080e-02 1.853141492535133978e-03
2.229999999999999982e+00 8.237004681299998909e-02 1.887868461010991329e-03
2.240000000000000213e+00 8.776202861350000661e-02 2.118322490713964862e-03
2.250000000000000000e+00 9.080987084300004564e-02 2.310797434851419481e-03
2.259999999999999787e+00 9.769437270499986559e-02 2.476670356078584413e-03
2.270000000000000018e+00 1.029523763549999305e-01 2.664197221023636118e-03
2.279999999999999805e+00 1.109271111594998249e-01 2.794540920163151709e-03
2.290000000000000036e+00 1.166686298804999189e-01 2.868869122030774828e-03
2.299999999999999822e+00 1.262862787855000279e-01 3.056429954567468736e-03
2.310000000000000053e+00 1.323644918954998140e-01 3.306970132858439750e-03
2.319999999999999840e+00 1.402910604224997526e-01 3.403646076811353040e-03
2.330000000000000071e+00 1.505309159620000781e-01 3.519385274242235566e-03
2.339999999999999858e+00 1.580585080890002658e-01 3.682697373187418435e-03
2.350000000000000089e+00 1.657557422849999795e-01 3.789568639350739555e-03
2.359999999999999876e+00 1.766568750004998967e-01 3.868474407833226176e-03
2.370000000000000107e+00 1.857879263069998899e-01 4.090649079541635452e-03
2.379999999999999893e+00 1.971365365625001864e-01 3.917738526690130348e-03
2.390000000000000124e+00 2.057962087559998543e-01 4.088601193999447450e-03
2.399999999999999911e+00 2.172482065825000752e-01 4.033157159488091892e-03
2.410000000000000142e+00 2.268599301230003196e-01 3.936607617927939673e-03
2.419999999999999929e+00 2.374116915189997679e-01 3.969853794763491747e-03
2.430000000000000160e+00 2.474291135144994769e-01 3.899032949711098584e-03
2.439999999999999947e+00 2.565468326250000541e-01 3.873228481091062648e-03
2.450000000000000178e+00 2.662187888565002436e-01 3.787225676894219028e-03
2.459999999999999964e+00 2.767719877099999448e-01 3.744085826483311771e-03
2.470000000000000195e+00 2.867322298765003774e-01 3.571777115533026660e-03
2.479999999999999982e+00 2.949460416250003769e-01 3.450761276351469592e-03
2.490000000000000213e+00 3.031476000999998033e-01 3.346421914452873698e-03
2.500000000000000000e+00 3.128545906500002638e-01 3.230995848103095525e-03
2.509999999999999787e+00 3.213045177300000166e-01 3.164004244494076235e-03
