6.899999999999999467e-01 1.015112140380000222e-01 6.321566423138887461e-04
6.999999999999999556e-01 1.027934814440000788e-01 7.249013138258106250e-04
7.099999999999999645e-01 1.035307256969998785e-01 7.494107007067929861e-04
7.199999999999999734e-01 1.044393331589999058e-01 7.462330935427041907e-04
7.299999999999999822e-01 1.058897316480000017e-01 7.256096470955992160e-04
7.399999999999999911e-01 1.062530868649999710e-01 7.671355748640423886e-04
7.500000000000000000e-01 1.074394095279999767e-01 8.823861731078290471e-04
7.600000000000000089e-01 1.084560431780001444e-01 8.871223404823582988e-04
7.700000000000000178e-01 1.103479703329998535e-01 9.153273696320882429e-04
7.800000000000000266e-01 1.111932063319998054e-01 8.909794988283513146e-04
7.900000000000000355e-01 1.124582698599999458e-01 9.474871565127492706e-04
8.000000000000000444e-01 1.139286759980001340e-01 9.778011009329286123e-04
8.100000000000000533e-01 1.146422277030000464e-01 1.000376650374830900e-03
8.199999999999999512e-01 1.154665822160002575e-01 9.921892795732836692e-04
8.299999999999999600e-01 1.170008359299999079e-01 9.785125198822593792e-04
8.399999999999999689e-01 1.170625389229999896e-01 9.879206483919640222e-04
8.499999999999999778e-01 1.181142437609998957e-01 9.530543630732492538e-04
8.599999999999999867e-01 1.209680985299999983e-01 1.021582928533524854e-03
8.699999999999999956e-01 1.210174262000000833e-01 1.026639843974684824e-03
8.800000000000000044e-01 1.221643713220000316e-01 1.165490520496655254e-03
8.900000000000000133e-01 1.237652395100001107e-01 1.113242459036690567e-03
9.000000000000000222e-01 1.245864674599999888e-01 1.107155917158352812e-03
9.100000000000000311e-01 1.270310855100000025e-01 1.117418146101241362e-03
9.200000000000000400e-01 1.277373222800001762e-01 1.197569774739159435e-03
9.300000000000000488e-01 1.293119591199999863e-01 1.293911705783677615e-03
9.399999999999999467e-01 1.313980902299999864e-01 1.334791740212250537e-03
9.499999999999999556e-01 1.331567378800002088e-01 1.278855655273458507e-03
9.599999999999999645e-01 1.342792621499999395e-01 1.403975718354159158e-03
9.699999999999999734e-01 1.355682981000000675e-01 1.466582651208243058e-03
9.799999999999999822e-01 1.372557433600000987e-01 1.476655810087615156e-03
9.899999999999999911e-01 1.388469705999998693e-01 1.453159695207875300e-03
1.000000000000000000e+00 1.400883309499999230e-01 1.534107258060271118e-03
1.010000000000000009e+00 1.413612375099999319e-01 1.528361581115376955e-03
1.020000000000000018e+00 1.427831625399998416e-01 1.669182252295942559e-03
1.030000000000000027e+00 1.453678810200003391e-01 1.740947293855260938e-03
1.040000000000000036e+00 1.475938187699998294e-01 1.731659200783575723e-03
1.050000000000000044e+00 1.494565120899999100e-01 1.828631356985910500e-03
1.060000000000000053e+00 1.517353812900000265e-01 1.826465489751458778e-03
1.070000000000000062e+00 1.529815496699999944e-01 1.887197846451506723e-03
1.080000000000000071e+00 1.544174094500000705e-01 1.890384854238578690e-03
1.090000000000000080e+00 1.573421070900000163e-01 1.944016575754848545e-03
1.100000000000000089e+00 1.581011771299998259e-01 2.112550115663926285e-03
1.110000000000000098e+00 1.602917829399998217e-01 1.999697043493627036e-03
1.120000000000000107e+00 1.628075183400001513e-01 2.117966928706783124e-03
1.129999999999999893e+00 1.644366524800000562e-01 2.297139693477400629e-03
1.139999999999999902e+00 1.669251163499998747e-01 2.219196636849872419e-03
1.149999999999999911e+00 1.693214117299998434e-01 2.391423507481039556e-03
1.159999999999999920e+00 1.705731368099999423e-01 2.428206956445869147e-03
1.169999999999999929e+00 1.728642310699999018e-01 2.624975740061336309e-03
1.179999999999999938e+00 1.754093618399997501e-01 2.671289845028018348e-03
1.189999999999999947e+00 1.789930289200000468e-01 2.939776125453338104e-03
1.199999999999999956e+00 1.806729382000001050e-01 3.206682860024972874e-03
1.209999999999999964e+00 1.822240445199999892e-01 3.143137913525237501e-03
1.219999999999999973e+00 1.848332114100002532e-01 3.343257252758622712e-03
1.229999999999999982e+00 1.895572762900001873e-01 3.398578812168013587e-03
1.239999999999999991e+00 1.908525056600001990e-01 3.502943837200531672e-03
1.250000000000000000e+00 1.932238696600002137e-01 3.591349409554725827e-03
1.260000000000000009e+00 1.971330318800000037e-01 3.581329790946578048e-03
1.270000000000000018e+00 1.997529814699998130e-01 3.848887599282127883e-03
1.280000000000000027e+00 2.025195727699998782e-01 3.971326753925095814e-03
1.290000000000000036e+00 2.054852767799998925e-01 4.056485733271228758e-03
1.300000000000000044e+00 2.073015112399998472e-01 3.937478438256573725e-03
1.310000000000000053e+00 2.124907597500001466e-01 4.333805921366022142e-03
1.320000000000000062e+00 2.140493367200002883e-01 4.254207112442060304e-03
1.330000000000000071e+00 2.171024014500002319e-01 4.144901117591400473e-03
1.340000000000000080e+00 2.197241330600002152e-01 4.618006355663756279e-03
1.350000000000000089e+00 2.248201287900002954e-01 4.591773261697780148e-03
1.360000000000000098e+00 2.274871243699999879e-01 4.811045942173535275e-03
1.370000000000000107e+00 2.312356096099999481e-01 4.796522156918067194e-03
1.379999999999999893e+00 2.325339840500000033e-01 5.040477484732225517e-03
1.389999999999999902e+00 2.380286535900000278e-01 5.117273971886362495e-03
1.399999999999999911e+00 2.399204566199997224e-01 5.065767277590135440e-03
1.409999999999999920e+00 2.448036178499998772e-01 5.368262156720611696e-03
1.419999999999999929e+00 2.473112135800001610e-01 5.618213271722741903e-03
1.429999999999999938e+00 2.522021452900002902e-01 5.730575845083680890e-03
1.439999999999999947e+00 2.572168284799999372e-01 5.941424481024973163e-03
1.449999999999999956e+00 2.589650982299998572e-01 6.102604100045699344e-03
1.459999999999999964e+00 2.644842981099996271e-01 6.430665117981703739e-03
1.469999999999999973e+00 2.669628762999999294e-01 6.543448141595245397e-03
1.479999999999999982e+00 2.708513780400003679e-01 6.660891210046817126e-03
1.489999999999999991e+00 2.750462463799998591e-01 6.840006735636390382e-03
1.500000000000000000e+00 2.778865243699998877e-01 6.950565143229401124e-03
1.510000000000000009e+00 2.831687453199998039e-01 7.265444844104083748e-03
1.520000000000000018e+00 2.877835234100005191e-01 7.436627686722208086e-03
1.530000000000000027e+00 2.904448084500000360e-01 7.471331497592708683e-03
1.540000000000000036e+00 2.955621324499999036e-01 7.835594321360554032e-03
1.550000000000000044e+00 2.991035862000000489e-01 8.016192584697563045e-03
1.560000000000000053e+00 3.032337141299996652e-01 8.387805590242465928e-03
1.570000000000000062e+00 3.075394572199997567e-01 8.639150878062882774e-03
1.580000000000000071e+00 3.139720198499999504e-01 8.689874290721254571e-03
1.590000000000000080e+00 3.172567790099999896e-01 8.926434069975288169e-03
1.600000000000000089e+00 3.231825531499998294e-01 9.353063630913576593e-03
1.610000000000000098e+00 3.278845560500000533e-01 9.368514321579328799e-03
1.620000000000000107e+00 3.309783664100001133e-01 9.573813874719181230e-03
1.629999999999999893e+00 3.363531099800001756e-01 9.768702123202860008e-03
1.639999999999999902e+00 3.424934352100007517e-01 1.004752193910457558e-02
1.649999999999999911e+00 3.452791707399998633e-01 1.015715082653389535e-02
1.659999999999999920e+00 3.510604003699995257e-01 1.046810286970117562e-02
1.669999999999999929e+00 3.531962678399999112e-01 1.053369539999119212e-02
1.679999999999999938e+00 3.607978356300001743e-01 1.058865627491314444e-02
1.689999999999999947e+00 3.632249393000003823e-01 1.065169658301261778e-02
1.699999999999999956e+00 3.702004854300005032e-01 1.071019173965198981e-02
1.709999999999999964e+00 3.734630907299998359e-01 1.092519008394185476e-02
1.719999999999999973e+00 3.789544534699998968e-01 1.102491354646078191e-02
1.729999999999999982e+00 3.834312917599994042e-01 1.125006102795968535e-02
1.739999999999999991e+00 3.881030171699997866e-01 1.134126802426308790e-02
1.750000000000000000e+00 3.921937445199999983e-01 1.151363279559302309e-02
1.760000000000000009e+00 4.004742211600000878e-01 1.163123623160836409e-02
1.770000000000000018e+00 4.043888015200002850e-01 1.190268725359447735e-02
1.780000000000000027e+00 4.100123477200003919e-01 1.181634657078013857e-02
1.790000000000000036e+00 4.167775540099994958e-01 1.193780123097606949e-02
1.800000000000000044e+00 4.193008999700003070e-01 1.213895338977490947e-02
1.810000000000000053e+00 4.268788580699997004e-01 1.226727572212827841e-02
1.820000000000000062e+00 4.295385468300000342e-01 1.234376787279416014e-02
1.830000000000000071e+00 4.359395744500002556e-01 1.250343976271890180e-02
1.840000000000000080e+00 4.399598308800004021e-01 1.257005449446234151e-02
1.850000000000000089e+00 4.458021940900002145e-01 1.251130325235848793e-02
1.860000000000000098e+00 4.514248145000002155e-01 1.273640370297540562e-02
1.870000000000000107e+00 4.580442002600002560e-01 1.264720897645693620e-02
1.879999999999999893e+00 4.612404640900005237e-01 1.279171803974208863e-02
1.889999999999999902e+00 4.684184346499999929e-01 1.286211395595186595e-02
1.899999999999999911e+00 4.722361301199996531e-01 1.297016272373584592e-02
1.909999999999999920e+00 4.792816541300002342e-01 1.311104140527194137e-02
1.919999999999999929e+00 4.847186852600008922e-01 1.341475934332000963e-02
1.929999999999999938e+00 4.918226038100002029e-01 1.337311730893287441e-02
1.939999999999999947e+00 4.983647968599999034e-01 1.339000836891840983e-02
1.949999999999999956e+00 5.046745209799995413e-01 1.320233455875355864e-02
1.959999999999999964e+00 5.083210234700001884e-01 1.326997473119917968e-02
1.969999999999999973e+00 5.126563359000008147e-01 1.339172372454632866e-02
1.979999999999999982e+00 5.184091023899999318e-01 1.327950983286225149e-02
1.989999999999999991e+00 5.232765009199999984e-01 1.329445780862680004e-02
2.000000000000000000e+00 5.255279156500002324e-01 1.327057965556699241e-02
2.009999999999999787e+00 5.289802309500000188e-01 1.347205341035712101e-02
2.020000000000000018e+00 5.329315750700008847e-01 1.330956226101196599e-02
2.029999999999999805e+00 5.392768886899996783e-01 1.335515038996843741e-02
2.040000000000000036e+00 5.434672726800011677e-01 1.328368958777966652e-02
2.049999999999999822e+00 5.466189962799996582e-01 1.341002740938547488e-02
2.060000000000000053e+00 5.498266960799997882e-01 1.336483022355103127e-02
2.069999999999999840e+00 5.541350361399991487e-01 1.327962869291830252e-02
2.080000000000000071e+00 5.583155885200004054e-01 1.324056348173291604e-02
2.089999999999999858e+00 5.621911052399994890e-01 1.320538561887929507e-02
2.100000000000000089e+00 5.664336291399998391e-01 1.321087771246533434e-02
2.109999999999999876e+00 5.699319092799991493e-01 1.328558665636263292e-02
2.120000000000000107e+00 5.744763426100009118e-01 1.343950136137045913e-02
2.129999999999999893e+00 5.788367868900001767e-01 1.313014137334653393e-02
2.140000000000000124e+00 5.826273534399993848e-01 1.321310709415054671e-02
2.149999999999999911e+00 5.859595286100008904e-01 1.318096338140525847e-02
2.160000000000000142e+00 5.898890675899997049e-01 1.304217514883275822e-02
2.169999999999999929e+00 5.919431478699992422e-01 1.306940538618924647e-02
2.180000000000000160e+00 5.970759107299997703e-01 1.306568923078917262e-02
2.189999999999999947e+00 5.987232260999992839e-01 1.301080198659186268e-02
2.200000000000000178e+00 6.020713915300005548e-01 1.303468844802548043e-02
2.209999999999999964e+00 6.054652471299998284e-01 1.314755725597608824e-02
2.220000000000000195e+00 6.096446869800004054e-01 1.307438969730905128e-02
2.229999999999999982e+00 6.139528138799992263e-01 1.309179529881393002e-02
2.240000000000000213e+00 6.163816290699999367e-01 1.296882591550159274e-02
2.250000000000000000e+00 6.187059453400002296e-01 1.315905187531575711e-02
2.259999999999999787e+00 6.247581395699991491e-01 1.310530533118919351e-02
2.270000000000000018e+00 6.274036770400001073e-01 1.314092721820897883e-02
2.279999999999999805e+00 6.297180634700011437e-01 1.333397545448582536e-02
2.290000000000000036e+00 6.339252284199999865e-01 1.325026913020435279e-02
2.299999999999999822e+00 6.371661549099997268e-01 1.301811855701882036e-02
2.310000000000000053e+00 6.405753751599999601e-01 1.311707562623264448e-02
2.319999999999999840e+00 6.420767821099999662e-01 1.315500677405987556e-02
2.330000000000000071e+00 6.436373033799999144e-01 1.310219909971523274e-02
2.339999999999999858e+00 6.468757534799997044e-01 1.298961948993008694e-02
2.350000000000000089e+00 6.498142446199999256e-01 1.296683948912343530e-02
2.359999999999999876e+00 6.524153835799998413e-01 1.301178963413934277e-02
2.370000000000000107e+00 6.543374763999992849e-01 1.313060694785507347e-02
2.379999999999999893e+00 6.579863283199991475e-01 1.298822220703318986e-02
2.390000000000000124e+00 6.589741713700008052e-01 1.320775265812949503e-02
2.399999999999999911e+00 6.635063476899988322e-01 1.305643266712730108e-02
2.410000000000000142e+00 6.661758397499990547e-01 1.295958787234903660e-02
2.419999999999999929e+00 6.700144894900008641e-01 1.266483513003185783e-02
2.430000000000000160e+00 6.731587397200003986e-01 1.259230334592264557e-02
2.439999999999999947e+00 6.741708152499994444e-01 1.273334944088940976e-02
2.450000000000000178e+00 6.772537036699993740e-01 1.265919751814303072e-02
2.459999999999999964e+00 6.774066012099994039e-01 1.278323112187264472e-02
2.470000000000000195e+00 6.800263670799994165e-01 1.256514983790976182e-02
2.479999999999999982e+00 6.841794204000005708e-01 1.243691382581988206e-02
2.490000000000000213e+00 6.876545203800003003e-01 1.253377430134367497e-02
2.500000000000000000e+00 6.902554453599997197e-01 1.223362499036819914e-02
2.509999999999999787e+00 6.941846565699997251e-01 1.222806392995817899e-02
2.520000000000000018e+00 6.951354270400001978e-01 1.208998889724938880e-02
2.529999999999999805e+00 6.984834499800007812e-01 1.211650608683554481e-02
2.540000000000000036e+00 7.009981581999992217e-01 1.215191089761851612e-02
2.549999999999999822e+00 7.051569804599987501e-01 1.188015261686798697e-02
2.560000000000000053e+00 7.069575443699992467e-01 1.189983783132450568e-02
2.569999999999999840e+00 7.092239528000011672e-01 1.195241347641454351e-02
2.580000000000000071e+00 7.104585769100003612e-01 1.161626373944928819e-02
2.589999999999999858e+00 7.139633242299995297e-01 1.137082754468934920e-02
2.600000000000000089e+00 7.157881653999990101e-01 1.145900164685993532e-02
2.609999999999999876e+00 7.194269960999992719e-01 1.125533133042089240e-02
2.620000000000000107e+00 7.211767408999996132e-01 1.130618684090818442e-02
2.629999999999999893e+00 7.246717636800005247e-01 1.125087003158325299e-02
2.640000000000000124e+00 7.260466637099999287e-01 1.122853411674149503e-02
2.649999999999999911e+00 7.293645216100002049e-01 1.105116269281361183e-02
2.660000000000000142e+00 7.314712240200009763e-01 1.095174902586787576e-02
2.669999999999999929e+00 7.334074584899998861e-01 1.096048654492904131e-02
2.680000000000000160e+00 7.349072515900000324e-01 1.093301303391521276e-02
2.689999999999999947e+00 7.358969290700000387e-01 1.106687419431910679e-02
2.700000000000000178e+00 7.375860206899995664e-01 1.090559640906795837e-02
2.709999999999999964e+00 7.390617923800003597e-01 1.078737721511276344e-02
2.720000000000000195e+00 7.400556036300002249e-01 1.073153383103673218e-02
2.729999999999999982e+00 7.442896472000005703e-01 1.043477638210792841e-02
2.740000000000000213e+00 7.457750714699996619e-01 1.047832400147014065e-02
2.750000000000000000e+00 7.486695201700003244e-01 1.042170955493083168e-02
2.759999999999999787e+00 7.502780182200003978e-01 1.038561497806800987e-02
2.770000000000000018e+00 7.525207333800002507e-01 1.032743885533439140e-02
2.779999999999999805e+00 7.536623148899993518e-01 1.047439369720938943e-02
2.790000000000000036e+00 7.551021346900002040e-01 1.044114036926739597e-02
2.799999999999999822e+00 7.565505445799980411e-01 1.043705789367006982e-02
2.810000000000000053e+00 7.592459470999992632e-01 1.023089752808535938e-02
2.819999999999999840e+00 7.626181607900001103e-01 1.007485500971362462e-02
2.830000000000000071e+00 7.658598901099994416e-01 9.837017101663517865e-03
2.839999999999999858e+00 7.676859675200000677e-01 9.724044356986580318e-03
2.850000000000000089e+00 7.685748120099995528e-01 9.430443872745665826e-03
2.859999999999999876e+00 7.689403400100005559e-01 9.442296228285827070e-03
2.870000000000000107e+00 7.705342692799995730e-01 9.404013517830956195e-03
2.879999999999999893e+00 7.729848223599999901e-01 9.106350979301918239e-03
2.890000000000000124e+00 7.739173145100000095e-01 9.100196815134260070e-03
2.899999999999999911e+00 7.773670675399995122e-01 8.748197096517838084e-03
2.910000000000000142e+00 7.785080059000003549e-01 8.805094690578847000e-03
2.919999999999999929e+00 7.805820993200011104e-01 8.688998698230936471e-03
2.930000000000000160e+00 7.808071067699995371e-01 8.887022635668845316e-03
2.939999999999999947e+00 7.807081781499983775e-01 9.057478991779017302e-03
2.950000000000000178e+00 7.817589344700006659e-01 9.134043994903324332e-03
2.959999999999999964e+00 7.814422477699985992e-01 9.177690426513829963e-03
2.970000000000000195e+00 7.826950895400007768e-01 9.136070088154871899e-03
2.979999999999999982e+00 7.834348278100008445e-01 9.007221783246647379e-03
2.990000000000000213e+00 7.859043142000001758e-01 8.893853866287510651e-03
3.000000000000000000e+00 7.876640367899991890e-01 8.812522522648177925e-03
3.009999999999999787e+00 7.894849166899998716e-01 8.751904965609179007e-03
3.020000000000000018e+00 7.912949375100007954e-01 8.542961957861710046e-03
3.029999999999999805e+00 7.923818462899986370e-01 8.539234646411538593e-03
3.040000000000000036e+00 7.936294683400002548e-01 8.476493940359357965e-03
3.049999999999999822e+00 7.948567747199990485e-01 8.443698927609176452e-03
3.060000000000000053e+00 7.951512925499996109e-01 8.403004377574222264e-03
3.069999999999999840e+00 7.968845135400010049e-01 8.291913997590688590e-03
3.080000000000000071e+00 7.986587174499996111e-01 8.115473254883941862e-03
3.089999999999999858e+00 7.985109954099999241e-01 8.117041087557905557e-03
3.100000000000000089e+00 8.001909460299990728e-01 8.057056139943345047e-03
3.109999999999999876e+00 8.004610723900006386e-01 8.144797334234251882e-03
