1.040000000000000036e+00 9.838512322300024815e-02 7.006156725047246779e-04
1.050000000000000044e+00 9.899984491500016248e-02 7.437810985579547656e-04
1.060000000000000053e+00 1.000900311239999591e-01 7.969319226954747846e-04
1.070000000000000062e+00 1.017074914190001095e-01 8.275302299511389003e-04
1.080000000000000071e+00 1.029418515729998429e-01 8.185930627292757134e-04
1.090000000000000080e+00 1.039138205060001902e-01 8.348199898225636389e-04
1.100000000000000089e+00 1.053453842400001866e-01 9.122380812152476376e-04
1.110000000000000098e+00 1.068918314600000169e-01 8.653359468023326699e-04
1.120000000000000107e+00 1.076649282520002332e-01 8.790378238571184243e-04
1.129999999999999893e+00 1.099448342410000445e-01 1.081452328625403256e-03
1.139999999999999902e+00 1.104196267619998589e-01 1.003213610920327325e-03
1.149999999999999911e+00 1.116298246990000825e-01 9.063340873618803842e-04
1.159999999999999920e+00 1.136949307249999486e-01 1.065633290862233245e-03
1.169999999999999929e+00 1.144835495920000640e-01 1.234300729983065122e-03
1.179999999999999938e+00 1.159989839470000478e-01 1.135618576340450105e-03
1.189999999999999947e+00 1.178816167690000666e-01 1.146488676213542170e-03
1.199999999999999956e+00 1.188061513629999344e-01 1.316818856679333573e-03
1.209999999999999964e+00 1.206285153730001225e-01 1.311842260073110963e-03
1.219999999999999973e+00 1.223555984420001408e-01 1.302972584418251971e-03
1.229999999999999982e+00 1.239537262300000886e-01 1.510764886975530293e-03
1.239999999999999991e+00 1.260534243300001633e-01 1.515586100698854827e-03
1.250000000000000000e+00 1.269633270899999111e-01 1.455575794615116946e-03
1.260000000000000009e+00 1.280555007660002798e-01 1.515623012275326819e-03
1.270000000000000018e+00 1.312546681699999773e-01 1.661930145875855714e-03
1.280000000000000027e+00 1.330251562100000229e-01 1.674660753770844260e-03
1.290000000000000036e+00 1.348582686099998873e-01 1.808618816033210524e-03
1.300000000000000044e+00 1.372402495199998573e-01 1.902986591407512546e-03
1.310000000000000053e+00 1.386961460899998055e-01 1.962751842109853630e-03
1.320000000000000062e+00 1.403972464500000683e-01 2.122934415501406217e-03
1.330000000000000071e+00 1.422937042799998775e-01 2.276325072051591739e-03
1.340000000000000080e+00 1.459222873299999557e-01 2.130869524363979833e-03
1.350000000000000089e+00 1.479541904000001296e-01 2.357643744786356264e-03
1.360000000000000098e+00 1.500382194899998467e-01 2.489477596457063350e-03
1.370000000000000107e+00 1.515989833800001074e-01 2.603238718272873377e-03
1.379999999999999893e+00 1.549911926200001344e-01 2.673824449949950555e-03
1.389999999999999902e+00 1.565908758300002257e-01 2.712325569133081614e-03
1.399999999999999911e+00 1.579977239900000052e-01 2.908344636664365532e-03
1.409999999999999920e+00 1.603097938899999408e-01 2.976824301870730979e-03
1.419999999999999929e+00 1.638740259699996704e-01 2.955764935572221305e-03
1.429999999999999938e+00 1.664327772399998573e-01 3.030119618114636686e-03
1.439999999999999947e+00 1.690164676800000043e-01 3.220475254895466266e-03
1.449999999999999956e+00 1.724039429299998316e-01 3.329635293523375804e-03
1.459999999999999964e+00 1.745760270200000241e-01 3.336886048059195357e-03
1.469999999999999973e+00 1.768378390700001690e-01 3.443113483905558669e-03
1.479999999999999982e+00 1.796031012100001989e-01 3.489974610522691718e-03
1.489999999999999991e+00 1.815603510300000112e-01 3.813625479237420755e-03
1.500000000000000000e+00 1.856498076399999975e-01 3.917593560091275039e-03
1.510000000000000009e+00 1.886735707299999343e-01 4.020632389280321198e-03
1.520000000000000018e+00 1.914945946500002938e-01 4.072354174458953611e-03
1.530000000000000027e+00 1.943756931300001656e-01 4.285648783309025690e-03
1.540000000000000036e+00 1.987467706799999345e-01 4.541489402469190036e-03
1.550000000000000044e+00 2.004078562800002405e-01 4.651924140103767986e-03
1.560000000000000053e+00 2.064493599599997731e-01 4.777575630618905236e-03
1.570000000000000062e+00 2.069249516999999150e-01 4.911798062083650926e-03
1.580000000000000071e+00 2.117082665799997765e-01 5.094469979785129672e-03
1.590000000000000080e+00 2.151637813499998886e-01 5.281337364805910838e-03
1.600000000000000089e+00 2.188796633000000824e-01 5.515298689879644806e-03
1.610000000000000098e+00 2.228365506300001853e-01 5.490744625704341297e-03
1.620000000000000107e+00 2.273410272100000462e-01 5.792698431922770758e-03
1.629999999999999893e+00 2.289187901799999425e-01 6.071861787812362667e-03
1.639999999999999902e+00 2.342275239100000128e-01 6.106594643633385215e-03
1.649999999999999911e+00 2.367110466799997592e-01 6.489383295728846403e-03
1.659999999999999920e+00 2.408638238300002121e-01 6.721615956047532169e-03
1.669999999999999929e+00 2.461424183100002216e-01 6.882997584208704056e-03
1.679999999999999938e+00 2.515863956900000753e-01 7.137934162546833057e-03
1.689999999999999947e+00 2.553799002300001786e-01 7.434913871892314015e-03
1.699999999999999956e+00 2.582424731099999815e-01 7.534941758023144115e-03
1.709999999999999964e+00 2.619198787199999434e-01 7.674242536475910960e-03
1.719999999999999973e+00 2.681242853200002108e-01 7.766436945877443036e-03
1.729999999999999982e+00 2.711628651200000961e-01 8.312633205685643692e-03
1.739999999999999991e+00 2.760743815799999723e-01 8.526382595557588373e-03
1.750000000000000000e+00 2.809156756900004215e-01 8.458030617980862725e-03
1.760000000000000009e+00 2.859515106799999096e-01 8.584565813060539632e-03
1.770000000000000018e+00 2.897428223999998220e-01 8.607315800115835497e-03
1.780000000000000027e+00 2.934360694700001715e-01 8.950465003920021756e-03
1.790000000000000036e+00 2.993110174100000465e-01 9.035740898099218696e-03
1.800000000000000044e+00 3.037372844499998670e-01 9.296703263342783255e-03
1.810000000000000053e+00 3.099415330100003252e-01 9.420409160348313868e-03
1.820000000000000062e+00 3.148259738400001062e-01 9.937026580828827588e-03
1.830000000000000071e+00 3.210829282400002316e-01 9.828480939821155477e-03
1.840000000000000080e+00 3.247252874300001757e-01 9.978980844845601605e-03
1.850000000000000089e+00 3.295791460899999414e-01 1.023752091601174904e-02
1.860000000000000098e+00 3.375400402599998406e-01 1.057571826228489997e-02
1.870000000000000107e+00 3.415953342599993281e-01 1.061659600521909670e-02
1.879999999999999893e+00 3.484263149800007064e-01 1.098624925298161657e-02
1.889999999999999902e+00 3.525487397199996709e-01 1.094036876348763489e-02
1.899999999999999911e+00 3.592394559799998999e-01 1.108628547953815005e-02
1.909999999999999920e+00 3.630932946800000671e-01 1.109267758097460567e-02
1.919999999999999929e+00 3.683973890799995266e-01 1.129318357099764851e-02
1.929999999999999938e+00 3.746069474100001684e-01 1.126045413910639614e-02
1.939999999999999947e+00 3.794468486700001697e-01 1.145120320536886435e-02
1.949999999999999956e+00 3.843088842499996494e-01 1.159580822716749227e-02
1.959999999999999964e+00 3.882171747499995607e-01 1.148913217929553414e-02
1.969999999999999973e+00 3.935727893599998417e-01 1.147442548156518000e-02
1.979999999999999982e+00 3.989022678400003241e-01 1.159261667716925299e-02
1.989999999999999991e+00 4.056560496999999654e-01 1.155964525996219447e-02
2.000000000000000000e+00 4.106069215600000044e-01 1.172012826400914594e-02
2.009999999999999787e+00 4.152962114799999549e-01 1.163808335396471216e-02
2.020000000000000018e+00 4.207326821600000932e-01 1.168360622674831199e-02
2.029999999999999805e+00 4.277167438900001950e-01 1.169785805031816651e-02
2.040000000000000036e+00 4.326467245699997521e-01 1.172546242966990282e-02
2.049999999999999822e+00 4.345386419700002500e-01 1.180262965882114545e-02
2.060000000000000053e+00 4.408921038899995537e-01 1.176582636038138278e-02
2.069999999999999840e+00 4.456313003600003153e-01 1.173614616080436920e-02
2.080000000000000071e+00 4.501171713299995658e-01 1.189817197875030381e-02
2.089999999999999858e+00 4.542278239699993891e-01 1.195674555268017199e-02
2.100000000000000089e+00 4.599441866500000309e-01 1.197136223227665552e-02
2.109999999999999876e+00 4.656019056299999792e-01 1.201836588008492815e-02
2.120000000000000107e+00 4.699948621699993057e-01 1.192614085828788348e-02
2.129999999999999893e+00 4.746177082099997113e-01 1.211694228045354267e-02
2.140000000000000124e+00 4.808952974600000374e-01 1.220677590448161938e-02
2.149999999999999911e+00 4.840046254799996173e-01 1.218917929879231865e-02
2.160000000000000142e+00 4.886010753099999104e-01 1.225239622488919801e-02
2.169999999999999929e+00 4.961261176300000852e-01 1.228168815426198233e-02
2.180000000000000160e+00 5.016180372999999859e-01 1.230117156881981033e-02
2.189999999999999947e+00 5.038236928100001677e-01 1.240006187570694487e-02
2.200000000000000178e+00 5.099915767399998412e-01 1.242154502491655405e-02
2.209999999999999964e+00 5.127337229400004137e-01 1.254313660173509044e-02
2.220000000000000195e+00 5.179537405199994282e-01 1.227882246108847990e-02
2.229999999999999982e+00 5.218063523299998341e-01 1.241838776305993590e-02
2.240000000000000213e+00 5.258667991700005651e-01 1.256274621351302634e-02
2.250000000000000000e+00 5.302006265100003279e-01 1.240197753752041686e-02
2.259999999999999787e+00 5.354822510600003582e-01 1.248219314276369750e-02
2.270000000000000018e+00 5.376339133399994363e-01 1.249299012601654164e-02
2.279999999999999805e+00 5.446008953200001113e-01 1.222007941270480090e-02
2.290000000000000036e+00 5.489493091500002864e-01 1.211005470248791363e-02
2.299999999999999822e+00 5.509299993099996406e-01 1.225941282769537483e-02
2.310000000000000053e+00 5.554814179200002755e-01 1.223338051222147387e-02
2.319999999999999840e+00 5.600944985300001511e-01 1.226839129013214055e-02
2.330000000000000071e+00 5.654198302699999790e-01 1.189049695068792808e-02
2.339999999999999858e+00 5.697555781999997793e-01 1.178927321127938750e-02
2.350000000000000089e+00 5.726819483799999722e-01 1.198804655174963082e-02
2.359999999999999876e+00 5.769989087700003738e-01 1.188929618554188279e-02
2.370000000000000107e+00 5.831210734000000784e-01 1.179276757044400888e-02
2.379999999999999893e+00 5.859211051999997366e-01 1.168417439389093579e-02
2.390000000000000124e+00 5.889920061299993570e-01 1.168488516993665405e-02
2.399999999999999911e+00 5.926415661299995197e-01 1.145774051213404796e-02
2.410000000000000142e+00 5.978969317499994718e-01 1.150239176747637308e-02
2.419999999999999929e+00 6.007318437700012170e-01 1.134825795050996983e-02
2.430000000000000160e+00 6.042237155699999862e-01 1.144596247844354049e-02
2.439999999999999947e+00 6.095279295499999028e-01 1.114779244881625164e-02
2.450000000000000178e+00 6.131702407499998175e-01 1.116789378472380842e-02
2.459999999999999964e+00 6.175490986100001800e-01 1.104646633880899606e-02
2.470000000000000195e+00 6.208220030899997965e-01 1.101529152298739815e-02
2.479999999999999982e+00 6.232629237700006986e-01 1.108844837237987595e-02
2.490000000000000213e+00 6.273284729300000473e-01 1.089387083087528345e-02
2.500000000000000000e+00 6.295235609400008370e-01 1.115766095054411891e-02
2.509999999999999787e+00 6.352369281699996595e-01 1.085406895445779028e-02
2.520000000000000018e+00 6.384647051400000883e-01 1.081134852744284475e-02
2.529999999999999805e+00 6.417788446700005700e-01 1.050445671388815054e-02
2.540000000000000036e+00 6.456974569300004685e-01 1.021543133457430454e-02
2.549999999999999822e+00 6.477123078600000028e-01 1.060061279952331792e-02
2.560000000000000053e+00 6.516805049799990757e-01 1.015724214498347697e-02
2.569999999999999840e+00 6.528494006199998534e-01 1.041533752138933989e-02
2.580000000000000071e+00 6.569270350299988293e-01 1.009382083393310127e-02
2.589999999999999858e+00 6.595842226500006067e-01 1.051281352933554868e-02
2.600000000000000089e+00 6.614247204599996710e-01 1.020204580574017236e-02
2.609999999999999876e+00 6.656921200099998881e-01 9.990996153350771569e-03
2.620000000000000107e+00 6.689214391799997994e-01 9.914543056443269817e-03
2.629999999999999893e+00 6.701924997900005065e-01 9.839312747347162685e-03
2.640000000000000124e+00 6.721618812500003148e-01 9.578631650095080843e-03
2.649999999999999911e+00 6.792947055900008246e-01 9.120382188106318511e-03
2.660000000000000142e+00 6.833908296499993096e-01 9.300630366674025179e-03
2.669999999999999929e+00 6.840697998800003843e-01 9.457708460926696550e-03
2.680000000000000160e+00 6.876964391399997822e-01 8.940953609629593082e-03
2.689999999999999947e+00 6.924732300299993870e-01 8.747409749851022681e-03
2.700000000000000178e+00 6.941739837599998353e-01 8.704875564726585746e-03
2.709999999999999964e+00 6.957427191699997460e-01 8.695233871878762025e-03
2.720000000000000195e+00 6.993251666800007760e-01 8.607565443431020383e-03
2.729999999999999982e+00 7.038968332099999614e-01 8.210760559119749738e-03
2.740000000000000213e+00 7.058807386600008948e-01 8.578897788447711892e-03
2.750000000000000000e+00 7.099301484199999068e-01 8.163388982487128701e-03
2.759999999999999787e+00 7.123561922100003496e-01 8.179377884584525249e-03
2.770000000000000018e+00 7.147868871599993845e-01 8.156484164309368498e-03
2.779999999999999805e+00 7.185175369499987585e-01 7.696582592781366951e-03
2.790000000000000036e+00 7.220507499399991813e-01 7.512385887339157776e-03
2.799999999999999822e+00 7.231128680500003014e-01 7.567266602857250675e-03
2.810000000000000053e+00 7.249409105199995373e-01 7.469621495888449300e-03
2.819999999999999840e+00 7.274900035600007087e-01 7.450552774530537839e-03
2.830000000000000071e+00 7.276528952400009853e-01 7.677258317436781027e-03
2.839999999999999858e+00 7.310208923499998956e-01 7.303646727408468105e-03
2.850000000000000089e+00 7.315696302599996592e-01 7.489016001531846947e-03
2.859999999999999876e+00 7.329591963100000607e-01 7.505375730499975508e-03
2.870000000000000107e+00 7.374517487000001870e-01 7.028029732118554022e-03
2.879999999999999893e+00 7.372391470399994873e-01 7.265414269894914998e-03
