1.870000000000000107e+00 4.291145789200005722e-02 3.879438733711896279e-04
1.879999999999999893e+00 4.335585270200005559e-02 3.580077150995714390e-04
1.889999999999999902e+00 4.458592314999999112e-02 4.286152149709426601e-04
1.899999999999999911e+00 4.512200509499999374e-02 4.302899969204744893e-04
1.909999999999999920e+00 4.553440305750001277e-02 4.010235820300219150e-04
1.919999999999999929e+00 4.648613928049993155e-02 4.464505149476165943e-04
1.929999999999999938e+00 4.711745331400001013e-02 4.722004593102748578e-04
1.939999999999999947e+00 4.775872249749999604e-02 4.806045011210748476e-04
1.949999999999999956e+00 4.889657760850002477e-02 5.095712852575773289e-04
1.959999999999999964e+00 5.072714376649994916e-02 5.575940482758425399e-04
1.969999999999999973e+00 5.115598757500000593e-02 5.713437848081278627e-04
1.979999999999999982e+00 5.187887176900003033e-02 6.024109073169977386e-04
1.989999999999999991e+00 5.286142492549997934e-02 6.377984341134977208e-04
2.000000000000000000e+00 5.437816038650000738e-02 6.836328548271339810e-04
2.009999999999999787e+00 5.550425578800009807e-02 7.901392668529986065e-04
2.020000000000000018e+00 5.722096869400006280e-02 7.170204905271537971e-04
2.029999999999999805e+00 5.854298397000008009e-02 8.074027901964809812e-04
2.040000000000000036e+00 6.014299268100003343e-02 8.492694452741864899e-04
2.049999999999999822e+00 6.053849182650002797e-02 8.485994030854209554e-04
2.060000000000000053e+00 6.286588175750004726e-02 1.029405299415795273e-03
2.069999999999999840e+00 6.415219446150000060e-02 1.017177469612606366e-03
2.080000000000000071e+00 6.688600807750001709e-02 1.187635280965434982e-03
2.089999999999999858e+00 6.754607977700001487e-02 1.166262619265932528e-03
2.100000000000000089e+00 7.043323505299994847e-02 1.255078811789473716e-03
2.109999999999999876e+00 7.245218902800006078e-02 1.443519041671922302e-03
2.120000000000000107e+00 7.524556064950001233e-02 1.569653255540580513e-03
2.129999999999999893e+00 7.721995909599999042e-02 1.633008882628353463e-03
2.140000000000000124e+00 7.970004898450010200e-02 1.677515831793259136e-03
2.149999999999999911e+00 8.294622376600005453e-02 1.819211174229433447e-03
2.160000000000000142e+00 8.593798710849998024e-02 1.904249397755972692e-03
2.169999999999999929e+00 8.718810996249995449e-02 2.031130567623870998e-03
2.180000000000000160e+00 9.129352347600000472e-02 2.082129454878615515e-03
2.189999999999999947e+00 9.490975448349997512e-02 2.273722158975797093e-03
2.200000000000000178e+00 9.885377264549997933e-02 2.439705143367631047e-03
2.209999999999999964e+00 1.013923496649999922e-01 2.465903156554490484e-03
2.220000000000000195e+00 1.066399067900001690e-01 2.703111829230718608e-03
2.229999999999999982e+00 1.119358861090001128e-01 2.841161766833115269e-03
2.240000000000000213e+00 1.153961041269999932e-01 3.050694042623061826e-03
2.250000000000000000e+00 1.214024970679999788e-01 3.156636903449171801e-03
2.259999999999999787e+00 1.258000798750001092e-01 3.299512958360611460e-03
2.270000000000000018e+00 1.320403685115000558e-01 3.465137779342735824e-03
2.279999999999999805e+00 1.370648847164998851e-01 3.595312932280959276e-03
2.290000000000000036e+00 1.438074040529999376e-01 3.614691632262652995e-03
2.299999999999999822e+00 1.505938150469998682e-01 4.045547204123359740e-03
2.310000000000000053e+00 1.560287390394998752e-01 4.045486747863317328e-03
2.319999999999999840e+00 1.622455585780002152e-01 4.219260641506592489e-03
2.330000000000000071e+00 1.706464322845002435e-01 4.305381797038554566e-03
2.339999999999999858e+00 1.762198326085000488e-01 4.312229798441976486e-03
2.350000000000000089e+00 1.862312236384996988e-01 4.530652941385940151e-03
2.359999999999999876e+00 1.923424919949998924e-01 4.513643733807992144e-03
2.370000000000000107e+00 1.993408852600001002e-01 4.698436642889164058e-03
2.379999999999999893e+00 2.090314123350001940e-01 4.785822496627481666e-03
2.390000000000000124e+00 2.172101784785000766e-01 4.727146414112690966e-03
2.399999999999999911e+00 2.245010629185002771e-01 4.806016192748792382e-03
2.410000000000000142e+00 2.338916187544999581e-01 4.864453600042174287e-03
2.419999999999999929e+00 2.439484315784998247e-01 4.731400565510229979e-03
2.430000000000000160e+00 2.513827250725000351e-01 4.755158755217273048e-03
2.439999999999999947e+00 2.600802208194996634e-01 4.786845698583632423e-03
2.450000000000000178e+00 2.692189822220002471e-01 4.622012745966373737e-03
2.459999999999999964e+00 2.777031313420001424e-01 4.732271100618190562e-03
2.470000000000000195e+00 2.871477562904997116e-01 4.568264106093899123e-03
2.479999999999999982e+00 2.961334549550003747e-01 4.556612275265083979e-03
2.490000000000000213e+00 3.043309887350001408e-01 4.523319087805138632e-03
2.500000000000000000e+00 3.138856151000001815e-01 4.363622053695828326e-03
2.509999999999999787e+00 3.222048181449996829e-01 4.386442235936273068e-03
2.520000000000000018e+00 3.291690331100002864e-01 4.232429259435210520e-03
2.529999999999999805e+00 3.382460645050002213e-01 4.087027406236187071e-03
2.540000000000000036e+00 3.459744035349999747e-01 4.154168796571298256e-03
2.549999999999999822e+00 3.537271380649996133e-01 3.969331942554891329e-03
2.560000000000000053e+00 3.609458793599996662e-01 3.880020433259655666e-03
