1.340000000000000080e+00 3.818488032600000220e-02 2.218974361394830154e-04
1.350000000000000089e+00 3.882404122350001374e-02 2.290260335453059228e-04
1.360000000000000098e+00 3.914494556600008751e-02 2.316576778355174462e-04
1.370000000000000107e+00 3.989813327350003047e-02 2.373533475043138063e-04
1.379999999999999893e+00 4.078964281149995846e-02 2.353612257216677959e-04
1.389999999999999902e+00 4.124118684100006038e-02 2.522919315377799383e-04
1.399999999999999911e+00 4.184442889700000501e-02 2.668702992858847014e-04
1.409999999999999920e+00 4.248760903200002326e-02 2.590908173751927724e-04
1.419999999999999929e+00 4.317988998749989343e-02 2.663162256775635536e-04
1.429999999999999938e+00 4.418966851750003033e-02 2.799046036467660184e-04
1.439999999999999947e+00 4.440954547199997549e-02 2.651977630200706313e-04
1.449999999999999956e+00 4.580632439300004466e-02 2.807031838570137462e-04
1.459999999999999964e+00 4.639809167049992883e-02 3.253316884856705398e-04
1.469999999999999973e+00 4.719343372050002761e-02 3.335700262055623440e-04
1.479999999999999982e+00 4.785164201349997176e-02 3.076845727043305912e-04
1.489999999999999991e+00 4.878363530100003620e-02 3.682703265504083732e-04
1.500000000000000000e+00 4.971725711550004090e-02 3.657387834001125763e-04
1.510000000000000009e+00 5.067381794099999615e-02 4.110270669487351368e-04
1.520000000000000018e+00 5.126980091000007955e-02 3.799994023730405451e-04
1.530000000000000027e+00 5.262486639649994330e-02 4.012016575194556674e-04
1.540000000000000036e+00 5.322025223799998345e-02 4.306839427082519655e-04
1.550000000000000044e+00 5.426986478199996577e-02 4.503299079565611365e-04
1.560000000000000053e+00 5.592228452549999340e-02 5.016622727718877007e-04
1.570000000000000062e+00 5.681112446350002759e-02 4.758664680645115479e-04
1.580000000000000071e+00 5.798733400949999950e-02 5.005496279960996563e-04
1.590000000000000080e+00 5.905805840099997289e-02 5.358767347406490902e-04
1.600000000000000089e+00 6.079053072499996518e-02 5.666223773631771888e-04
1.610000000000000098e+00 6.212495687850005249e-02 6.239415179490243090e-04
1.620000000000000107e+00 6.312523836349999418e-02 6.472774677906189883e-04
1.629999999999999893e+00 6.482153844449996261e-02 6.699182801713063264e-04
1.639999999999999902e+00 6.630755376899995224e-02 7.397276454625040026e-04
1.649999999999999911e+00 6.735591393699991158e-02 7.680950893039407588e-04
1.659999999999999920e+00 6.922571146350009474e-02 7.731000981514795463e-04
1.669999999999999929e+00 7.187918023400005629e-02 8.464298118509124480e-04
1.679999999999999938e+00 7.235893344449997877e-02 9.215364078047515910e-04
1.689999999999999947e+00 7.477997998750002262e-02 9.520775142043754347e-04
1.699999999999999956e+00 7.562285467550003415e-02 9.705017247099635052e-04
1.709999999999999964e+00 7.884944762950006625e-02 1.084820204579299259e-03
1.719999999999999973e+00 8.091053779949994307e-02 1.190234293445223282e-03
1.729999999999999982e+00 8.304395963400000580e-02 1.265841926724505483e-03
1.739999999999999991e+00 8.613928067499997121e-02 1.451437779255459288e-03
1.750000000000000000e+00 8.858832316850004385e-02 1.417679274879422640e-03
1.760000000000000009e+00 9.154894011100003781e-02 1.509549569752486513e-03
1.770000000000000018e+00 9.386059261299997680e-02 1.662938786290299453e-03
1.780000000000000027e+00 9.860939326050004172e-02 1.884404666810340998e-03
1.790000000000000036e+00 1.013577214480000516e-01 2.014710707649186496e-03
1.800000000000000044e+00 1.052373126860001035e-01 2.186787678301846480e-03
1.810000000000000053e+00 1.086114886500000321e-01 2.268280683075426206e-03
1.820000000000000062e+00 1.128115991399999546e-01 2.443914960152991124e-03
1.830000000000000071e+00 1.195570413440000535e-01 2.745881946955830953e-03
1.840000000000000080e+00 1.225865467470001469e-01 2.814719748661343671e-03
1.850000000000000089e+00 1.285132104029999833e-01 3.024148638286768866e-03
1.860000000000000098e+00 1.328312147309998748e-01 3.153383495357653821e-03
1.870000000000000107e+00 1.388123994039998921e-01 3.434681087531404626e-03
1.879999999999999893e+00 1.445845008399999632e-01 3.587710280130186873e-03
1.889999999999999902e+00 1.515301242310000407e-01 3.629030195453273894e-03
1.899999999999999911e+00 1.567358266104999232e-01 4.028143460433583276e-03
1.909999999999999920e+00 1.628647808685001475e-01 4.041550091176863459e-03
1.919999999999999929e+00 1.714112045630000192e-01 4.219045473670584787e-03
1.929999999999999938e+00 1.787047237394999988e-01 4.350088265650023898e-03
1.939999999999999947e+00 1.855595617009995479e-01 4.526008865952376413e-03
1.949999999999999956e+00 1.933577164105004242e-01 4.709800078150688275e-03
1.959999999999999964e+00 2.023588197425001678e-01 4.876488623361472687e-03
1.969999999999999973e+00 2.099027707034998580e-01 4.897356097454359965e-03
1.979999999999999982e+00 2.160940821765000019e-01 5.056166340538975450e-03
1.989999999999999991e+00 2.275484526135000130e-01 5.110401348553274443e-03
2.000000000000000000e+00 2.367323963444999124e-01 5.193099940801143219e-03
2.009999999999999787e+00 2.458908309065002129e-01 5.228927666596176228e-03
2.020000000000000018e+00 2.553057291420002262e-01 5.451505300640843536e-03
2.029999999999999805e+00 2.655068193079999084e-01 5.473427227573027590e-03
2.040000000000000036e+00 2.736679625180001851e-01 5.486528325853091970e-03
2.049999999999999822e+00 2.848030951850001324e-01 5.475234614972465143e-03
2.060000000000000053e+00 2.947080250999999929e-01 5.524463231859560487e-03
2.069999999999999840e+00 3.026086202799997960e-01 5.530993286199897656e-03
2.080000000000000071e+00 3.141726266449998417e-01 5.413197227281571836e-03
2.089999999999999858e+00 3.216632037700001279e-01 5.500137802064908842e-03
2.100000000000000089e+00 3.334067537510000956e-01 5.388974430035820690e-03
2.109999999999999876e+00 3.403480042750001711e-01 5.456016030227556733e-03
2.120000000000000107e+00 3.508781690400002984e-01 5.228442590928189873e-03
2.129999999999999893e+00 3.592685475200000367e-01 5.245322113306480696e-03
2.140000000000000124e+00 3.687004217399997841e-01 5.204396252711460287e-03
2.149999999999999911e+00 3.774901930050007515e-01 4.953434265788370094e-03
2.160000000000000142e+00 3.869513019949997745e-01 4.894397294890959725e-03
2.169999999999999929e+00 3.948840008599998619e-01 4.791875164485881640e-03
2.180000000000000160e+00 4.039349507850000243e-01 4.599157885766865655e-03
2.189999999999999947e+00 4.113809181099999934e-01 4.639726276552842525e-03
2.200000000000000178e+00 4.207272361949993544e-01 4.321384266273121770e-03
2.209999999999999964e+00 4.277017779949995324e-01 4.332186328741898310e-03
2.220000000000000195e+00 4.369164277899998394e-01 4.221092917114908395e-03
2.229999999999999982e+00 4.456737562300003841e-01 3.990028936363674596e-03
2.240000000000000213e+00 4.526300528600005202e-01 4.038576676732370981e-03
2.250000000000000000e+00 4.599704877199997655e-01 3.769381250011105168e-03
2.259999999999999787e+00 4.669957776700006669e-01 3.766873541646906156e-03
2.270000000000000018e+00 4.738656650199996045e-01 3.609092663426735799e-03
