9.499999999999999556e-01 5.880140595899990136e-02 2.778859551326032847e-04
9.599999999999999645e-01 5.929285562449999186e-02 2.756033679945338495e-04
9.699999999999999734e-01 5.992853857400001066e-02 2.909608816305049757e-04
9.799999999999999822e-01 6.029284003649996310e-02 2.786974934323961303e-04
9.899999999999999911e-01 6.109492821299996462e-02 2.993648154102581294e-04
1.000000000000000000e+00 6.194289574800002779e-02 3.364919911835721907e-04
1.010000000000000009e+00 6.241742462900007338e-02 3.282336070666968652e-04
1.020000000000000018e+00 6.280652670449997366e-02 3.377567586950419413e-04
1.030000000000000027e+00 6.300338698249999259e-02 3.291743647634263353e-04
1.040000000000000036e+00 6.394945299800004757e-02 3.350227404489560337e-04
1.050000000000000044e+00 6.472726963700002611e-02 3.430646984118226449e-04
1.060000000000000053e+00 6.537011822500007896e-02 3.704309684298138692e-04
1.070000000000000062e+00 6.555475411249993278e-02 3.769628680100459476e-04
1.080000000000000071e+00 6.635978545349995039e-02 3.620471241771672450e-04
1.090000000000000080e+00 6.679403559699999271e-02 3.742710628164093228e-04
1.100000000000000089e+00 6.752263112550005442e-02 3.805466325833669803e-04
1.110000000000000098e+00 6.804818177199992157e-02 3.798583735250001090e-04
1.120000000000000107e+00 6.908518424649999490e-02 4.160717942865811768e-04
1.129999999999999893e+00 6.970526647300000211e-02 4.064381256379558907e-04
1.139999999999999902e+00 7.052205947400012886e-02 4.177961695800658194e-04
1.149999999999999911e+00 7.103414986250004837e-02 4.342978761765276994e-04
1.159999999999999920e+00 7.183641075200003501e-02 4.101217174380479883e-04
1.169999999999999929e+00 7.235941706200003931e-02 4.716340947651224166e-04
1.179999999999999938e+00 7.372207270699994430e-02 4.833784895332668614e-04
1.189999999999999947e+00 7.382285797849985620e-02 4.394827132779552457e-04
1.199999999999999956e+00 7.474114758849990936e-02 4.636937375868271124e-04
1.209999999999999964e+00 7.523684433299993035e-02 4.660152336361305866e-04
1.219999999999999973e+00 7.621451687850008816e-02 4.590536940620865147e-04
1.229999999999999982e+00 7.683653452050001609e-02 4.741548070895121531e-04
1.239999999999999991e+00 7.803922092300004387e-02 5.076305286265806772e-04
1.250000000000000000e+00 7.857382519350010475e-02 5.197405977431631069e-04
1.260000000000000009e+00 7.949900515250016286e-02 4.859197773813561400e-04
1.270000000000000018e+00 8.008260816449991326e-02 5.283066809529442936e-04
1.280000000000000027e+00 8.110503503100004175e-02 5.101618826864458235e-04
1.290000000000000036e+00 8.175866860900010691e-02 5.626039844150621146e-04
1.300000000000000044e+00 8.245325210200003807e-02 5.775477263447104841e-04
1.310000000000000053e+00 8.326285602950014852e-02 5.961067939666963179e-04
1.320000000000000062e+00 8.436753463449996049e-02 5.393498461781388994e-04
1.330000000000000071e+00 8.505249874500005192e-02 6.374173742552710197e-04
1.340000000000000080e+00 8.619025406599999106e-02 6.043380817582895371e-04
1.350000000000000089e+00 8.728117526849993313e-02 6.996378855724786532e-04
1.360000000000000098e+00 8.810468900449998364e-02 6.625451231259075341e-04
1.370000000000000107e+00 8.913973934450002135e-02 7.059620825631344717e-04
1.379999999999999893e+00 8.999904458199990687e-02 7.207117160999357156e-04
1.389999999999999902e+00 9.198834452300007347e-02 8.033942716823159937e-04
1.399999999999999911e+00 9.238534622149993658e-02 7.744098934716675195e-04
1.409999999999999920e+00 9.354706243749986994e-02 7.782625923836781860e-04
1.419999999999999929e+00 9.431978297299993541e-02 8.424852718953416584e-04
1.429999999999999938e+00 9.508032057450001295e-02 8.442902581910397648e-04
1.439999999999999947e+00 9.636946760899998965e-02 8.981345889085132943e-04
1.449999999999999956e+00 9.774983817000011677e-02 8.936484154720635790e-04
1.459999999999999964e+00 9.871626000199981710e-02 8.771285656157325498e-04
1.469999999999999973e+00 9.933339999100002093e-02 9.972517965174379408e-04
1.479999999999999982e+00 1.006709867524998997e-01 9.219401982003442653e-04
1.489999999999999991e+00 1.016624163119998897e-01 1.017504786184845328e-03
1.500000000000000000e+00 1.027746708565000916e-01 1.042703186789876611e-03
1.510000000000000009e+00 1.044733944034999529e-01 1.128710188388901267e-03
1.520000000000000018e+00 1.052688424970001091e-01 1.101537349032220966e-03
1.530000000000000027e+00 1.061016695765000101e-01 1.095636544520984601e-03
1.540000000000000036e+00 1.081457927045000184e-01 1.247080196383839983e-03
1.550000000000000044e+00 1.083303148840000785e-01 1.149084739462286411e-03
1.560000000000000053e+00 1.105331466059998741e-01 1.260819660113348360e-03
1.570000000000000062e+00 1.112871669370000399e-01 1.325196267562874040e-03
1.580000000000000071e+00 1.131250670069999104e-01 1.377527711163042219e-03
1.590000000000000080e+00 1.140634898274998921e-01 1.370801248843326204e-03
1.600000000000000089e+00 1.149915506465001985e-01 1.329037874092757303e-03
1.610000000000000098e+00 1.163873994414999641e-01 1.326987530958434946e-03
1.620000000000000107e+00 1.179242863414999426e-01 1.437997124095380126e-03
1.629999999999999893e+00 1.199866234944999693e-01 1.580165616996261719e-03
1.639999999999999902e+00 1.214140835644999944e-01 1.603416552483372722e-03
1.649999999999999911e+00 1.224212978605000307e-01 1.475739556876797280e-03
1.659999999999999920e+00 1.242348179595000324e-01 1.589617438304999266e-03
1.669999999999999929e+00 1.258768455500000605e-01 1.706272381631436519e-03
1.679999999999999938e+00 1.274868726375000816e-01 1.656614399154740557e-03
1.689999999999999947e+00 1.285865605895000485e-01 1.760062940101423095e-03
1.699999999999999956e+00 1.296995220239998969e-01 1.801527429140129281e-03
1.709999999999999964e+00 1.321912279584998851e-01 1.957715918203976023e-03
1.719999999999999973e+00 1.334755077765000242e-01 1.939386291000963752e-03
1.729999999999999982e+00 1.354155136624997646e-01 2.003951783687548359e-03
1.739999999999999991e+00 1.378296234194998082e-01 2.111677999129475507e-03
1.750000000000000000e+00 1.399322166474999685e-01 2.094437573373558476e-03
1.760000000000000009e+00 1.404556134515001220e-01 2.297008746226828282e-03
1.770000000000000018e+00 1.427961674279999704e-01 2.351526540072455991e-03
1.780000000000000027e+00 1.444510779590001404e-01 2.328730164688224205e-03
1.790000000000000036e+00 1.467525800835003946e-01 2.498683052297567993e-03
1.800000000000000044e+00 1.500385083870001135e-01 2.683135386096777934e-03
1.810000000000000053e+00 1.505021237579999838e-01 2.656795132617839009e-03
1.820000000000000062e+00 1.535293620200001707e-01 2.844356797039325740e-03
1.830000000000000071e+00 1.556058445769998300e-01 2.907756663037173832e-03
1.840000000000000080e+00 1.578269041000001371e-01 3.075890267624624246e-03
1.850000000000000089e+00 1.603791531954998906e-01 3.126578811413181953e-03
1.860000000000000098e+00 1.620638537280001124e-01 3.208876160881064376e-03
1.870000000000000107e+00 1.642195186749998703e-01 3.222056919119031370e-03
1.879999999999999893e+00 1.663597823825000432e-01 3.453908797527992756e-03
1.889999999999999902e+00 1.703983868149999137e-01 3.553336222054878212e-03
1.899999999999999911e+00 1.718727318199999299e-01 3.740242674556839165e-03
1.909999999999999920e+00 1.753351107599999958e-01 3.778758651804269529e-03
1.919999999999999929e+00 1.761835236049999753e-01 3.861236808216646048e-03
1.929999999999999938e+00 1.796236269949999520e-01 3.996957405182193987e-03
1.939999999999999947e+00 1.814145056849997828e-01 4.049871239475700581e-03
1.949999999999999956e+00 1.843752763549998397e-01 4.153420938828052307e-03
1.959999999999999964e+00 1.857187405050000628e-01 4.268509085345239748e-03
1.969999999999999973e+00 1.886492018600000875e-01 4.249815198893060544e-03
1.979999999999999982e+00 1.916968246499999584e-01 4.241297647966041709e-03
1.989999999999999991e+00 1.941314475950003393e-01 4.388841200576248415e-03
2.000000000000000000e+00 1.982687442300001268e-01 4.623812983711934541e-03
2.009999999999999787e+00 2.002531166649999250e-01 4.762936124483554273e-03
2.020000000000000018e+00 2.033146581550000220e-01 4.737931919044608559e-03
2.029999999999999805e+00 2.067102496700003733e-01 4.907880013993263894e-03
2.040000000000000036e+00 2.089482984250002617e-01 5.109252580981481565e-03
2.049999999999999822e+00 2.140629212100000067e-01 5.127907860712607215e-03
2.060000000000000053e+00 2.142441345000000996e-01 5.215753473056877580e-03
2.069999999999999840e+00 2.195824330250000789e-01 5.309543930106887244e-03
2.080000000000000071e+00 2.217756521900003108e-01 5.371911592164630746e-03
2.089999999999999858e+00 2.253078635649999606e-01 5.486893815433188486e-03
2.100000000000000089e+00 2.299495895049998018e-01 5.508339678803935054e-03
2.109999999999999876e+00 2.319332590700000640e-01 5.662126736441215266e-03
2.120000000000000107e+00 2.354551392750001415e-01 5.813869825317648579e-03
2.129999999999999893e+00 2.403718378849999671e-01 5.939674326586736643e-03
2.140000000000000124e+00 2.437120291849999010e-01 6.110094898071048025e-03
2.149999999999999911e+00 2.480234188899997916e-01 6.198257374166345895e-03
2.160000000000000142e+00 2.519413480900000724e-01 6.327089759200770110e-03
2.169999999999999929e+00 2.538843361149999978e-01 6.433148939358028506e-03
2.180000000000000160e+00 2.594599515899997932e-01 6.589434359254196620e-03
2.189999999999999947e+00 2.634643421149999720e-01 6.701958024868178744e-03
2.200000000000000178e+00 2.681223284950000063e-01 6.859062603383939138e-03
2.209999999999999964e+00 2.716338958200001930e-01 6.804716978907716755e-03
2.220000000000000195e+00 2.749392266149998099e-01 6.967466231931384105e-03
2.229999999999999982e+00 2.785558212649997811e-01 7.074711251504691226e-03
2.240000000000000213e+00 2.829769033049998050e-01 7.140649340983817352e-03
2.250000000000000000e+00 2.887321292450001353e-01 7.132550468065635384e-03
2.259999999999999787e+00 2.911806711099995670e-01 7.197092028582712138e-03
2.270000000000000018e+00 2.950648165949998347e-01 7.267664938102330260e-03
2.279999999999999805e+00 3.000728969150002201e-01 7.438977256821915560e-03
2.290000000000000036e+00 3.041062111900001974e-01 7.479415079450390386e-03
2.299999999999999822e+00 3.090448349899996838e-01 7.465283026854671773e-03
2.310000000000000053e+00 3.132195505299998906e-01 7.642249229714900144e-03
2.319999999999999840e+00 3.170162013499995268e-01 7.545474454079789325e-03
2.330000000000000071e+00 3.221905474449997531e-01 7.685629632899801389e-03
2.339999999999999858e+00 3.267542007400001669e-01 7.609962768960599686e-03
2.350000000000000089e+00 3.308345464499998778e-01 7.590414974254318901e-03
2.359999999999999876e+00 3.342462048100005023e-01 7.764095386711968375e-03
2.370000000000000107e+00 3.401906829899998819e-01 7.741596582030129715e-03
2.379999999999999893e+00 3.422022237799998701e-01 7.882453722214771696e-03
2.390000000000000124e+00 3.475495372749997092e-01 7.991651321622356141e-03
2.399999999999999911e+00 3.528761127049991342e-01 7.970200453843933122e-03
2.410000000000000142e+00 3.585161439949999251e-01 8.057668525227471359e-03
2.419999999999999929e+00 3.632062356099998723e-01 8.027081131315862844e-03
2.430000000000000160e+00 3.665320784600004655e-01 8.108096391899197522e-03
2.439999999999999947e+00 3.709396649100004106e-01 8.056012203740183994e-03
2.450000000000000178e+00 3.766783272099997748e-01 8.165968855967905074e-03
2.459999999999999964e+00 3.804728323949994606e-01 8.334881024621836401e-03
2.470000000000000195e+00 3.862347729050000233e-01 8.306000790481713955e-03
2.479999999999999982e+00 3.910226014900000102e-01 8.277824047028857837e-03
2.490000000000000213e+00 3.959644983149995801e-01 8.202748621623403083e-03
2.500000000000000000e+00 3.994177586050006723e-01 8.351507402683014739e-03
2.509999999999999787e+00 4.059636584299994300e-01 8.243827293596300496e-03
2.520000000000000018e+00 4.102240831149999156e-01 8.291803748093632548e-03
2.529999999999999805e+00 4.153445543900008974e-01 8.294940341582155569e-03
2.540000000000000036e+00 4.195234717149996517e-01 8.276369201752042590e-03
2.549999999999999822e+00 4.239829787600002953e-01 8.319517188540037980e-03
2.560000000000000053e+00 4.306798886849994012e-01 8.281508444719662063e-03
2.569999999999999840e+00 4.335564635100000452e-01 8.198222388415303194e-03
2.580000000000000071e+00 4.369202458250004417e-01 8.358296134251560691e-03
2.589999999999999858e+00 4.409532851150000932e-01 8.291969550363560010e-03
2.600000000000000089e+00 4.464498530850002367e-01 8.174466052737540053e-03
2.609999999999999876e+00 4.510015796099998142e-01 8.286421506153109420e-03
2.620000000000000107e+00 4.556381586599991818e-01 8.325621308444492233e-03
2.629999999999999893e+00 4.587968648499998192e-01 8.339657276278470907e-03
2.640000000000000124e+00 4.632464304149998546e-01 8.320744705365996224e-03
2.649999999999999911e+00 4.676826983750002054e-01 8.261350135668529132e-03
2.660000000000000142e+00 4.736086449799997711e-01 8.228092786423410118e-03
2.669999999999999929e+00 4.764545287549992181e-01 8.312388756290449085e-03
2.680000000000000160e+00 4.821601257650001693e-01 8.161779422219251831e-03
2.689999999999999947e+00 4.865110382050001903e-01 8.073440706615014201e-03
2.700000000000000178e+00 4.895645582800005058e-01 8.137849807866286839e-03
2.709999999999999964e+00 4.935423747250000104e-01 8.191541666030335150e-03
2.720000000000000195e+00 4.986168378650002730e-01 8.040677075830438697e-03
2.729999999999999982e+00 5.031084009000005297e-01 8.021419644465451609e-03
2.740000000000000213e+00 5.074473163700002898e-01 8.053569528776878192e-03
2.750000000000000000e+00 5.118727744849997929e-01 7.895074294038744930e-03
2.759999999999999787e+00 5.156876596700002979e-01 7.827150427392964502e-03
2.770000000000000018e+00 5.189095898550000197e-01 7.871743680591201942e-03
2.779999999999999805e+00 5.243207058150001210e-01 7.844628052801533302e-03
2.790000000000000036e+00 5.291742300300008583e-01 7.707692460705095096e-03
2.799999999999999822e+00 5.318556596250000323e-01 7.631284308696749050e-03
2.810000000000000053e+00 5.346821335649996065e-01 7.676484144519841318e-03
2.819999999999999840e+00 5.402700127450004164e-01 7.634130546296634054e-03
2.830000000000000071e+00 5.429748684750000942e-01 7.463449669016066976e-03
2.839999999999999858e+00 5.466670308850003490e-01 7.632480697569057719e-03
2.850000000000000089e+00 5.517035510650000196e-01 7.448453956391877864e-03
2.859999999999999876e+00 5.531029194849993447e-01 7.537524823886852278e-03
2.870000000000000107e+00 5.559268491399994572e-01 7.605511589538071701e-03
2.879999999999999893e+00 5.590467536299992268e-01 7.469330139525463819e-03
2.890000000000000124e+00 5.616878858250000661e-01 7.377046933753320275e-03
2.899999999999999911e+00 5.660921509750004299e-01 7.318279711077901872e-03
2.910000000000000142e+00 5.689918080800000499e-01 7.341709058250692546e-03
2.919999999999999929e+00 5.726387244450005243e-01 7.205877531698827616e-03
2.930000000000000160e+00 5.757279503799999087e-01 7.176387189541530258e-03
2.939999999999999947e+00 5.788274487650000300e-01 7.182861339248967913e-03
2.950000000000000178e+00 5.836202893650006551e-01 7.196842450466879246e-03
2.959999999999999964e+00 5.864578307249995737e-01 7.115757196608727027e-03
2.970000000000000195e+00 5.904685027850001822e-01 6.982142675041024156e-03
2.979999999999999982e+00 5.933167489050013010e-01 6.969405000656224772e-03
2.990000000000000213e+00 5.966096665100001362e-01 6.909907870637409244e-03
3.000000000000000000e+00 5.980346805900000895e-01 6.698958820876722148e-03
3.009999999999999787e+00 6.028566020549994686e-01 6.686395269747202365e-03
3.020000000000000018e+00 6.053052691250000450e-01 6.851910739348163540e-03
