9.799999999999999822e-01 9.729450325699988411e-02 8.027114310131571373e-04
9.899999999999999911e-01 9.867899011099991180e-02 8.190626412649656745e-04
1.000000000000000000e+00 9.884946318800001686e-02 8.599529583814447160e-04
1.010000000000000009e+00 9.961698869000018552e-02 7.847930876169952486e-04
1.020000000000000018e+00 1.006989165290000376e-01 8.007079048794130474e-04
1.030000000000000027e+00 1.023574696150000435e-01 8.697509825990280483e-04
1.040000000000000036e+00 1.038770971110001551e-01 8.591088929206483656e-04
1.050000000000000044e+00 1.055788103160000269e-01 9.777032549476466668e-04
1.060000000000000053e+00 1.065847536960001229e-01 9.200915887960415965e-04
1.070000000000000062e+00 1.073299511179999638e-01 9.814179291449337886e-04
1.080000000000000071e+00 1.084109551519999159e-01 1.011511234643504157e-03
1.090000000000000080e+00 1.108565077750000016e-01 1.077920106521025731e-03
1.100000000000000089e+00 1.115531818590000529e-01 1.014141593810193812e-03
1.110000000000000098e+00 1.132041371629999710e-01 1.144698579475340958e-03
1.120000000000000107e+00 1.148904580899999806e-01 1.112511823291465005e-03
1.129999999999999893e+00 1.162078007020000414e-01 1.123683124617170636e-03
1.139999999999999902e+00 1.179191209789999806e-01 1.211003119361801468e-03
1.149999999999999911e+00 1.194988293900000192e-01 1.243306767570948870e-03
1.159999999999999920e+00 1.207021713939999130e-01 1.295196215955889650e-03
1.169999999999999929e+00 1.220802605980000483e-01 1.191378429721306380e-03
1.179999999999999938e+00 1.242971242129999321e-01 1.319390962609505707e-03
1.189999999999999947e+00 1.265063226190001333e-01 1.460413948331984587e-03
1.199999999999999956e+00 1.281175077500000814e-01 1.429570348806813744e-03
1.209999999999999964e+00 1.290247924899997345e-01 1.536203666468444759e-03
1.219999999999999973e+00 1.311464642360001265e-01 1.567986354706103411e-03
1.229999999999999982e+00 1.333361964300001090e-01 1.686810359837985322e-03
1.239999999999999991e+00 1.361819475379999755e-01 1.722164262150031704e-03
1.250000000000000000e+00 1.379192662100000577e-01 1.753450410307268561e-03
1.260000000000000009e+00 1.401406094700000937e-01 1.745714472928842562e-03
1.270000000000000018e+00 1.410182751200003692e-01 1.886266675770471206e-03
1.280000000000000027e+00 1.442291860399999293e-01 2.056443693332573892e-03
1.290000000000000036e+00 1.466701822300000013e-01 2.013580026271598235e-03
1.300000000000000044e+00 1.491535393400000020e-01 2.072346282290527409e-03
1.310000000000000053e+00 1.500371129399998005e-01 2.149586667709064893e-03
1.320000000000000062e+00 1.532230908800001346e-01 2.346711301612968998e-03
1.330000000000000071e+00 1.563428137999998135e-01 2.388594599498197139e-03
1.340000000000000080e+00 1.589812251600001558e-01 2.674893338494598906e-03
1.350000000000000089e+00 1.607536022500003214e-01 2.617288376010801221e-03
1.360000000000000098e+00 1.648370616600000060e-01 2.799345691044046597e-03
1.370000000000000107e+00 1.659321216200002336e-01 2.979641677786341696e-03
1.379999999999999893e+00 1.696280363500001498e-01 2.938071188580151493e-03
1.389999999999999902e+00 1.718216558899999802e-01 2.920878032320080222e-03
1.399999999999999911e+00 1.749506600300002601e-01 3.030154440275393581e-03
1.409999999999999920e+00 1.780034512300001093e-01 3.400622260202854335e-03
1.419999999999999929e+00 1.797084497099998013e-01 3.241485406909157090e-03
1.429999999999999938e+00 1.835548444300001691e-01 3.474081289462705932e-03
1.439999999999999947e+00 1.861989073700001662e-01 3.642086519378939704e-03
1.449999999999999956e+00 1.899686360199999147e-01 3.749606017330105612e-03
1.459999999999999964e+00 1.931566816899997208e-01 3.924227435632629546e-03
1.469999999999999973e+00 1.959769647399999815e-01 4.076349592103639501e-03
1.479999999999999982e+00 2.003786546300001248e-01 4.066663174735358002e-03
1.489999999999999991e+00 2.049489841399998735e-01 4.424759161585235974e-03
1.500000000000000000e+00 2.078930518899999302e-01 4.499254570604173560e-03
1.510000000000000009e+00 2.094626718399999754e-01 4.612597951076250272e-03
1.520000000000000018e+00 2.138460466800002069e-01 4.778066866290816943e-03
1.530000000000000027e+00 2.169211437399999332e-01 4.921575090719149288e-03
1.540000000000000036e+00 2.209917061000001570e-01 5.163428395316365001e-03
1.550000000000000044e+00 2.252996513799999379e-01 5.386362808529134710e-03
1.560000000000000053e+00 2.290058048499998833e-01 5.546737648551533159e-03
1.570000000000000062e+00 2.337887598300000536e-01 5.722570264845494234e-03
1.580000000000000071e+00 2.367562760600002147e-01 5.809670327102622184e-03
1.590000000000000080e+00 2.407114037299997455e-01 6.104687198846334498e-03
1.600000000000000089e+00 2.451246538799997932e-01 6.503629395701386942e-03
1.610000000000000098e+00 2.504833890700003396e-01 6.631852295750006662e-03
1.620000000000000107e+00 2.544056606800002007e-01 7.082976813350000574e-03
1.629999999999999893e+00 2.599147939300001098e-01 7.199599420806538155e-03
1.639999999999999902e+00 2.627603686899998015e-01 7.291395680010327555e-03
1.649999999999999911e+00 2.701016874700001291e-01 7.647904305928916388e-03
1.659999999999999920e+00 2.738060566100002369e-01 7.679991974338670237e-03
1.669999999999999929e+00 2.794679229000002763e-01 7.720335664374309084e-03
1.679999999999999938e+00 2.838545584199996807e-01 8.180970619951528564e-03
1.689999999999999947e+00 2.862818511999998816e-01 8.272677191671214472e-03
1.699999999999999956e+00 2.911301350999999649e-01 8.579926720306657942e-03
1.709999999999999964e+00 2.982328594799995569e-01 8.949520938469674239e-03
1.719999999999999973e+00 3.005472754300003158e-01 8.993871350197444464e-03
1.729999999999999982e+00 3.063747409099997210e-01 9.013659683246834364e-03
1.739999999999999991e+00 3.117691186899996247e-01 9.453416392200071974e-03
1.750000000000000000e+00 3.145786297999996761e-01 9.447605470743632855e-03
1.760000000000000009e+00 3.223522040899997054e-01 9.810303912956371344e-03
1.770000000000000018e+00 3.243308589699998579e-01 9.892681551970738604e-03
1.780000000000000027e+00 3.290465319299997748e-01 1.008127565538253882e-02
1.790000000000000036e+00 3.319390857399998618e-01 1.024599857880168982e-02
1.800000000000000044e+00 3.396980198700001452e-01 1.048505321018648739e-02
1.810000000000000053e+00 3.441408307399999034e-01 1.048543028425786422e-02
1.820000000000000062e+00 3.472139997200002215e-01 1.087857576548116600e-02
1.830000000000000071e+00 3.536376559299997391e-01 1.088167787609822454e-02
1.840000000000000080e+00 3.571507857199999747e-01 1.099471871688730874e-02
1.850000000000000089e+00 3.639714971300000435e-01 1.118519220955925195e-02
1.860000000000000098e+00 3.679765669399990835e-01 1.126855724875958434e-02
1.870000000000000107e+00 3.734655372599997580e-01 1.129578600239244425e-02
1.879999999999999893e+00 3.778386658300003087e-01 1.145126403043254110e-02
1.889999999999999902e+00 3.840632607100000762e-01 1.154208759521339715e-02
1.899999999999999911e+00 3.877450726499999667e-01 1.161452469727366522e-02
1.909999999999999920e+00 3.947132063499997900e-01 1.175094013399239148e-02
1.919999999999999929e+00 3.982731687899997430e-01 1.185363761278438420e-02
1.929999999999999938e+00 4.061553332899998092e-01 1.191860163926830758e-02
1.939999999999999947e+00 4.124487333799999322e-01 1.207112563718213544e-02
1.949999999999999956e+00 4.152893692100000922e-01 1.231211062967641455e-02
1.959999999999999964e+00 4.208426878000006144e-01 1.228210457826943609e-02
1.969999999999999973e+00 4.256994339300000929e-01 1.231695965749355498e-02
1.979999999999999982e+00 4.290602190400006899e-01 1.244971942137866085e-02
1.989999999999999991e+00 4.352259027300006133e-01 1.254928245467299558e-02
2.000000000000000000e+00 4.406759271900007602e-01 1.253045023518380673e-02
2.009999999999999787e+00 4.452184150500002602e-01 1.246263108541920649e-02
2.020000000000000018e+00 4.508588029900003069e-01 1.256380557082309619e-02
2.029999999999999805e+00 4.583126506700002101e-01 1.243014971600688717e-02
2.040000000000000036e+00 4.611485722800000020e-01 1.264159305853278237e-02
2.049999999999999822e+00 4.670749668500000507e-01 1.265867668792570663e-02
2.060000000000000053e+00 4.730594149600004239e-01 1.279324291714295514e-02
2.069999999999999840e+00 4.797184827600005086e-01 1.263442864535378046e-02
2.080000000000000071e+00 4.841762107500002243e-01 1.289473199022198903e-02
2.089999999999999858e+00 4.897953638300001633e-01 1.272931711288739255e-02
2.100000000000000089e+00 4.953676137499994914e-01 1.258922172199671528e-02
2.109999999999999876e+00 4.994021196600004209e-01 1.287674082675858110e-02
2.120000000000000107e+00 5.057660904700000959e-01 1.259430905789706706e-02
2.129999999999999893e+00 5.116165355200000819e-01 1.270653326563403462e-02
2.140000000000000124e+00 5.146972160500001836e-01 1.268367799330701907e-02
2.149999999999999911e+00 5.193516975699995486e-01 1.273166625788251481e-02
2.160000000000000142e+00 5.235159016099998341e-01 1.274165944200475985e-02
2.169999999999999929e+00 5.282476493600003487e-01 1.247197065908094843e-02
2.180000000000000160e+00 5.337897202900006022e-01 1.243824298113166416e-02
2.189999999999999947e+00 5.365628423199997332e-01 1.273648432792514641e-02
2.200000000000000178e+00 5.429557818600002639e-01 1.247148414322303209e-02
2.209999999999999964e+00 5.482638733399999298e-01 1.232005158758325142e-02
2.220000000000000195e+00 5.507343308400002302e-01 1.248574697926143652e-02
2.229999999999999982e+00 5.556211476800000382e-01 1.239946468003665786e-02
2.240000000000000213e+00 5.605947235400005058e-01 1.230463786977915169e-02
2.250000000000000000e+00 5.652922796999997335e-01 1.236063149554768488e-02
2.259999999999999787e+00 5.697869659599984482e-01 1.203886756429689911e-02
2.270000000000000018e+00 5.723535918500005648e-01 1.206162378988534858e-02
2.279999999999999805e+00 5.763286448399997930e-01 1.203134312753259029e-02
2.290000000000000036e+00 5.816321176900000056e-01 1.194234918694967763e-02
2.299999999999999822e+00 5.850401231099995325e-01 1.210611436646182211e-02
2.310000000000000053e+00 5.876799027599993730e-01 1.204931504286682088e-02
2.319999999999999840e+00 5.914523174799999339e-01 1.204002712728249533e-02
2.330000000000000071e+00 5.944371787599992407e-01 1.211879172125460667e-02
2.339999999999999858e+00 5.997394159799998015e-01 1.197843488640818084e-02
2.350000000000000089e+00 6.018563885600012320e-01 1.201459245358196641e-02
2.359999999999999876e+00 6.049539943400001896e-01 1.189508503826763874e-02
2.370000000000000107e+00 6.104826622200002495e-01 1.178895486106953591e-02
2.379999999999999893e+00 6.145702756399997746e-01 1.158409953965112635e-02
2.390000000000000124e+00 6.184039491599996330e-01 1.165081387605487045e-02
2.399999999999999911e+00 6.206677673100006176e-01 1.153903187058089030e-02
2.410000000000000142e+00 6.229559863399993791e-01 1.165071165257975001e-02
2.419999999999999929e+00 6.283299579900007981e-01 1.147908262241545581e-02
2.430000000000000160e+00 6.296283418799993870e-01 1.176901003823246916e-02
2.439999999999999947e+00 6.314868294899994572e-01 1.157474033106763514e-02
2.450000000000000178e+00 6.355626065900004118e-01 1.132724003085876056e-02
2.459999999999999964e+00 6.388789769600003998e-01 1.130163997652193150e-02
2.470000000000000195e+00 6.413947990600000759e-01 1.143375552085695163e-02
2.479999999999999982e+00 6.450101543600000875e-01 1.123905000020912134e-02
2.490000000000000213e+00 6.485532417199992850e-01 1.119518067618958078e-02
2.500000000000000000e+00 6.506019266900003872e-01 1.106091238034989828e-02
2.509999999999999787e+00 6.581690889099994779e-01 1.090682755795827595e-02
2.520000000000000018e+00 6.601255827300014367e-01 1.079851552260901668e-02
2.529999999999999805e+00 6.640730487199998366e-01 1.055983785846299067e-02
2.540000000000000036e+00 6.661466702400008488e-01 1.076640181434209038e-02
2.549999999999999822e+00 6.694484587600003644e-01 1.065533802312216768e-02
2.560000000000000053e+00 6.714350114800000657e-01 1.047849080524052359e-02
2.569999999999999840e+00 6.740070242899991459e-01 1.046070251934740417e-02
2.580000000000000071e+00 6.777099371400003847e-01 1.035104429454817773e-02
2.589999999999999858e+00 6.811205584100005206e-01 1.014398400626613343e-02
2.600000000000000089e+00 6.850148289499995435e-01 1.007679881420460964e-02
2.609999999999999876e+00 6.870537804500006507e-01 9.841361796132619758e-03
2.620000000000000107e+00 6.906458746700003815e-01 9.599588910404823622e-03
2.629999999999999893e+00 6.943919768100000889e-01 9.534316868505606987e-03
2.640000000000000124e+00 6.965361376900001122e-01 9.641157330607223047e-03
2.649999999999999911e+00 6.988407425499990611e-01 9.395734789444080623e-03
2.660000000000000142e+00 7.007518794399995032e-01 9.683647351442229573e-03
2.669999999999999929e+00 7.040133319699984904e-01 9.319977722232055534e-03
2.680000000000000160e+00 7.059123597699991093e-01 9.280176982764348423e-03
2.689999999999999947e+00 7.106696059500006157e-01 9.159595927588040642e-03
2.700000000000000178e+00 7.134315750499987674e-01 9.125465236637582064e-03
2.709999999999999964e+00 7.149508933199997252e-01 8.896170330478892635e-03
2.720000000000000195e+00 7.155972689500008643e-01 9.015631197024606344e-03
2.729999999999999982e+00 7.207026518800002668e-01 8.447365400074928130e-03
2.740000000000000213e+00 7.223446266899992141e-01 8.589757964390029588e-03
2.750000000000000000e+00 7.257513967100011065e-01 8.408877341297697067e-03
2.759999999999999787e+00 7.278004188899996896e-01 8.356058319786896157e-03
2.770000000000000018e+00 7.307933858500001989e-01 8.168517864691745428e-03
2.779999999999999805e+00 7.329108372199996113e-01 8.125431663897392590e-03
2.790000000000000036e+00 7.356872506300008441e-01 8.166004166407656029e-03
2.799999999999999822e+00 7.375342176799999372e-01 8.245595440598817508e-03
2.810000000000000053e+00 7.376873846499990561e-01 8.372460081813177732e-03
2.819999999999999840e+00 7.426173748700010124e-01 7.759932027592689185e-03
