1.500000000000000000e+00 3.552524026599998552e-02 2.252099953934300124e-04
1.510000000000000009e+00 3.597567212500002443e-02 2.653599177767254993e-04
1.520000000000000018e+00 3.667780291250005015e-02 2.703825414585706889e-04
1.530000000000000027e+00 3.722329441350000906e-02 2.645492450714199083e-04
1.540000000000000036e+00 3.790994982499999028e-02 2.771820524000571701e-04
1.550000000000000044e+00 3.868685126250004380e-02 3.092413629215695083e-04
1.560000000000000053e+00 3.981066441699999958e-02 2.972450532064758641e-04
1.570000000000000062e+00 4.032745720750006285e-02 3.327418189086506933e-04
1.580000000000000071e+00 4.139379658300001291e-02 3.363422656864681055e-04
1.590000000000000080e+00 4.256055646450002117e-02 3.703621091017896168e-04
1.600000000000000089e+00 4.322361991249992763e-02 3.533828268756372009e-04
1.610000000000000098e+00 4.386905241699992630e-02 3.789587391121952611e-04
1.620000000000000107e+00 4.488253344999994232e-02 3.818432299960128860e-04
1.629999999999999893e+00 4.563843715499996817e-02 4.086890597788611721e-04
1.639999999999999902e+00 4.718761759899996189e-02 4.994282558074035830e-04
1.649999999999999911e+00 4.805344444050002606e-02 5.299432884218474452e-04
1.659999999999999920e+00 4.958565047300007161e-02 5.793354034320961563e-04
1.669999999999999929e+00 5.110015256399996764e-02 6.048542404535247599e-04
1.679999999999999938e+00 5.184189819950003192e-02 5.951014772650295871e-04
1.689999999999999947e+00 5.375270392550004356e-02 6.898953903224074730e-04
1.699999999999999956e+00 5.543866122999999840e-02 6.826200137179382369e-04
1.709999999999999964e+00 5.764062910350001290e-02 7.439287632704743138e-04
1.719999999999999973e+00 5.879981304149996257e-02 8.004906655575501004e-04
1.729999999999999982e+00 6.025288135150001084e-02 8.287447639247334406e-04
1.739999999999999991e+00 6.260922938949994854e-02 9.574755935936275428e-04
1.750000000000000000e+00 6.424997812300002609e-02 1.032510638453125159e-03
1.760000000000000009e+00 6.674538866350000765e-02 1.089938054681716768e-03
1.770000000000000018e+00 6.917466555850000642e-02 1.218610898427753162e-03
1.780000000000000027e+00 7.210342951750002560e-02 1.284547492356659599e-03
1.790000000000000036e+00 7.457499849650001122e-02 1.373837223412584588e-03
1.800000000000000044e+00 7.735674856950000566e-02 1.499524599707499064e-03
1.810000000000000053e+00 8.107899340449983838e-02 1.705884582735754358e-03
1.820000000000000062e+00 8.622219232599998007e-02 1.850774026876625617e-03
1.830000000000000071e+00 8.825008005200010719e-02 1.973808696028235554e-03
1.840000000000000080e+00 9.291293515249995916e-02 2.133663117316885426e-03
1.850000000000000089e+00 9.717661255949996968e-02 2.291480572864358200e-03
1.860000000000000098e+00 1.027805810854999086e-01 2.491838950177597319e-03
1.870000000000000107e+00 1.071142845870000776e-01 2.712150324376626665e-03
1.879999999999999893e+00 1.149695293834999688e-01 2.833197808820702226e-03
1.889999999999999902e+00 1.211451998920001910e-01 3.089362386960297583e-03
1.899999999999999911e+00 1.276030999085000228e-01 3.327897324354944612e-03
1.909999999999999920e+00 1.335237401574999871e-01 3.578593490049264761e-03
1.919999999999999929e+00 1.425285216925002152e-01 3.815512459932924715e-03
1.929999999999999938e+00 1.516397858959998290e-01 3.926765698330933474e-03
1.939999999999999947e+00 1.596897034280000127e-01 4.130379115000217677e-03
1.949999999999999956e+00 1.693394320134997688e-01 4.292845071575683742e-03
1.959999999999999964e+00 1.783689783079998037e-01 4.467400365780454380e-03
1.969999999999999973e+00 1.877404486069999268e-01 4.524992955000418406e-03
1.979999999999999982e+00 1.974966962575001317e-01 4.768888744193791433e-03
1.989999999999999991e+00 2.081135071140001458e-01 4.829267299105186734e-03
2.000000000000000000e+00 2.192251565040001238e-01 4.787036609205208570e-03
2.009999999999999787e+00 2.289271104855001016e-01 4.964121080753917600e-03
2.020000000000000018e+00 2.387717514855000334e-01 4.935054197012161276e-03
2.029999999999999805e+00 2.506931773000001806e-01 4.913999885975238111e-03
2.040000000000000036e+00 2.603519756100000637e-01 4.933817715240178779e-03
2.049999999999999822e+00 2.723982800364996848e-01 4.912017125188399003e-03
2.060000000000000053e+00 2.833721453855003736e-01 4.772356739330609922e-03
2.069999999999999840e+00 2.939090523299998647e-01 4.784352787055653686e-03
2.080000000000000071e+00 3.035052123550003311e-01 4.731630209878351367e-03
2.089999999999999858e+00 3.137915472840005493e-01 4.722791900234501149e-03
2.100000000000000089e+00 3.250842797190003908e-01 4.478163619781851991e-03
2.109999999999999876e+00 3.353662652900003538e-01 4.318091804687783017e-03
2.120000000000000107e+00 3.456992081450001031e-01 4.248140114371486316e-03
2.129999999999999893e+00 3.552249023449999821e-01 4.228674102512472444e-03
2.140000000000000124e+00 3.643697325350003235e-01 4.148285544716644874e-03
2.149999999999999911e+00 3.752915224300003016e-01 3.916519276229948020e-03
2.160000000000000142e+00 3.829790441449999472e-01 3.907627980590537911e-03
2.169999999999999929e+00 3.933210878949994216e-01 3.750000255944099976e-03
2.180000000000000160e+00 4.023098063899991916e-01 3.564367238405669915e-03
2.189999999999999947e+00 4.104778636849996665e-01 3.480929731035758198e-03
