7.500000000000000000e-01 1.062440710290000617e-01 7.680821080906017999e-04
7.600000000000000089e-01 1.073879164040000278e-01 8.350424865557373559e-04
7.700000000000000178e-01 1.080198911580000087e-01 7.586562138645017595e-04
7.800000000000000266e-01 1.093603009689999850e-01 7.827527640236390085e-04
7.900000000000000355e-01 1.097711522440000947e-01 8.506580195036083768e-04
8.000000000000000444e-01 1.105658310949999140e-01 8.433121770184023565e-04
8.100000000000000533e-01 1.114129306289999427e-01 8.063959024781878907e-04
8.199999999999999512e-01 1.133803946740000040e-01 9.005372990128819198e-04
8.299999999999999600e-01 1.137885824850000394e-01 8.213183802745824659e-04
8.399999999999999689e-01 1.153584761690000654e-01 9.205050881554874232e-04
8.499999999999999778e-01 1.162134562600000143e-01 8.679905032990736574e-04
8.599999999999999867e-01 1.167875224699998216e-01 8.702943912386464868e-04
8.699999999999999956e-01 1.176293504439999416e-01 8.926535755552173976e-04
8.800000000000000044e-01 1.190803827899999112e-01 9.033384453940360550e-04
8.900000000000000133e-01 1.203461703500001562e-01 9.373246704079513884e-04
9.000000000000000222e-01 1.211422943140001290e-01 9.248770344868729402e-04
9.100000000000000311e-01 1.217022338810001825e-01 8.711020607682266144e-04
9.200000000000000400e-01 1.236820310700000175e-01 9.248312830958718136e-04
9.300000000000000488e-01 1.250478626100000323e-01 9.412917800908969599e-04
9.399999999999999467e-01 1.257021837700001976e-01 1.031487959139462066e-03
9.499999999999999556e-01 1.271740454000001297e-01 9.965168912093968871e-04
9.599999999999999645e-01 1.287115064699999867e-01 1.002978908901300649e-03
9.699999999999999734e-01 1.298036681100000755e-01 1.017458232461622165e-03
9.799999999999999822e-01 1.316086192799999222e-01 1.054136593727343337e-03
9.899999999999999911e-01 1.331626850099999204e-01 1.142855616893840394e-03
1.000000000000000000e+00 1.339322957900002109e-01 1.105391252205738988e-03
1.010000000000000009e+00 1.350427009099999243e-01 1.212602139068158806e-03
1.020000000000000018e+00 1.374557419600000441e-01 1.244710001164350301e-03
1.030000000000000027e+00 1.380413833799998546e-01 1.240053886728387624e-03
1.040000000000000036e+00 1.396940407800000006e-01 1.239012494154592952e-03
1.050000000000000044e+00 1.408149531999998705e-01 1.196743041893438050e-03
1.060000000000000053e+00 1.425803794100000410e-01 1.322875857686937797e-03
1.070000000000000062e+00 1.436234392299996498e-01 1.287561024302339655e-03
1.080000000000000071e+00 1.463220584499999033e-01 1.262739508675837698e-03
1.090000000000000080e+00 1.462675001399995345e-01 1.321205215728874643e-03
1.100000000000000089e+00 1.494047053999999486e-01 1.440701072830807752e-03
1.110000000000000098e+00 1.498000108100001337e-01 1.377054831780507053e-03
1.120000000000000107e+00 1.525319686500002658e-01 1.463484858933385277e-03
1.129999999999999893e+00 1.534308934100001298e-01 1.441302738564827777e-03
1.139999999999999902e+00 1.560572316299999873e-01 1.623401815856336059e-03
1.149999999999999911e+00 1.577534321400000383e-01 1.554550065017340282e-03
1.159999999999999920e+00 1.596359387499999560e-01 1.647441824378979066e-03
1.169999999999999929e+00 1.615692086700000751e-01 1.771299719223071558e-03
1.179999999999999938e+00 1.634785946999998685e-01 1.761863103629820017e-03
1.189999999999999947e+00 1.647951768100000269e-01 1.952139947135585543e-03
1.199999999999999956e+00 1.683181921299999051e-01 1.917429921530786150e-03
1.209999999999999964e+00 1.696356697800002200e-01 2.040558848392019006e-03
1.219999999999999973e+00 1.715859455100002540e-01 2.221398608773298561e-03
1.229999999999999982e+00 1.734952190600000665e-01 2.250582542134927765e-03
1.239999999999999991e+00 1.773813381399997335e-01 2.377412028827175210e-03
1.250000000000000000e+00 1.789113348699999662e-01 2.532019045346614421e-03
1.260000000000000009e+00 1.817775449400000631e-01 2.564453509516209564e-03
1.270000000000000018e+00 1.840926200999999374e-01 2.819280329136815422e-03
1.280000000000000027e+00 1.848022174499999448e-01 2.805262615147683432e-03
1.290000000000000036e+00 1.886422175100002097e-01 3.188619414332718484e-03
1.300000000000000044e+00 1.911403051899999705e-01 3.041999300889499172e-03
1.310000000000000053e+00 1.954499176300001362e-01 3.855499756948705184e-03
1.320000000000000062e+00 1.968294979500002650e-01 3.428522733556166151e-03
1.330000000000000071e+00 2.004301763900001865e-01 3.886058363696540726e-03
1.340000000000000080e+00 2.023164721399998145e-01 4.094842910787079883e-03
1.350000000000000089e+00 2.050211924900000315e-01 4.260278822920500995e-03
1.360000000000000098e+00 2.084103182899998408e-01 4.320454656376432855e-03
1.370000000000000107e+00 2.120880203099999584e-01 4.428214278583159774e-03
1.379999999999999893e+00 2.153111487900002397e-01 4.690654821542262869e-03
1.389999999999999902e+00 2.191368471799997886e-01 4.985703346550935701e-03
1.399999999999999911e+00 2.221877294099999234e-01 5.037231443926033607e-03
1.409999999999999920e+00 2.257494600099999582e-01 5.339122004540212789e-03
1.419999999999999929e+00 2.291964221899995546e-01 5.493299806555915904e-03
1.429999999999999938e+00 2.317053430299997607e-01 5.724454058033577424e-03
1.439999999999999947e+00 2.354550265199998882e-01 5.937847626684457369e-03
1.449999999999999956e+00 2.380235589499998528e-01 6.061083767085253919e-03
1.459999999999999964e+00 2.426136443200000159e-01 6.314087932744580703e-03
1.469999999999999973e+00 2.465091326099997371e-01 6.549269333938238097e-03
1.479999999999999982e+00 2.515189823500003086e-01 6.624791858560458505e-03
1.489999999999999991e+00 2.541570468100003422e-01 6.879585191208402103e-03
1.500000000000000000e+00 2.577781490599997394e-01 7.131958288298986121e-03
1.510000000000000009e+00 2.617183236600000851e-01 7.194989404869393812e-03
1.520000000000000018e+00 2.643119652200000003e-01 7.280096574087605368e-03
1.530000000000000027e+00 2.681469972600000196e-01 7.448514055751597612e-03
1.540000000000000036e+00 2.718526679100001231e-01 7.570144741144259684e-03
1.550000000000000044e+00 2.760463901199999293e-01 7.607947299559412319e-03
1.560000000000000053e+00 2.793496444000003187e-01 7.961333426793700332e-03
1.570000000000000062e+00 2.833672910300000236e-01 7.765001057973035768e-03
1.580000000000000071e+00 2.861028926899997216e-01 8.205767070996084975e-03
1.590000000000000080e+00 2.920107059399997262e-01 8.306672131478514895e-03
1.600000000000000089e+00 2.947321168799997837e-01 8.434495916599360835e-03
1.610000000000000098e+00 2.984094357300002276e-01 8.530095418963604820e-03
1.620000000000000107e+00 3.025189476699996494e-01 8.695791419959927535e-03
1.629999999999999893e+00 3.058736386399996676e-01 8.776700563648345138e-03
1.639999999999999902e+00 3.101430414199997654e-01 8.922522961741473357e-03
1.649999999999999911e+00 3.127568845400000019e-01 9.250624432934704405e-03
1.659999999999999920e+00 3.182951850399993177e-01 9.325993885208804998e-03
1.669999999999999929e+00 3.214183033499997677e-01 9.363169890447640281e-03
1.679999999999999938e+00 3.273886747199996616e-01 9.606635949399373875e-03
1.689999999999999947e+00 3.316400627099995724e-01 9.681376494431908827e-03
1.699999999999999956e+00 3.345383951799997257e-01 9.865621098130376854e-03
1.709999999999999964e+00 3.411738408600002992e-01 9.955774916289111126e-03
1.719999999999999973e+00 3.449207736899996823e-01 9.903629948577281558e-03
1.729999999999999982e+00 3.494350325499996912e-01 1.039931970775047690e-02
1.739999999999999991e+00 3.543847394500002634e-01 1.049211612621018391e-02
1.750000000000000000e+00 3.598066434199996833e-01 1.059808295174730942e-02
1.760000000000000009e+00 3.624693148899994499e-01 1.079487661833009732e-02
1.770000000000000018e+00 3.672335483999992767e-01 1.095783334056822482e-02
1.780000000000000027e+00 3.733071992200001632e-01 1.118075222264125132e-02
1.790000000000000036e+00 3.776803939499994711e-01 1.141728155523296685e-02
1.800000000000000044e+00 3.825852215099994624e-01 1.159607902614133261e-02
1.810000000000000053e+00 3.870490706799992742e-01 1.164242788030674276e-02
1.820000000000000062e+00 3.923654191099999466e-01 1.185189805883565817e-02
1.830000000000000071e+00 3.942761267100001188e-01 1.211729685417808379e-02
1.840000000000000080e+00 4.015256275599999869e-01 1.210876028518101215e-02
1.850000000000000089e+00 4.071819525200001677e-01 1.245352447867258128e-02
1.860000000000000098e+00 4.111591189400006785e-01 1.235055887603981641e-02
1.870000000000000107e+00 4.156170166400002808e-01 1.230084522148168664e-02
1.879999999999999893e+00 4.185443082400007175e-01 1.253589109218025861e-02
1.889999999999999902e+00 4.259703126400000150e-01 1.248728373012083885e-02
1.899999999999999911e+00 4.293854637899999771e-01 1.274571645727131178e-02
1.909999999999999920e+00 4.344029196599993869e-01 1.264162555062057353e-02
1.919999999999999929e+00 4.398252448899993561e-01 1.284914267360420109e-02
1.929999999999999938e+00 4.431330838699999441e-01 1.294612976555033212e-02
1.939999999999999947e+00 4.463422906800000312e-01 1.312499785897109847e-02
1.949999999999999956e+00 4.502152415699993693e-01 1.320051964426235090e-02
1.959999999999999964e+00 4.552601165100003122e-01 1.330532432364974101e-02
1.969999999999999973e+00 4.602027198399999963e-01 1.332749395503533309e-02
1.979999999999999982e+00 4.642074289500003337e-01 1.337789560984162761e-02
1.989999999999999991e+00 4.680880313799998249e-01 1.356623798002057346e-02
2.000000000000000000e+00 4.746665340400005872e-01 1.361260427506784040e-02
2.009999999999999787e+00 4.791823577000002832e-01 1.354530927297071391e-02
2.020000000000000018e+00 4.834379340500001843e-01 1.370983527687580361e-02
2.029999999999999805e+00 4.894032813999998899e-01 1.367786559133975927e-02
2.040000000000000036e+00 4.928525905100000215e-01 1.385213610185566553e-02
2.049999999999999822e+00 4.975006657899997964e-01 1.396007078052577573e-02
2.060000000000000053e+00 5.023482049899998803e-01 1.380576958464604757e-02
2.069999999999999840e+00 5.070273068599994160e-01 1.383260260623288794e-02
2.080000000000000071e+00 5.094155219599997286e-01 1.408182490054217355e-02
2.089999999999999858e+00 5.144035064099996557e-01 1.381101404870749109e-02
2.100000000000000089e+00 5.178041868899997402e-01 1.399915621976458371e-02
2.109999999999999876e+00 5.218545862500003629e-01 1.399401879960563387e-02
2.120000000000000107e+00 5.268125933699999708e-01 1.406458971216530129e-02
2.129999999999999893e+00 5.310509158200003021e-01 1.395269559233761059e-02
2.140000000000000124e+00 5.351212886199997465e-01 1.402809375499373783e-02
2.149999999999999911e+00 5.395019015999995560e-01 1.409279780898453627e-02
2.160000000000000142e+00 5.434578614500000793e-01 1.423831828224654018e-02
2.169999999999999929e+00 5.478896040699996473e-01 1.404387748190266509e-02
2.180000000000000160e+00 5.517771297999998215e-01 1.401546951989041633e-02
2.189999999999999947e+00 5.546530604099991768e-01 1.406563706587236895e-02
2.200000000000000178e+00 5.577023856699997451e-01 1.405661610469940287e-02
2.209999999999999964e+00 5.618633317800004745e-01 1.409952432999856363e-02
2.220000000000000195e+00 5.664270045299998335e-01 1.389472350771148515e-02
2.229999999999999982e+00 5.700764007099994313e-01 1.376372354764945904e-02
2.240000000000000213e+00 5.740165557499993243e-01 1.371186814759013488e-02
2.250000000000000000e+00 5.798063669500003181e-01 1.361646837483221004e-02
2.259999999999999787e+00 5.819762670000011573e-01 1.372633468151134017e-02
2.270000000000000018e+00 5.855339908300003504e-01 1.359470382311822600e-02
2.279999999999999805e+00 5.906059297599991487e-01 1.347941458378778753e-02
2.290000000000000036e+00 5.941075501899998335e-01 1.336424467694323666e-02
2.299999999999999822e+00 5.980964095800000990e-01 1.334477102193062405e-02
2.310000000000000053e+00 5.997739469999997519e-01 1.333543581141893690e-02
2.319999999999999840e+00 6.035853317299986198e-01 1.317057542995567557e-02
2.330000000000000071e+00 6.065960411099999838e-01 1.304785804054582610e-02
2.339999999999999858e+00 6.081086132199997607e-01 1.317517953096219302e-02
2.350000000000000089e+00 6.123317687899997308e-01 1.316225938661170526e-02
2.359999999999999876e+00 6.140527465199997481e-01 1.307279107740181613e-02
2.370000000000000107e+00 6.192809146499999029e-01 1.296565240987210960e-02
2.379999999999999893e+00 6.244750382400008348e-01 1.287021778435746416e-02
2.390000000000000124e+00 6.290465095299997422e-01 1.272574680178039687e-02
2.399999999999999911e+00 6.298839707399999099e-01 1.285768102170413950e-02
2.410000000000000142e+00 6.337480513600002308e-01 1.265457633740836065e-02
2.419999999999999929e+00 6.351740751900002424e-01 1.267155835055556491e-02
2.430000000000000160e+00 6.393955614699999845e-01 1.255028590836775558e-02
2.439999999999999947e+00 6.432077180300009855e-01 1.246269643325848518e-02
2.450000000000000178e+00 6.460832172600000645e-01 1.242404335525254359e-02
2.459999999999999964e+00 6.502711414100000864e-01 1.251417985592908483e-02
2.470000000000000195e+00 6.540108046400003872e-01 1.239100302550899015e-02
2.479999999999999982e+00 6.586145412100000707e-01 1.218269230436193167e-02
2.490000000000000213e+00 6.601131746399999667e-01 1.212947528325952415e-02
2.500000000000000000e+00 6.648114055399999556e-01 1.196681896048945072e-02
2.509999999999999787e+00 6.667643185400001782e-01 1.197711259900988146e-02
2.520000000000000018e+00 6.680530899800009026e-01 1.201823872105563934e-02
2.529999999999999805e+00 6.733882439100010719e-01 1.162876839889057622e-02
2.540000000000000036e+00 6.760319896099998838e-01 1.183721116460346827e-02
2.549999999999999822e+00 6.785616694099997348e-01 1.186017050854609213e-02
2.560000000000000053e+00 6.815003731699994516e-01 1.168441226882643326e-02
2.569999999999999840e+00 6.851653089000000474e-01 1.139894036766731129e-02
2.580000000000000071e+00 6.862416072399992739e-01 1.120107236410356095e-02
2.589999999999999858e+00 6.890533768999996811e-01 1.122961146163570234e-02
2.600000000000000089e+00 6.904140960599991494e-01 1.126707454178319141e-02
2.609999999999999876e+00 6.942945872499997062e-01 1.111518153328067311e-02
2.620000000000000107e+00 6.960730348300008252e-01 1.121679611232972301e-02
2.629999999999999893e+00 6.987249290799993906e-01 1.093816844186941070e-02
2.640000000000000124e+00 6.986904081999995020e-01 1.135561345611158825e-02
2.649999999999999911e+00 7.003726416800002408e-01 1.125340644957679645e-02
2.660000000000000142e+00 7.032593851900006410e-01 1.091597143463859942e-02
2.669999999999999929e+00 7.066664515300007388e-01 1.078644614955216220e-02
2.680000000000000160e+00 7.073030891500008410e-01 1.095436167698383284e-02
2.689999999999999947e+00 7.110275951099991332e-01 1.073637575868794519e-02
2.700000000000000178e+00 7.131842037099994647e-01 1.069089171679987391e-02
2.709999999999999964e+00 7.151158608600003408e-01 1.073143646792891134e-02
2.720000000000000195e+00 7.184386407800014140e-01 1.038094438673617392e-02
2.729999999999999982e+00 7.190595954700008674e-01 1.078309456426444074e-02
2.740000000000000213e+00 7.210669145599997165e-01 1.076591190426879133e-02
2.750000000000000000e+00 7.255901853299999704e-01 1.024612204242360443e-02
2.759999999999999787e+00 7.283627285300002807e-01 1.015561185264614481e-02
2.770000000000000018e+00 7.296977760600011909e-01 1.019759868991814387e-02
2.779999999999999805e+00 7.312085018100004108e-01 1.015812305773441948e-02
2.790000000000000036e+00 7.335698359600008045e-01 1.011967444098701291e-02
2.799999999999999822e+00 7.363258051199994547e-01 9.809667773167201482e-03
2.810000000000000053e+00 7.382117146199996816e-01 9.770938337477013194e-03
2.819999999999999840e+00 7.376026739200000071e-01 1.012811826617481155e-02
2.830000000000000071e+00 7.418865240700003305e-01 9.846728754929262237e-03
2.839999999999999858e+00 7.459239899500000881e-01 9.536585650552233812e-03
2.850000000000000089e+00 7.462357818599990589e-01 9.732805195835830814e-03
2.859999999999999876e+00 7.473777396199995371e-01 9.782243217698017093e-03
2.870000000000000107e+00 7.509672860400011807e-01 9.473814005402411698e-03
2.879999999999999893e+00 7.514742134899998760e-01 9.485077598075238384e-03
2.890000000000000124e+00 7.540197087099994588e-01 9.275726818971404344e-03
2.899999999999999911e+00 7.552476213099995617e-01 9.407438757309720748e-03
2.910000000000000142e+00 7.583652023399993780e-01 9.261735048318543717e-03
2.919999999999999929e+00 7.602569781599999299e-01 8.974706244314716724e-03
2.930000000000000160e+00 7.624800155699998916e-01 9.060794283663053603e-03
2.939999999999999947e+00 7.643700245400003590e-01 8.763050507891579147e-03
2.950000000000000178e+00 7.653613072299996212e-01 8.686538760776961118e-03
2.959999999999999964e+00 7.672769169400005529e-01 8.832056907090751058e-03
2.970000000000000195e+00 7.698521057599999606e-01 8.499429975949610375e-03
2.979999999999999982e+00 7.710626536999996006e-01 8.683898330812026001e-03
2.990000000000000213e+00 7.731914475700000233e-01 8.441210241718387700e-03
3.000000000000000000e+00 7.739741521399996493e-01 8.502637912607861198e-03
3.009999999999999787e+00 7.752473749299993999e-01 8.588383543856025967e-03
3.020000000000000018e+00 7.767070330899995545e-01 8.582881988100907189e-03
3.029999999999999805e+00 7.791407048500004207e-01 8.233081624451930869e-03
3.040000000000000036e+00 7.802465086499997815e-01 8.217825575776287542e-03
3.049999999999999822e+00 7.818161190600004806e-01 8.124754533558398509e-03
3.060000000000000053e+00 7.834770937899999677e-01 8.130163093143258010e-03
3.069999999999999840e+00 7.863700325599995988e-01 7.564445512652029704e-03
3.080000000000000071e+00 7.881243859599998958e-01 7.535539847418921446e-03
3.089999999999999858e+00 7.896011947099993433e-01 7.563016575369879008e-03
3.100000000000000089e+00 7.894900849699995060e-01 7.786609083056035031e-03
3.109999999999999876e+00 7.909454966599998027e-01 7.736785228508257818e-03
3.120000000000000107e+00 7.910505998500007019e-01 7.906808369233152278e-03
3.129999999999999893e+00 7.927435706999994558e-01 7.709939127038887945e-03
3.140000000000000124e+00 7.938001546400010877e-01 7.575258763444960540e-03
3.149999999999999911e+00 7.956576990399997218e-01 7.486018498059633132e-03
3.160000000000000142e+00 7.968181601699999561e-01 7.448150752225793543e-03
3.169999999999999929e+00 7.986656498199996568e-01 7.247432543349694063e-03
