9.000000000000000222e-01 4.282422670050003294e-02 1.468438521348590571e-04
9.100000000000000311e-01 4.310539668449999556e-02 1.577561447041217306e-04
9.200000000000000400e-01 4.359525493699998450e-02 1.561566109099142227e-04
9.300000000000000488e-01 4.386962323400003805e-02 1.543666334036180676e-04
9.399999999999999467e-01 4.452300739250000111e-02 1.610035847476684481e-04
9.499999999999999556e-01 4.479818724099995930e-02 1.607728901325013431e-04
9.599999999999999645e-01 4.527181471200003582e-02 1.569127464381928766e-04
9.699999999999999734e-01 4.585953890950004996e-02 1.665867957150850569e-04
9.799999999999999822e-01 4.657907943150005337e-02 1.671873798308714642e-04
9.899999999999999911e-01 4.680507113399996755e-02 1.796922206120611307e-04
1.000000000000000000e+00 4.751238602050002896e-02 1.808135553293168112e-04
1.010000000000000009e+00 4.767333373000003094e-02 1.860966550355103589e-04
1.020000000000000018e+00 4.861663472300001287e-02 1.886284165898032461e-04
1.030000000000000027e+00 4.886552617149999417e-02 1.944992001543598245e-04
1.040000000000000036e+00 4.963146326350011128e-02 1.926253320060290666e-04
1.050000000000000044e+00 5.003799797000000465e-02 1.912294697301137280e-04
1.060000000000000053e+00 5.068476965749995483e-02 1.959588791113514605e-04
1.070000000000000062e+00 5.113079713300003326e-02 2.109623415354339984e-04
1.080000000000000071e+00 5.199016597550005364e-02 2.070890607505327871e-04
1.090000000000000080e+00 5.244851847850000304e-02 2.114928013421131362e-04
1.100000000000000089e+00 5.308533459750000572e-02 2.318870892867177873e-04
1.110000000000000098e+00 5.366501318500001977e-02 2.310453953804452159e-04
1.120000000000000107e+00 5.413835457850001837e-02 2.263850656550297070e-04
1.129999999999999893e+00 5.510966553600004508e-02 2.353558473925446419e-04
1.139999999999999902e+00 5.553514696549999990e-02 2.529863488491352545e-04
1.149999999999999911e+00 5.649377673950001233e-02 2.415343463702692263e-04
1.159999999999999920e+00 5.732693451400003304e-02 2.505677480647730375e-04
1.169999999999999929e+00 5.777677599400010688e-02 2.685169892329043609e-04
1.179999999999999938e+00 5.855825607700006902e-02 2.591821346876250934e-04
1.189999999999999947e+00 5.941561540050012413e-02 3.037125243046910074e-04
1.199999999999999956e+00 6.020790843800000181e-02 3.033969232813321323e-04
1.209999999999999964e+00 6.096003204599995118e-02 3.012881360881565647e-04
1.219999999999999973e+00 6.171589636349997243e-02 3.191491311125610377e-04
1.229999999999999982e+00 6.300623356700006672e-02 3.133173123951804389e-04
1.239999999999999991e+00 6.368443381350001598e-02 3.228527625067331469e-04
1.250000000000000000e+00 6.417518173950000071e-02 3.539954605468402624e-04
1.260000000000000009e+00 6.523925482050003943e-02 3.269771339860587898e-04
1.270000000000000018e+00 6.627907874150001932e-02 3.584414694512847908e-04
1.280000000000000027e+00 6.712214014200001966e-02 3.649431109352319806e-04
1.290000000000000036e+00 6.832031224999995933e-02 4.160431885917287146e-04
1.300000000000000044e+00 6.946014133450001404e-02 3.799693967375373745e-04
1.310000000000000053e+00 7.040612427799997075e-02 4.071346589144512898e-04
1.320000000000000062e+00 7.142305994600005314e-02 4.182001354109474026e-04
1.330000000000000071e+00 7.201442170600001746e-02 4.373531770586124262e-04
1.340000000000000080e+00 7.343531490299995412e-02 4.199812294678635909e-04
1.350000000000000089e+00 7.467529255950006162e-02 5.102821302509592469e-04
1.360000000000000098e+00 7.594376142700001719e-02 4.440744686124823456e-04
1.370000000000000107e+00 7.703193197100001444e-02 4.832286691833306445e-04
1.379999999999999893e+00 7.842792480049994019e-02 5.181281009052813875e-04
1.389999999999999902e+00 7.980601757250004036e-02 5.280170203131584732e-04
1.399999999999999911e+00 8.065044681749999889e-02 5.669048953518602716e-04
1.409999999999999920e+00 8.180062796449989737e-02 5.781164328465632175e-04
1.419999999999999929e+00 8.330999208000001988e-02 6.213679660250417004e-04
1.429999999999999938e+00 8.477429587150002444e-02 6.180462396624495248e-04
1.439999999999999947e+00 8.609873444649991658e-02 6.714278120354528166e-04
1.449999999999999956e+00 8.790106561600009860e-02 7.235091960577118416e-04
1.459999999999999964e+00 8.948344795200013913e-02 7.505639285716236625e-04
1.469999999999999973e+00 9.076296762850000199e-02 7.892375789976320988e-04
1.479999999999999982e+00 9.264619794100012462e-02 8.207745351886053730e-04
1.489999999999999991e+00 9.421327446499994096e-02 7.951067234730274311e-04
1.500000000000000000e+00 9.609700842950001654e-02 8.566845350418383345e-04
1.510000000000000009e+00 9.787065533150003660e-02 9.640384601422713603e-04
1.520000000000000018e+00 9.945545822099992328e-02 9.501229592112264742e-04
1.530000000000000027e+00 1.012639524659998957e-01 1.005508277098426028e-03
1.540000000000000036e+00 1.041395853739998795e-01 1.120136422686465998e-03
1.550000000000000044e+00 1.058131922740000730e-01 1.178344329138225795e-03
1.560000000000000053e+00 1.080169609219999577e-01 1.232729335440971123e-03
1.570000000000000062e+00 1.097786596084999733e-01 1.314016156212215137e-03
1.580000000000000071e+00 1.119780243565001027e-01 1.369975676671177913e-03
1.590000000000000080e+00 1.145261140839999719e-01 1.482554287804471738e-03
1.600000000000000089e+00 1.171471928149998426e-01 1.511840428629483658e-03
1.610000000000000098e+00 1.192294408280001050e-01 1.615799661960511157e-03
1.620000000000000107e+00 1.208732673220000997e-01 1.598621979588727565e-03
1.629999999999999893e+00 1.238421459299999527e-01 1.723820247412892947e-03
1.639999999999999902e+00 1.268342244004999619e-01 1.863250432756659173e-03
1.649999999999999911e+00 1.300585284219997473e-01 2.029788283629745810e-03
1.659999999999999920e+00 1.331171534209999729e-01 2.034909652390056584e-03
1.669999999999999929e+00 1.342598598224999107e-01 2.144753886406899381e-03
1.679999999999999938e+00 1.388837733424999887e-01 2.193564006218392832e-03
1.689999999999999947e+00 1.413225092024999463e-01 2.354604981679921539e-03
1.699999999999999956e+00 1.454022413654999513e-01 2.377719365290347376e-03
1.709999999999999964e+00 1.491041115485000623e-01 2.699745232927423799e-03
1.719999999999999973e+00 1.527120528604998528e-01 2.769197457890294842e-03
1.729999999999999982e+00 1.548432886245001139e-01 2.751523625594731043e-03
1.739999999999999991e+00 1.594202289134998562e-01 3.012643891454425647e-03
1.750000000000000000e+00 1.622076804530001581e-01 3.301804853466248392e-03
1.760000000000000009e+00 1.672515567350000565e-01 3.246090498233088553e-03
1.770000000000000018e+00 1.710854859825000907e-01 3.430027684499699098e-03
1.780000000000000027e+00 1.755044127600002835e-01 3.677063517613991545e-03
1.790000000000000036e+00 1.796445949650000706e-01 3.803126421254592830e-03
1.800000000000000044e+00 1.837553348249998386e-01 3.948829286491341121e-03
1.810000000000000053e+00 1.886867638599998565e-01 4.141335953162414776e-03
1.820000000000000062e+00 1.923081929500000675e-01 4.282720897243874961e-03
1.830000000000000071e+00 1.974178621029998026e-01 4.557321561201401784e-03
1.840000000000000080e+00 2.032954312150001830e-01 4.665991358349017536e-03
1.850000000000000089e+00 2.078044008450000146e-01 4.765375383707567102e-03
1.860000000000000098e+00 2.129667937399998268e-01 4.929745370273664294e-03
1.870000000000000107e+00 2.195993817099996248e-01 5.224522913309720060e-03
1.879999999999999893e+00 2.231136662000001158e-01 5.241382865020920503e-03
1.889999999999999902e+00 2.287284163350002675e-01 5.536042541975776457e-03
1.899999999999999911e+00 2.345623562900001069e-01 5.636651994736773322e-03
1.909999999999999920e+00 2.409217735100004643e-01 5.767132222063904058e-03
1.919999999999999929e+00 2.462483646499998291e-01 5.840227691073225473e-03
1.929999999999999938e+00 2.518445940349998691e-01 6.022869180354817158e-03
1.939999999999999947e+00 2.570782864500000819e-01 6.070167821449624045e-03
1.949999999999999956e+00 2.634189085349999404e-01 6.257450340495610344e-03
1.959999999999999964e+00 2.701793085900002778e-01 6.411104713960896415e-03
1.969999999999999973e+00 2.777344091099999135e-01 6.542444179688525034e-03
1.979999999999999982e+00 2.830757417149998845e-01 6.604105135897386097e-03
1.989999999999999991e+00 2.909220169449999172e-01 6.772080079235892787e-03
2.000000000000000000e+00 2.963780514600000693e-01 6.796585044531881607e-03
2.009999999999999787e+00 3.033558891299996119e-01 6.896049530261748155e-03
2.020000000000000018e+00 3.094260771250001429e-01 7.053934598313641238e-03
2.029999999999999805e+00 3.146757061649995135e-01 7.136299417648542948e-03
2.040000000000000036e+00 3.217797843449998751e-01 7.203463226760275714e-03
2.049999999999999822e+00 3.306233426950002663e-01 7.185340716471980832e-03
2.060000000000000053e+00 3.364952353249998640e-01 7.334477199485246735e-03
2.069999999999999840e+00 3.433852980650002884e-01 7.386749125616696478e-03
2.080000000000000071e+00 3.506487202850003815e-01 7.437513112379208133e-03
2.089999999999999858e+00 3.580032002750001552e-01 7.542374672262229518e-03
2.100000000000000089e+00 3.660835126100002168e-01 7.385095529043250555e-03
2.109999999999999876e+00 3.714965201050003940e-01 7.457370205962135859e-03
2.120000000000000107e+00 3.795787543899991623e-01 7.535862114715283222e-03
2.129999999999999893e+00 3.847995406400001595e-01 7.556099346935261050e-03
2.140000000000000124e+00 3.925542288699997440e-01 7.584560328022978311e-03
2.149999999999999911e+00 3.997598826700003993e-01 7.528753489612365415e-03
2.160000000000000142e+00 4.062032889399996849e-01 7.450213460899858878e-03
2.169999999999999929e+00 4.155438437199999724e-01 7.327020046426387968e-03
2.180000000000000160e+00 4.224552095049998734e-01 7.359846971322961048e-03
2.189999999999999947e+00 4.275799605250002466e-01 7.439715039582277083e-03
2.200000000000000178e+00 4.358926488299995072e-01 7.339675318437929169e-03
2.209999999999999964e+00 4.427804722599996134e-01 7.296960929602188534e-03
2.220000000000000195e+00 4.493648417350002422e-01 7.188989988511069670e-03
2.229999999999999982e+00 4.577461589099997008e-01 6.942465985393797903e-03
2.240000000000000213e+00 4.641642888999997774e-01 7.042623043424749499e-03
2.250000000000000000e+00 4.700262764500005574e-01 6.956067385128561660e-03
2.259999999999999787e+00 4.775155945550002556e-01 7.006139223311177479e-03
2.270000000000000018e+00 4.833825442299998776e-01 6.944109065929980618e-03
2.279999999999999805e+00 4.899377466150001137e-01 6.915935358087092755e-03
2.290000000000000036e+00 4.964865990499994219e-01 6.870290652697005201e-03
2.299999999999999822e+00 5.030950466950001587e-01 6.875562025016847961e-03
2.310000000000000053e+00 5.091853033799995654e-01 6.735859318129377299e-03
2.319999999999999840e+00 5.148397036700000928e-01 6.692728012542043144e-03
2.330000000000000071e+00 5.213515625049995883e-01 6.595867732494513878e-03
2.339999999999999858e+00 5.273345650149998676e-01 6.354853326005213861e-03
2.350000000000000089e+00 5.337482546949997575e-01 6.399541714957046601e-03
2.359999999999999876e+00 5.391444169700005951e-01 6.271308647236351064e-03
2.370000000000000107e+00 5.440456686799989283e-01 6.326653883565844412e-03
2.379999999999999893e+00 5.491497146950004016e-01 6.178913782366526886e-03
2.390000000000000124e+00 5.557871735099996213e-01 5.989435206047785155e-03
2.399999999999999911e+00 5.592804100100002840e-01 6.026024604018096441e-03
2.410000000000000142e+00 5.646671836150000123e-01 5.950412951915412356e-03
2.419999999999999929e+00 5.691199517249997397e-01 5.745865147929413684e-03
2.430000000000000160e+00 5.743673066500006863e-01 5.686125450200648669e-03
2.439999999999999947e+00 5.799483939200003046e-01 5.622207925938801053e-03
2.450000000000000178e+00 5.835775348999991952e-01 5.614587292513403133e-03
2.459999999999999964e+00 5.885404871749999600e-01 5.475620467287162577e-03
2.470000000000000195e+00 5.934766737199993480e-01 5.353297861059792828e-03
2.479999999999999982e+00 5.961119577050000284e-01 5.221798287261338566e-03
2.490000000000000213e+00 6.004596711950006549e-01 5.174747676369212748e-03
