1.540000000000000036e+00 2.892854258999996014e-02 2.160454700780658783e-04
1.550000000000000044e+00 2.941880353099997000e-02 2.317709922254562423e-04
1.560000000000000053e+00 3.018461171549998573e-02 2.328957105453599347e-04
1.570000000000000062e+00 3.057546178199998729e-02 2.242695669870563215e-04
1.580000000000000071e+00 3.177693126599999418e-02 2.536691233669993825e-04
1.590000000000000080e+00 3.245936001700003293e-02 2.544428352620131065e-04
1.600000000000000089e+00 3.333960913499998263e-02 2.992423155860923800e-04
1.610000000000000098e+00 3.407230082099999696e-02 2.890702167086379548e-04
1.620000000000000107e+00 3.521651831899998142e-02 3.400443215899962902e-04
1.629999999999999893e+00 3.601453235849996770e-02 3.106414874668726495e-04
1.639999999999999902e+00 3.694864986099997972e-02 3.747017452003126607e-04
1.649999999999999911e+00 3.798175995049993259e-02 4.036563766228433306e-04
1.659999999999999920e+00 3.867841992749999902e-02 3.885117090214950200e-04
1.669999999999999929e+00 4.081246369099993110e-02 4.648975536180784953e-04
1.679999999999999938e+00 4.155490834699999275e-02 4.680317676832977279e-04
1.689999999999999947e+00 4.303209768549996761e-02 5.452795993485988219e-04
1.699999999999999956e+00 4.462057614899999497e-02 5.871627743890860725e-04
1.709999999999999964e+00 4.629866351499997701e-02 6.196412725296704740e-04
1.719999999999999973e+00 4.819346425399997219e-02 6.773831010949342250e-04
1.729999999999999982e+00 4.978066040949999382e-02 7.438727696280349362e-04
1.739999999999999991e+00 5.174502667400000117e-02 7.780837382580818888e-04
1.750000000000000000e+00 5.395659957699999731e-02 9.239595197333314806e-04
1.760000000000000009e+00 5.667764533699999607e-02 1.027887140069507974e-03
1.770000000000000018e+00 5.896847834799999466e-02 1.066663926850925032e-03
1.780000000000000027e+00 6.417406911149997617e-02 1.422450992300979683e-03
1.790000000000000036e+00 6.720146152999995071e-02 1.476923676750150705e-03
1.800000000000000044e+00 7.212907820800008862e-02 1.599628203784757806e-03
1.810000000000000053e+00 7.569534071150012255e-02 1.836694286628315093e-03
1.820000000000000062e+00 8.010889953350000536e-02 2.025583227502109236e-03
1.830000000000000071e+00 8.636343453149991634e-02 2.259749780371015770e-03
1.840000000000000080e+00 9.207774652400002591e-02 2.486620685398844600e-03
1.850000000000000089e+00 9.979361614049990503e-02 2.840778867903577531e-03
1.860000000000000098e+00 1.088135989685001942e-01 2.971694592076374458e-03
1.870000000000000107e+00 1.173736478439999231e-01 3.230398189054198288e-03
1.879999999999999893e+00 1.270163608305000524e-01 3.445394254505598514e-03
1.889999999999999902e+00 1.379565245745001389e-01 3.658058125291299093e-03
1.899999999999999911e+00 1.454868513605001856e-01 3.951649525168801462e-03
1.909999999999999920e+00 1.576221959029995845e-01 4.262696391893023955e-03
1.919999999999999929e+00 1.711504614275000669e-01 4.236665066922639875e-03
1.929999999999999938e+00 1.842404997679999434e-01 4.220783097248428581e-03
1.939999999999999947e+00 1.963800737769998417e-01 4.393199509375870886e-03
1.949999999999999956e+00 2.098651244595002019e-01 4.350739938187388189e-03
1.959999999999999964e+00 2.223719290779998803e-01 4.364912703517021854e-03
1.969999999999999973e+00 2.346690476010001025e-01 4.231755617471031142e-03
1.979999999999999982e+00 2.481758328674998904e-01 4.225063353897055146e-03
1.989999999999999991e+00 2.622498730289998248e-01 3.955164658162454820e-03
2.000000000000000000e+00 2.735276608620001992e-01 3.930607929617579120e-03
2.009999999999999787e+00 2.871248582650000603e-01 3.750075779858907769e-03
2.020000000000000018e+00 2.992848063599995445e-01 3.528615281460114033e-03
2.029999999999999805e+00 3.105901231399995077e-01 3.502336139696292285e-03
2.040000000000000036e+00 3.231579235699998387e-01 3.336147151911291516e-03
2.049999999999999822e+00 3.331732553950003117e-01 3.267958346066471547e-03
2.060000000000000053e+00 3.437565949199997140e-01 3.078658176834023728e-03
2.069999999999999840e+00 3.547712062949998080e-01 2.932218174314953855e-03
2.080000000000000071e+00 3.646732684850001460e-01 2.877964361657084271e-03
