7.399999999999999911e-01 1.390200403999998779e-01 1.304061966256374414e-03
7.500000000000000000e-01 1.404156983300001438e-01 1.305723494906832266e-03
7.600000000000000089e-01 1.409483695300001449e-01 1.343426599989698761e-03
7.700000000000000178e-01 1.432491970099999956e-01 1.506590738953203891e-03
7.800000000000000266e-01 1.429642759599998869e-01 1.560769097308335263e-03
7.900000000000000355e-01 1.447516415599999218e-01 1.518915751393656085e-03
8.000000000000000444e-01 1.457665310599998987e-01 1.545146162078354923e-03
8.100000000000000533e-01 1.468876115499998802e-01 1.452350918180828499e-03
8.199999999999999512e-01 1.486243853200000242e-01 1.634728718931521742e-03
8.299999999999999600e-01 1.501968127800003550e-01 1.587512901198938516e-03
8.399999999999999689e-01 1.504793192099998789e-01 1.610558525897611481e-03
8.499999999999999778e-01 1.523539918099998947e-01 1.655566545634162660e-03
8.599999999999999867e-01 1.545751304599999598e-01 1.781476125914007239e-03
8.699999999999999956e-01 1.550296052800002322e-01 1.748156170530002504e-03
8.800000000000000044e-01 1.568401661200001795e-01 1.742097708637473314e-03
8.900000000000000133e-01 1.577074873700003155e-01 1.747799613156550240e-03
9.000000000000000222e-01 1.590861848399998668e-01 1.805249379835422536e-03
9.100000000000000311e-01 1.612941621000000270e-01 1.920078190834263948e-03
9.200000000000000400e-01 1.628267231599999643e-01 1.957913578650601755e-03
9.300000000000000488e-01 1.642777095499999562e-01 2.029291655282676552e-03
9.399999999999999467e-01 1.656078937399999285e-01 2.047015925814554480e-03
9.499999999999999556e-01 1.670068758499999306e-01 2.108136112981338732e-03
9.599999999999999645e-01 1.685195528399999754e-01 2.129092485654513964e-03
9.699999999999999734e-01 1.705069246499999747e-01 2.184027553450249449e-03
9.799999999999999822e-01 1.716046803200001192e-01 2.119624069217628231e-03
9.899999999999999911e-01 1.726506770199999763e-01 2.232056318218495448e-03
1.000000000000000000e+00 1.742300468500002641e-01 2.121930966544427564e-03
1.010000000000000009e+00 1.759668345199998651e-01 2.160205571287270639e-03
1.020000000000000018e+00 1.787194295400000854e-01 2.298066137866360773e-03
1.030000000000000027e+00 1.804115457299999836e-01 2.356924978934769009e-03
1.040000000000000036e+00 1.817319834099997700e-01 2.256650257828015683e-03
1.050000000000000044e+00 1.820123155100003276e-01 2.247948287889500914e-03
1.060000000000000053e+00 1.847715925600001419e-01 2.417597332109679229e-03
1.070000000000000062e+00 1.862555587999999429e-01 2.336997537413756671e-03
1.080000000000000071e+00 1.884209768700001175e-01 2.453133329688358781e-03
1.090000000000000080e+00 1.894931857599998770e-01 2.451257062874970076e-03
1.100000000000000089e+00 1.920982511800000681e-01 2.490384761097734750e-03
1.110000000000000098e+00 1.930131688100000520e-01 2.656545034113947951e-03
1.120000000000000107e+00 1.947659281599999903e-01 2.636793010652908366e-03
1.129999999999999893e+00 1.981616937000000023e-01 2.736319085457529152e-03
1.139999999999999902e+00 1.990417873599998333e-01 2.767584888809957507e-03
1.149999999999999911e+00 2.005318709600001081e-01 2.842639476252709248e-03
1.159999999999999920e+00 2.032081063999997828e-01 2.814624457601945431e-03
1.169999999999999929e+00 2.058532724799999880e-01 3.031454242774260597e-03
1.179999999999999938e+00 2.080936012800003176e-01 2.971376169093871249e-03
1.189999999999999947e+00 2.099877899000001380e-01 3.274589369197332921e-03
1.199999999999999956e+00 2.109867438400001294e-01 3.255669270277720875e-03
1.209999999999999964e+00 2.135086470999997266e-01 3.526659717316573892e-03
1.219999999999999973e+00 2.146446642899999535e-01 3.402521335281486967e-03
1.229999999999999982e+00 2.184908083899997910e-01 3.687100516243476366e-03
1.239999999999999991e+00 2.197095874199997134e-01 3.829724830267199238e-03
1.250000000000000000e+00 2.223387829599997589e-01 3.948534218066398344e-03
1.260000000000000009e+00 2.248450625200001107e-01 4.202543545745790129e-03
1.270000000000000018e+00 2.267116738299999879e-01 4.391691671338168734e-03
1.280000000000000027e+00 2.292187694899999739e-01 4.713164154876994631e-03
1.290000000000000036e+00 2.309057331799999058e-01 4.764275843954722187e-03
1.300000000000000044e+00 2.340074314000001321e-01 5.006356716469278871e-03
1.310000000000000053e+00 2.372645778499999081e-01 5.107295790167089289e-03
1.320000000000000062e+00 2.389958883900003273e-01 5.141154508691008797e-03
1.330000000000000071e+00 2.414480957500001190e-01 5.512415889451839114e-03
1.340000000000000080e+00 2.459993109599998840e-01 5.647023098694862325e-03
1.350000000000000089e+00 2.473252933800003106e-01 6.050053047595148857e-03
1.360000000000000098e+00 2.489062552499999303e-01 5.996766626376074868e-03
1.370000000000000107e+00 2.526405770300000908e-01 6.478525063979831584e-03
1.379999999999999893e+00 2.547074672699999875e-01 6.336382493846543298e-03
1.389999999999999902e+00 2.574170133600002242e-01 6.694240782220265730e-03
1.399999999999999911e+00 2.601679525499999146e-01 6.569096753616355047e-03
1.409999999999999920e+00 2.622624507900000457e-01 6.811885317816223154e-03
1.419999999999999929e+00 2.647205154599997501e-01 6.914816445009530806e-03
1.429999999999999938e+00 2.677741721600001013e-01 7.014493492544745558e-03
1.439999999999999947e+00 2.705267728600001531e-01 7.118471847891462249e-03
1.449999999999999956e+00 2.718732691099998156e-01 7.107698542649272706e-03
1.459999999999999964e+00 2.758942324799998902e-01 7.104249917206750635e-03
1.469999999999999973e+00 2.793280152599997290e-01 7.398044900782552169e-03
1.479999999999999982e+00 2.812536948199996778e-01 7.462744232219147879e-03
1.489999999999999991e+00 2.856742638899999465e-01 7.397568538475137942e-03
1.500000000000000000e+00 2.881181141300001025e-01 7.351524082013436746e-03
1.510000000000000009e+00 2.902434043899999039e-01 7.604700741151216616e-03
1.520000000000000018e+00 2.932081798300000264e-01 7.634727438696276361e-03
1.530000000000000027e+00 2.949038189900001217e-01 7.689708178381479686e-03
1.540000000000000036e+00 2.976342180400002868e-01 7.758747440525608045e-03
1.550000000000000044e+00 3.012478012300006669e-01 7.766856996396424503e-03
1.560000000000000053e+00 3.031623019599998248e-01 7.804006840219285257e-03
1.570000000000000062e+00 3.067566765500000514e-01 7.985115200739084304e-03
1.580000000000000071e+00 3.091268406700005134e-01 8.128002150283761620e-03
1.590000000000000080e+00 3.129227223799997404e-01 8.188582037751150969e-03
1.600000000000000089e+00 3.159306939500000633e-01 8.377864662003417853e-03
1.610000000000000098e+00 3.195213794599999768e-01 8.444635503474965527e-03
1.620000000000000107e+00 3.211850356399995610e-01 8.697408718872442698e-03
1.629999999999999893e+00 3.244355787599999541e-01 8.800445512210191418e-03
1.639999999999999902e+00 3.267508014800002969e-01 8.894174338709301408e-03
1.649999999999999911e+00 3.300569640600001797e-01 9.064942279884444926e-03
1.659999999999999920e+00 3.327599506299998566e-01 9.150807828726795906e-03
1.669999999999999929e+00 3.363555900899997120e-01 9.167977512840165197e-03
1.679999999999999938e+00 3.374628844900000590e-01 9.431989939543574883e-03
1.689999999999999947e+00 3.421533589899997674e-01 9.542782155601505292e-03
1.699999999999999956e+00 3.455338034799999569e-01 9.613302985004646209e-03
1.709999999999999964e+00 3.485122294800004350e-01 9.721635023373555867e-03
1.719999999999999973e+00 3.505699658599999435e-01 9.843644127074351394e-03
1.729999999999999982e+00 3.542783388500002073e-01 1.009748437114254410e-02
1.739999999999999991e+00 3.574177489299998900e-01 1.020288030233681455e-02
1.750000000000000000e+00 3.617279493199999640e-01 1.041517385706201837e-02
1.760000000000000009e+00 3.638207457099998932e-01 1.057459896936895939e-02
1.770000000000000018e+00 3.661211065099999051e-01 1.084502175406745067e-02
1.780000000000000027e+00 3.697295854000005044e-01 1.085301079089525875e-02
1.790000000000000036e+00 3.727081260600003110e-01 1.105442798348246596e-02
1.800000000000000044e+00 3.756270219499999174e-01 1.103722238237013660e-02
1.810000000000000053e+00 3.786619785299999430e-01 1.114672158050677986e-02
1.820000000000000062e+00 3.812122887999999654e-01 1.130722144438555885e-02
1.830000000000000071e+00 3.830311670299995641e-01 1.143547202811195235e-02
1.840000000000000080e+00 3.878825239199993891e-01 1.138293772522788218e-02
1.850000000000000089e+00 3.901908031999997695e-01 1.157487997419452512e-02
1.860000000000000098e+00 3.937758603599996743e-01 1.165760640364516508e-02
1.870000000000000107e+00 3.961667872500004295e-01 1.160239651992892723e-02
1.879999999999999893e+00 3.994771001900004892e-01 1.176734130532819042e-02
1.889999999999999902e+00 4.021606436599994283e-01 1.190204691250485586e-02
1.899999999999999911e+00 4.064260383699996315e-01 1.192972852299857556e-02
1.909999999999999920e+00 4.091170403399996269e-01 1.211815034054010420e-02
1.919999999999999929e+00 4.124305870699995769e-01 1.214973720577976722e-02
1.929999999999999938e+00 4.152418160799998259e-01 1.227652918397160141e-02
1.939999999999999947e+00 4.209851337799996873e-01 1.246280124906520501e-02
1.949999999999999956e+00 4.242200289700001070e-01 1.256515547573381665e-02
1.959999999999999964e+00 4.269149315200003736e-01 1.279754668695640661e-02
1.969999999999999973e+00 4.303059024700001678e-01 1.279054665486230140e-02
1.979999999999999982e+00 4.349642170899997162e-01 1.297762832189795247e-02
1.989999999999999991e+00 4.386031339800005036e-01 1.306401839587354764e-02
2.000000000000000000e+00 4.401037261200003159e-01 1.314417299666663895e-02
2.009999999999999787e+00 4.435525637600004623e-01 1.328949877691687487e-02
2.020000000000000018e+00 4.486429715599998813e-01 1.331957098846211704e-02
2.029999999999999805e+00 4.510719767899997734e-01 1.341201814465041268e-02
2.040000000000000036e+00 4.533030258300005944e-01 1.348897021096956937e-02
2.049999999999999822e+00 4.565137481600000102e-01 1.356481705488823616e-02
2.060000000000000053e+00 4.601242101799999373e-01 1.353865623407818700e-02
2.069999999999999840e+00 4.624966767900001163e-01 1.372262084364909637e-02
2.080000000000000071e+00 4.653506402300003342e-01 1.376466511106618808e-02
2.089999999999999858e+00 4.690046723500004844e-01 1.380127131237669780e-02
2.100000000000000089e+00 4.722590075799997789e-01 1.387793229362608433e-02
2.109999999999999876e+00 4.749221080399999573e-01 1.393693030995675659e-02
2.120000000000000107e+00 4.773369284199995843e-01 1.377304517717644131e-02
2.129999999999999893e+00 4.818568273699999627e-01 1.395767385549890813e-02
2.140000000000000124e+00 4.860282477800003664e-01 1.386276333739350393e-02
2.149999999999999911e+00 4.875485565299995105e-01 1.407409052684268150e-02
2.160000000000000142e+00 4.911967639000003327e-01 1.400967187912959509e-02
2.169999999999999929e+00 4.953326288899996266e-01 1.398925783917293400e-02
2.180000000000000160e+00 4.968902863999994923e-01 1.396119367459415506e-02
2.189999999999999947e+00 5.012060480900000226e-01 1.398761875110537262e-02
2.200000000000000178e+00 5.052862691799995254e-01 1.402348184708015685e-02
2.209999999999999964e+00 5.067089277300003136e-01 1.413545291307020078e-02
2.220000000000000195e+00 5.101788554900000827e-01 1.404998958485123572e-02
2.229999999999999982e+00 5.139779763300004189e-01 1.410882138456292893e-02
2.240000000000000213e+00 5.177072736699999123e-01 1.411501521547758702e-02
2.250000000000000000e+00 5.194535067199999023e-01 1.424091906136081866e-02
2.259999999999999787e+00 5.225074055999995304e-01 1.431842130644198421e-02
2.270000000000000018e+00 5.243512962300000968e-01 1.431737616201281954e-02
2.279999999999999805e+00 5.277220391900003804e-01 1.439433901491460159e-02
2.290000000000000036e+00 5.310859291000007421e-01 1.437540876028843041e-02
2.299999999999999822e+00 5.345059887599999948e-01 1.436326113439636600e-02
2.310000000000000053e+00 5.377695779199999082e-01 1.445821139303984232e-02
2.319999999999999840e+00 5.404898360099996690e-01 1.447920527284604457e-02
2.330000000000000071e+00 5.436944571800005344e-01 1.446241889498603439e-02
2.339999999999999858e+00 5.472208220900000031e-01 1.455365794653220614e-02
2.350000000000000089e+00 5.496666333900001034e-01 1.452830755395479422e-02
2.359999999999999876e+00 5.529246463200001571e-01 1.453254902138354648e-02
2.370000000000000107e+00 5.564241018399994632e-01 1.461670950538222769e-02
2.379999999999999893e+00 5.603584414700004679e-01 1.446510758069366638e-02
2.390000000000000124e+00 5.634484638100005771e-01 1.460142666784480618e-02
2.399999999999999911e+00 5.674830612099998062e-01 1.469529562004368885e-02
2.410000000000000142e+00 5.704201242900003299e-01 1.472352009487479761e-02
2.419999999999999929e+00 5.742552205600004456e-01 1.476979849185036837e-02
2.430000000000000160e+00 5.751869478599996865e-01 1.464841145767066879e-02
2.439999999999999947e+00 5.803292426099996293e-01 1.479067134754457821e-02
2.450000000000000178e+00 5.837022518000010152e-01 1.480066692782657997e-02
2.459999999999999964e+00 5.854702817900001577e-01 1.488968532510124600e-02
2.470000000000000195e+00 5.876200806400002641e-01 1.492859767408275667e-02
2.479999999999999982e+00 5.900490655200001378e-01 1.480471616901531638e-02
2.490000000000000213e+00 5.923184166300000664e-01 1.490136466325985877e-02
2.500000000000000000e+00 5.962487765700003051e-01 1.481396937221231280e-02
2.509999999999999787e+00 5.982774893500003577e-01 1.493336580152076001e-02
2.520000000000000018e+00 6.008386644399998922e-01 1.481771966293635341e-02
2.529999999999999805e+00 6.053378447999984147e-01 1.461774849988314168e-02
2.540000000000000036e+00 6.065530941900002526e-01 1.474872960995871757e-02
2.549999999999999822e+00 6.093665530599998714e-01 1.470430709225809679e-02
2.560000000000000053e+00 6.119924549399994307e-01 1.468252809522032666e-02
2.569999999999999840e+00 6.153761864100006918e-01 1.458908126295437729e-02
2.580000000000000071e+00 6.176383162800004323e-01 1.464972741608527862e-02
2.589999999999999858e+00 6.198634300400008845e-01 1.469749423298313644e-02
2.600000000000000089e+00 6.210476986499998686e-01 1.473480619913055886e-02
2.609999999999999876e+00 6.234163156199997724e-01 1.481133866996983163e-02
2.620000000000000107e+00 6.260777694900008239e-01 1.487227424323380419e-02
2.629999999999999893e+00 6.275491252100007245e-01 1.491168268815461564e-02
2.640000000000000124e+00 6.291969817200003812e-01 1.503806374334963787e-02
2.649999999999999911e+00 6.324061071400001177e-01 1.484920302809323960e-02
2.660000000000000142e+00 6.345393978599996876e-01 1.487307784533840015e-02
2.669999999999999929e+00 6.365122957599995690e-01 1.483285417142296385e-02
2.680000000000000160e+00 6.379141957100001870e-01 1.495981009014114675e-02
2.689999999999999947e+00 6.408445387500008028e-01 1.480857882269170402e-02
2.700000000000000178e+00 6.428291502299997573e-01 1.474137028013957837e-02
2.709999999999999964e+00 6.462181991100002243e-01 1.466829821268441671e-02
2.720000000000000195e+00 6.483534747300006007e-01 1.459361265480290694e-02
2.729999999999999982e+00 6.507072161799997145e-01 1.465492979249015046e-02
2.740000000000000213e+00 6.523750705300004338e-01 1.468937648156246924e-02
2.750000000000000000e+00 6.535451665999996163e-01 1.475224915572699233e-02
2.759999999999999787e+00 6.555294529899992062e-01 1.472869504714900690e-02
2.770000000000000018e+00 6.573051409600000339e-01 1.470984090132142728e-02
2.779999999999999805e+00 6.590200508099995913e-01 1.467573261876152849e-02
2.790000000000000036e+00 6.611397282700000044e-01 1.457349224982202630e-02
2.799999999999999822e+00 6.612154254699996736e-01 1.449490305549650838e-02
2.810000000000000053e+00 6.641218083799991234e-01 1.444156453128295561e-02
2.819999999999999840e+00 6.654649708999996749e-01 1.450209004268717718e-02
2.830000000000000071e+00 6.665323641999998383e-01 1.459267494795270237e-02
2.839999999999999858e+00 6.689300007500000866e-01 1.450707906109944059e-02
2.850000000000000089e+00 6.699205588299997904e-01 1.447453484265690676e-02
2.859999999999999876e+00 6.726463333599992378e-01 1.432776682617636042e-02
2.870000000000000107e+00 6.761680128299998316e-01 1.422864703938269554e-02
2.879999999999999893e+00 6.781348600599991228e-01 1.419091007703535134e-02
2.890000000000000124e+00 6.807553353299998777e-01 1.402961061457591065e-02
2.899999999999999911e+00 6.818612603600007205e-01 1.403992175087469263e-02
2.910000000000000142e+00 6.843340783900000446e-01 1.401633672295073650e-02
2.919999999999999929e+00 6.862986027300004288e-01 1.391175800640019090e-02
2.930000000000000160e+00 6.894464582900001748e-01 1.362609713919852271e-02
2.939999999999999947e+00 6.899227951499988798e-01 1.371519612253262882e-02
2.950000000000000178e+00 6.918659577600009269e-01 1.363255015338808371e-02
2.959999999999999964e+00 6.933669072899989461e-01 1.366499707277867362e-02
2.970000000000000195e+00 6.949551623899992148e-01 1.365196936548507267e-02
2.979999999999999982e+00 6.981115645100006706e-01 1.333019945748418859e-02
2.990000000000000213e+00 7.001889183000000738e-01 1.337035504136210515e-02
3.000000000000000000e+00 7.022410614400000917e-01 1.314612789621599255e-02
3.009999999999999787e+00 7.035755639299995368e-01 1.311620745187628764e-02
3.020000000000000018e+00 7.059790430199999189e-01 1.304841367972147705e-02
3.029999999999999805e+00 7.079226137899992111e-01 1.293786304023929710e-02
3.040000000000000036e+00 7.106303060100004343e-01 1.273623079533530746e-02
3.049999999999999822e+00 7.126528490700008156e-01 1.265281587052308199e-02
3.060000000000000053e+00 7.153131772200006511e-01 1.257288354395132493e-02
3.069999999999999840e+00 7.170237896599997995e-01 1.249370326277752727e-02
3.080000000000000071e+00 7.185394832900008355e-01 1.244182058460568258e-02
3.089999999999999858e+00 7.200243013700000638e-01 1.236211215886314288e-02
3.100000000000000089e+00 7.223404542399998185e-01 1.218208523044002171e-02
3.109999999999999876e+00 7.239126286899991713e-01 1.215320523514062771e-02
3.120000000000000107e+00 7.258311272999996566e-01 1.199746841336040044e-02
3.129999999999999893e+00 7.272051113299990988e-01 1.196933954467031130e-02
3.140000000000000124e+00 7.276342892500000659e-01 1.194536062152758843e-02
3.149999999999999911e+00 7.292053378499998573e-01 1.189067094092105363e-02
3.160000000000000142e+00 7.307280230299995072e-01 1.186067051945928312e-02
3.169999999999999929e+00 7.324501039299994298e-01 1.192129579799574776e-02
3.180000000000000160e+00 7.342535925599995572e-01 1.185490596294476971e-02
3.189999999999999947e+00 7.357516982500000857e-01 1.186272121194578526e-02
3.200000000000000178e+00 7.372520513499990491e-01 1.188698740156379080e-02
3.209999999999999964e+00 7.390009159800007277e-01 1.176106875175093706e-02
3.220000000000000195e+00 7.403500648000002071e-01 1.169590442635523586e-02
3.229999999999999982e+00 7.421607939899987905e-01 1.160488601883551303e-02
3.240000000000000213e+00 7.437204760399993564e-01 1.152293657826284311e-02
3.250000000000000000e+00 7.440184648999995654e-01 1.148910139549722334e-02
3.259999999999999787e+00 7.453315111899999623e-01 1.145244314836138533e-02
3.270000000000000018e+00 7.466445215300007154e-01 1.141028151427566327e-02
3.279999999999999805e+00 7.474887148200008991e-01 1.154599676925452401e-02
3.290000000000000036e+00 7.494663004399994000e-01 1.138812674921764120e-02
3.299999999999999822e+00 7.504344237600011347e-01 1.154394354788292575e-02
3.310000000000000053e+00 7.522010943400001537e-01 1.140274132601109235e-02
3.319999999999999840e+00 7.544345700500010299e-01 1.126669767485215766e-02
3.330000000000000071e+00 7.555883386100002985e-01 1.125675635171782298e-02
3.339999999999999858e+00 7.568184486899991459e-01 1.122559338148968779e-02
3.350000000000000089e+00 7.582379333299993363e-01 1.116363169884238005e-02
3.359999999999999876e+00 7.604434388600005423e-01 1.110803897393667153e-02
3.370000000000000107e+00 7.624934755200001302e-01 1.106374617920081321e-02
3.379999999999999893e+00 7.635802244500012881e-01 1.105537202516477385e-02
3.390000000000000124e+00 7.647212204199991259e-01 1.099611076791220596e-02
3.399999999999999911e+00 7.657910990700004250e-01 1.097591565864379677e-02
3.410000000000000142e+00 7.675808698600001811e-01 1.088710279304999640e-02
3.419999999999999929e+00 7.696220513899993954e-01 1.072479192488023578e-02
3.430000000000000160e+00 7.707948311500003591e-01 1.068357704355226215e-02
3.439999999999999947e+00 7.723162176000007983e-01 1.061788080443659167e-02
3.450000000000000178e+00 7.736599543100003418e-01 1.060025818494240817e-02
3.459999999999999964e+00 7.751228891299999368e-01 1.049247122477372715e-02
3.470000000000000195e+00 7.761038472300015867e-01 1.048287329030774158e-02
3.479999999999999982e+00 7.771789537300000106e-01 1.049925787450767777e-02
3.490000000000000213e+00 7.792014290099996687e-01 1.039335345938924640e-02
3.500000000000000000e+00 7.812584466200007682e-01 1.020913951093711976e-02
3.509999999999999787e+00 7.812414098599991252e-01 1.026280304593043570e-02
3.520000000000000018e+00 7.819568783599987194e-01 1.025478899137271041e-02
3.529999999999999805e+00 7.825913447499989184e-01 1.029717999166083857e-02
3.540000000000000036e+00 7.840742145399989260e-01 1.022440187337600621e-02
3.549999999999999822e+00 7.852684005099997977e-01 1.015869144441122231e-02
3.560000000000000053e+00 7.862800432700005615e-01 1.012617585367413080e-02
3.569999999999999840e+00 7.875514872799994626e-01 1.002789620109003320e-02
3.580000000000000071e+00 7.885083681200006911e-01 1.000745248319694775e-02
3.589999999999999858e+00 7.895625046399997737e-01 9.958981842464608922e-03
3.600000000000000089e+00 7.905951901900004630e-01 9.918333131565166411e-03
3.609999999999999876e+00 7.919151529899997044e-01 9.827246568040001740e-03
3.620000000000000107e+00 7.929849862299997998e-01 9.787946792900289322e-03
3.629999999999999893e+00 7.940871415499995978e-01 9.744148295280599670e-03
3.640000000000000124e+00 7.950522152200018011e-01 9.772707980000051864e-03
3.649999999999999911e+00 7.953414688300002311e-01 9.795281135397569325e-03
3.660000000000000142e+00 7.962847757999996778e-01 9.741182129127281056e-03
3.669999999999999929e+00 7.971421700200000959e-01 9.736705507747725821e-03
3.680000000000000160e+00 7.979560663700013823e-01 9.809926811329810689e-03
3.689999999999999947e+00 7.988031870900000886e-01 9.791218003126378466e-03
3.700000000000000178e+00 7.997566846500010485e-01 9.752374172234196809e-03
3.709999999999999964e+00 8.007049225600000320e-01 9.713671351644149674e-03
3.720000000000000195e+00 8.015452876200008792e-01 9.678869007564426183e-03
3.729999999999999982e+00 8.032094343099999145e-01 9.603184872792084117e-03
3.740000000000000213e+00 8.040751707799996817e-01 9.557888280396635225e-03
3.750000000000000000e+00 8.045654159399998617e-01 9.520948735344834934e-03
3.759999999999999787e+00 8.057285837800002293e-01 9.543078912491573598e-03
3.770000000000000018e+00 8.057697471000014877e-01 9.747815286285984454e-03
3.779999999999999805e+00 8.074047977100001772e-01 9.528931923215961178e-03
3.790000000000000036e+00 8.070845602200005242e-01 9.891226184728242610e-03
3.799999999999999822e+00 8.077523942399981172e-01 9.851105555656457236e-03
3.810000000000000053e+00 8.103302689700001560e-01 9.713248691343687874e-03
3.819999999999999840e+00 8.105106656999995218e-01 9.672538425749518595e-03
3.830000000000000071e+00 8.104909634799993823e-01 9.712054614200524988e-03
3.839999999999999858e+00 8.113009988200001743e-01 9.684867970893793962e-03
3.850000000000000089e+00 8.137953227100001019e-01 9.491234286798504519e-03
3.859999999999999876e+00 8.147493807699994761e-01 9.467491244262889183e-03
3.870000000000000107e+00 8.155745235599992649e-01 9.443293861711265016e-03
3.879999999999999893e+00 8.164275134599997541e-01 9.403467996751789168e-03
3.890000000000000124e+00 8.172074938299995761e-01 9.376993245177421901e-03
3.899999999999999911e+00 8.179821793599987290e-01 9.379202669729334169e-03
3.910000000000000142e+00 8.190642451799990953e-01 9.322518006735702398e-03
3.919999999999999929e+00 8.190642229999994806e-01 9.368258124997731751e-03
