1.439999999999999947e+00 3.311817445600002269e-02 2.003294292838297963e-04
1.449999999999999956e+00 3.412675639549996726e-02 2.051201060964883804e-04
1.459999999999999964e+00 3.445816498250000443e-02 2.207695107805726501e-04
1.469999999999999973e+00 3.508237395949994480e-02 2.145638653648245290e-04
1.479999999999999982e+00 3.606617432999997125e-02 2.333484694227431382e-04
1.489999999999999991e+00 3.645387822100001896e-02 2.479901318456475341e-04
1.500000000000000000e+00 3.734361025299996750e-02 2.564703864328950851e-04
1.510000000000000009e+00 3.820119784750001385e-02 2.589984401959554003e-04
1.520000000000000018e+00 3.869096176100002282e-02 2.858204336818411960e-04
1.530000000000000027e+00 3.993268040549999287e-02 2.938097720696708015e-04
1.540000000000000036e+00 4.065727112999993620e-02 2.959462400707271886e-04
1.550000000000000044e+00 4.167140966749990905e-02 3.320616162768022452e-04
1.560000000000000053e+00 4.221437030849996969e-02 3.280425098843613640e-04
1.570000000000000062e+00 4.302848061599998108e-02 3.374276198549321462e-04
1.580000000000000071e+00 4.427604401749997420e-02 3.743978985715922967e-04
1.590000000000000080e+00 4.540874526900000319e-02 4.070867602106695055e-04
1.600000000000000089e+00 4.624220000599997549e-02 4.031100245475912084e-04
1.610000000000000098e+00 4.768421754099996801e-02 4.312836566092573330e-04
1.620000000000000107e+00 4.894157267400001815e-02 4.979323414239258906e-04
1.629999999999999893e+00 5.026647987849999083e-02 4.983210946476989952e-04
1.639999999999999902e+00 5.155547294549998882e-02 5.059603083305366268e-04
1.649999999999999911e+00 5.299607942300001845e-02 5.403329101046299267e-04
1.659999999999999920e+00 5.494615315200002126e-02 6.156312581622093308e-04
1.669999999999999929e+00 5.675548388349997003e-02 6.848530484759795482e-04
1.679999999999999938e+00 5.880629399549992808e-02 7.134828913659571571e-04
1.689999999999999947e+00 6.010372105999998299e-02 7.341583129592387652e-04
1.699999999999999956e+00 6.224830819850006580e-02 8.066978517037600273e-04
1.709999999999999964e+00 6.446989664949996646e-02 8.126237602486286469e-04
1.719999999999999973e+00 6.717228031899996621e-02 1.022592980341743667e-03
1.729999999999999982e+00 6.907165247650000339e-02 1.123523948867065185e-03
1.739999999999999991e+00 7.105476228650006720e-02 1.108011914504121844e-03
1.750000000000000000e+00 7.551794093600010249e-02 1.381492695148690136e-03
1.760000000000000009e+00 7.963600808699997091e-02 1.387274084429206220e-03
1.770000000000000018e+00 8.229599000599999159e-02 1.578578216053627865e-03
1.780000000000000027e+00 8.629274381950002848e-02 1.724434214536325937e-03
1.790000000000000036e+00 8.946055630699996375e-02 1.782523304220931483e-03
1.800000000000000044e+00 9.552184806900018699e-02 2.004001437655676936e-03
1.810000000000000053e+00 9.922548542999998222e-02 2.145931164122747304e-03
1.820000000000000062e+00 1.047512413600000802e-01 2.304571209054000289e-03
1.830000000000000071e+00 1.106396006554999784e-01 2.547416281400756693e-03
1.840000000000000080e+00 1.179256782344998145e-01 2.855013622425465764e-03
1.850000000000000089e+00 1.256391900794998628e-01 3.034009536277900397e-03
1.860000000000000098e+00 1.309711195994999744e-01 3.201562130836771783e-03
1.870000000000000107e+00 1.383892513475000197e-01 3.315132250763570213e-03
1.879999999999999893e+00 1.493985770445000472e-01 3.514884735499012626e-03
1.889999999999999902e+00 1.566102227169999250e-01 3.754747782760281625e-03
1.899999999999999911e+00 1.658537715740000529e-01 3.966087896832060089e-03
1.909999999999999920e+00 1.778659351360001584e-01 4.090977290957100408e-03
1.919999999999999929e+00 1.869578464220001679e-01 4.256856959604391442e-03
1.929999999999999938e+00 1.975360872684997215e-01 4.328469382381898434e-03
1.939999999999999947e+00 2.096909543205000004e-01 4.461079779768627011e-03
1.949999999999999956e+00 2.200880815930000844e-01 4.547248107441056314e-03
1.959999999999999964e+00 2.317677003939999092e-01 4.467447230771161119e-03
1.969999999999999973e+00 2.435457818040002997e-01 4.647152143783935159e-03
1.979999999999999982e+00 2.547674502460001156e-01 4.581606287130059532e-03
1.989999999999999991e+00 2.665470011474995737e-01 4.589470639644288932e-03
2.000000000000000000e+00 2.769445472899998428e-01 4.609200426811792435e-03
2.009999999999999787e+00 2.881955016175000162e-01 4.735098703387733560e-03
2.020000000000000018e+00 3.001763465700000300e-01 4.490322123408766429e-03
2.029999999999999805e+00 3.121127269400002513e-01 4.294803447576899837e-03
2.040000000000000036e+00 3.234868778900003017e-01 4.200648291856333774e-03
2.049999999999999822e+00 3.337936860000005335e-01 4.136497453739106447e-03
2.060000000000000053e+00 3.443247947499996631e-01 3.994173565275841928e-03
2.069999999999999840e+00 3.550582202349998884e-01 3.954237142392970882e-03
2.080000000000000071e+00 3.650111831449998623e-01 3.844112194562786678e-03
2.089999999999999858e+00 3.752383203899995467e-01 3.728571348930133887e-03
2.100000000000000089e+00 3.837432004800001017e-01 3.636091057983228611e-03
2.109999999999999876e+00 3.939571241550000602e-01 3.479696286461151679e-03
2.120000000000000107e+00 4.025251697050001298e-01 3.463002157539185437e-03
2.129999999999999893e+00 4.113843706250002730e-01 3.359490923891626530e-03
