1.100000000000000089e+00 3.943812500600002435e-02 1.586341364991510658e-04
1.110000000000000098e+00 3.975987037749993680e-02 1.820346046005249987e-04
1.120000000000000107e+00 4.058910958100005878e-02 1.798132870504653145e-04
1.129999999999999893e+00 4.111385259950002535e-02 1.811210413144971685e-04
1.139999999999999902e+00 4.138048832499995056e-02 1.892989331771683943e-04
1.149999999999999911e+00 4.222867204499998472e-02 1.966601442289504559e-04
1.159999999999999920e+00 4.268312640549998954e-02 2.009390755968730219e-04
1.169999999999999929e+00 4.346032443899999764e-02 2.143246440525693362e-04
1.179999999999999938e+00 4.391823570199999277e-02 2.072863576196135222e-04
1.189999999999999947e+00 4.473803749700004662e-02 2.071907332704088294e-04
1.199999999999999956e+00 4.515747641550005992e-02 2.015034170373495984e-04
1.209999999999999964e+00 4.584231419249994166e-02 2.255761536141194002e-04
1.219999999999999973e+00 4.631540888799997452e-02 2.284481011171242415e-04
1.229999999999999982e+00 4.709225443449997078e-02 2.415024967305273631e-04
1.239999999999999991e+00 4.776710398200003510e-02 2.477600652887854181e-04
1.250000000000000000e+00 4.857303885949994932e-02 2.653033137845111147e-04
1.260000000000000009e+00 4.937354463500000928e-02 2.768579949631379028e-04
1.270000000000000018e+00 4.998089844849997604e-02 2.707611078065408805e-04
1.280000000000000027e+00 5.073472474399998849e-02 2.576091568266556178e-04
1.290000000000000036e+00 5.149612761149999218e-02 3.078404350881938059e-04
1.300000000000000044e+00 5.217459817249998216e-02 2.908476140758617769e-04
1.310000000000000053e+00 5.298907118400000144e-02 3.047927414214597814e-04
1.320000000000000062e+00 5.448767650499994342e-02 3.186525145902062190e-04
1.330000000000000071e+00 5.493758426649995169e-02 3.448726620381664491e-04
1.340000000000000080e+00 5.561898066499994242e-02 3.543584427215090140e-04
1.350000000000000089e+00 5.681612215350009126e-02 3.888859826292831727e-04
1.360000000000000098e+00 5.815359961250005788e-02 3.868682330142942305e-04
1.370000000000000107e+00 5.896684117049999507e-02 4.032087290242794271e-04
1.379999999999999893e+00 6.000249840699991427e-02 4.116266247736157153e-04
1.389999999999999902e+00 6.085058321249998264e-02 4.318104982568258003e-04
1.399999999999999911e+00 6.173740016949995357e-02 4.456472623254804813e-04
1.409999999999999920e+00 6.325919703300003638e-02 4.733620053317273680e-04
1.419999999999999929e+00 6.423402467699999840e-02 4.672218372586147382e-04
1.429999999999999938e+00 6.553661274450006680e-02 4.991563876466835817e-04
1.439999999999999947e+00 6.628867255749999743e-02 5.372366841473774938e-04
1.449999999999999956e+00 6.802791579050009030e-02 5.856790475127198609e-04
1.459999999999999964e+00 6.898275812949994368e-02 6.606918168284893218e-04
1.469999999999999973e+00 7.025610077999995540e-02 5.898757898430748549e-04
1.479999999999999982e+00 7.185347815349991951e-02 6.386830169670979981e-04
1.489999999999999991e+00 7.292118761150000184e-02 6.571104304074007214e-04
1.500000000000000000e+00 7.493540627249997699e-02 7.308101531499261493e-04
1.510000000000000009e+00 7.664633061050002416e-02 6.956140375397678417e-04
1.520000000000000018e+00 7.786367001450002212e-02 7.895267003483351278e-04
1.530000000000000027e+00 7.899796796750011008e-02 7.598271290411818483e-04
1.540000000000000036e+00 8.106995334499995931e-02 9.088443984530194001e-04
1.550000000000000044e+00 8.301207897949998415e-02 8.866860360339332437e-04
1.560000000000000053e+00 8.452070993550007960e-02 9.703633083114250211e-04
1.570000000000000062e+00 8.738132289000000164e-02 1.040850597136765230e-03
1.580000000000000071e+00 8.890259527850005727e-02 1.121185400757945729e-03
1.590000000000000080e+00 8.982517258199990140e-02 1.084096545806056272e-03
1.600000000000000089e+00 9.260270292999983610e-02 1.131934117447595941e-03
1.610000000000000098e+00 9.428063900600010261e-02 1.255182872921883300e-03
1.620000000000000107e+00 9.725740065849997062e-02 1.297757990352604472e-03
1.629999999999999893e+00 9.991517488750006892e-02 1.429071267562071314e-03
1.639999999999999902e+00 1.023881827629999491e-01 1.553683256287617578e-03
1.649999999999999911e+00 1.061386392530001554e-01 1.733379717092305193e-03
1.659999999999999920e+00 1.082446207270000987e-01 1.725808625245576133e-03
1.669999999999999929e+00 1.109455126204999809e-01 1.905046116028144424e-03
1.679999999999999938e+00 1.139190642340000559e-01 1.933619969060281591e-03
1.689999999999999947e+00 1.174923074120001465e-01 2.047877922867575792e-03
1.699999999999999956e+00 1.203750852029999430e-01 2.131232686535513166e-03
1.709999999999999964e+00 1.254274012395000526e-01 2.428371765648064395e-03
1.719999999999999973e+00 1.278954703095001588e-01 2.519774867543760587e-03
1.729999999999999982e+00 1.325016507570000723e-01 2.668132440680497878e-03
1.739999999999999991e+00 1.366338077719999045e-01 2.809388782277764604e-03
1.750000000000000000e+00 1.406763671234999846e-01 2.850917482096032487e-03
1.760000000000000009e+00 1.449254451465000204e-01 2.901960486575671985e-03
1.770000000000000018e+00 1.492754353254996391e-01 3.113942025527696895e-03
1.780000000000000027e+00 1.543744625304996343e-01 3.324274839574511368e-03
1.790000000000000036e+00 1.589078580750001024e-01 3.476470851602736414e-03
1.800000000000000044e+00 1.641431296909998117e-01 3.688825158659768660e-03
1.810000000000000053e+00 1.690534940390001906e-01 3.720936517687180225e-03
1.820000000000000062e+00 1.758436247095001015e-01 3.977187253335781256e-03
1.830000000000000071e+00 1.820383828714998431e-01 4.028328692722978228e-03
1.840000000000000080e+00 1.880449147020000489e-01 4.264785280235843315e-03
1.850000000000000089e+00 1.938220767719998072e-01 4.463022038471261416e-03
1.860000000000000098e+00 2.009053504694996994e-01 4.605885251717829407e-03
1.870000000000000107e+00 2.072873605649999118e-01 4.677227456979331059e-03
1.879999999999999893e+00 2.144244731649999347e-01 4.929361215752765639e-03
1.889999999999999902e+00 2.220957117020000149e-01 5.068779729077694737e-03
1.899999999999999911e+00 2.286567354199999513e-01 5.197236171634517406e-03
1.909999999999999920e+00 2.359615999000001796e-01 5.331998401119302823e-03
1.919999999999999929e+00 2.433921842350001419e-01 5.486887469486956444e-03
1.929999999999999938e+00 2.501082910499999312e-01 5.579020829518840409e-03
1.939999999999999947e+00 2.594164830599999250e-01 5.736640403895071350e-03
1.949999999999999956e+00 2.685111862950001482e-01 5.764609532777044236e-03
1.959999999999999964e+00 2.760555461550001088e-01 5.845967937161892017e-03
1.969999999999999973e+00 2.843850461250004291e-01 5.953986382764399690e-03
1.979999999999999982e+00 2.933455915850005091e-01 6.060081647268148949e-03
1.989999999999999991e+00 3.020112262400002634e-01 6.023975574771592290e-03
2.000000000000000000e+00 3.094449785799999741e-01 6.249709267695167242e-03
2.009999999999999787e+00 3.188207128600000773e-01 6.291601892049946895e-03
2.020000000000000018e+00 3.269788343649998597e-01 6.308668840699609669e-03
2.029999999999999805e+00 3.366846210150002960e-01 6.346253606624524535e-03
2.040000000000000036e+00 3.458193813400000094e-01 6.327951856637220422e-03
2.049999999999999822e+00 3.556043474050001874e-01 6.340088551497448204e-03
2.060000000000000053e+00 3.629932737499997342e-01 6.376094313547516629e-03
2.069999999999999840e+00 3.715515661750002918e-01 6.319886075589012733e-03
2.080000000000000071e+00 3.788810389000001888e-01 6.268850343300666830e-03
2.089999999999999858e+00 3.899542431099995987e-01 6.127023585202910107e-03
2.100000000000000089e+00 3.978871957550002003e-01 6.202707646870076613e-03
2.109999999999999876e+00 4.065829734500003845e-01 6.029478631954718164e-03
2.120000000000000107e+00 4.129350858399995494e-01 6.069389900144513302e-03
2.129999999999999893e+00 4.212244411549997403e-01 5.981284026105124045e-03
2.140000000000000124e+00 4.284647521500005163e-01 5.873887374959993989e-03
2.149999999999999911e+00 4.369585064300003374e-01 5.839821053769183798e-03
2.160000000000000142e+00 4.436558719350000568e-01 5.713597185563079606e-03
2.169999999999999929e+00 4.516324601299996355e-01 5.651944925112502988e-03
2.180000000000000160e+00 4.589564816699998051e-01 5.547610185698035636e-03
2.189999999999999947e+00 4.653533298899999449e-01 5.417759848715709980e-03
2.200000000000000178e+00 4.729768888299997198e-01 5.313077850836490056e-03
2.209999999999999964e+00 4.799460220400001420e-01 5.263190754028802994e-03
2.220000000000000195e+00 4.859276141749993005e-01 5.193794683251253159e-03
2.229999999999999982e+00 4.939092213150003130e-01 5.032596118299977744e-03
2.240000000000000213e+00 5.001797052199994376e-01 4.951462070652588171e-03
2.250000000000000000e+00 5.071430879549999604e-01 4.853268899218374233e-03
2.259999999999999787e+00 5.129596685450005245e-01 4.697079539125812407e-03
2.270000000000000018e+00 5.194076180550004640e-01 4.502361029447167658e-03
2.279999999999999805e+00 5.248329800199997841e-01 4.503853089010891042e-03
2.290000000000000036e+00 5.302802591949996591e-01 4.559384497858339283e-03
2.299999999999999822e+00 5.359863854050003207e-01 4.342400429816982953e-03
