1.340000000000000080e+00 3.657231094199999560e-02 1.833086108123930971e-04
1.350000000000000089e+00 3.716312728150002881e-02 1.844820659967193741e-04
1.360000000000000098e+00 3.783603747600002010e-02 1.998773590210904964e-04
1.370000000000000107e+00 3.841417382050008045e-02 1.858689415696739846e-04
1.379999999999999893e+00 3.908679155949993517e-02 2.137830458360958741e-04
1.389999999999999902e+00 3.975399814400003978e-02 2.314838844588809911e-04
1.399999999999999911e+00 4.022972815099998961e-02 2.290268631511103862e-04
1.409999999999999920e+00 4.081912703250003410e-02 2.301869138029031734e-04
1.419999999999999929e+00 4.160733944850000809e-02 2.341817045976444709e-04
1.429999999999999938e+00 4.244448226049998135e-02 2.496815044234336565e-04
1.439999999999999947e+00 4.304495432199993699e-02 2.470747568654151896e-04
1.449999999999999956e+00 4.368407702700001505e-02 2.524770219675552454e-04
1.459999999999999964e+00 4.465033797500003732e-02 2.753103531652170873e-04
1.469999999999999973e+00 4.571455317450002359e-02 2.859825433723461961e-04
1.479999999999999982e+00 4.646048950150000190e-02 2.856985903249404345e-04
1.489999999999999991e+00 4.719301291700000317e-02 2.845782602278139188e-04
1.500000000000000000e+00 4.837721273499995950e-02 3.064040106526287111e-04
1.510000000000000009e+00 4.913062423100002241e-02 3.193096361766874897e-04
1.520000000000000018e+00 5.000365673250004028e-02 3.385174398110531212e-04
1.530000000000000027e+00 5.108056458449992954e-02 3.535663114041638850e-04
1.540000000000000036e+00 5.208345887500005073e-02 3.930283240350747245e-04
1.550000000000000044e+00 5.342619558349991776e-02 4.121386786489381971e-04
1.560000000000000053e+00 5.389518790850001545e-02 3.998804122035232405e-04
1.570000000000000062e+00 5.539886429700003473e-02 4.619830037692908265e-04
1.580000000000000071e+00 5.665931857600002564e-02 4.580005521421139504e-04
1.590000000000000080e+00 5.785135565400000707e-02 5.010336008455819595e-04
1.600000000000000089e+00 5.881314983550010866e-02 4.998362019713247862e-04
1.610000000000000098e+00 6.052092716200001971e-02 5.778601347644251240e-04
1.620000000000000107e+00 6.153853195499995460e-02 5.216090594612828209e-04
1.629999999999999893e+00 6.354325191549994867e-02 6.172899001122660045e-04
1.639999999999999902e+00 6.461645769699995989e-02 6.719971646814218436e-04
1.649999999999999911e+00 6.666367060850000859e-02 6.877501662400475457e-04
1.659999999999999920e+00 6.832758887550000049e-02 7.520146548856761377e-04
1.669999999999999929e+00 6.997565452400014707e-02 7.868095898188586521e-04
1.679999999999999938e+00 7.189559472350000313e-02 8.216616573107266876e-04
1.689999999999999947e+00 7.315870124200010705e-02 8.791235699807530175e-04
1.699999999999999956e+00 7.575577038250004558e-02 1.034063262554180216e-03
1.709999999999999964e+00 7.794868743750006657e-02 1.007617666570882623e-03
1.719999999999999973e+00 8.007397975499995491e-02 1.125155124694556625e-03
1.729999999999999982e+00 8.286450679100006156e-02 1.139538467586728721e-03
1.739999999999999991e+00 8.544476571050006741e-02 1.331004521318166801e-03
1.750000000000000000e+00 8.831194090800013885e-02 1.471413956593840573e-03
1.760000000000000009e+00 9.191951787499996751e-02 1.676121012615137051e-03
1.770000000000000018e+00 9.374865514449996773e-02 1.655027553294289829e-03
1.780000000000000027e+00 9.740813414950000304e-02 1.860677085168276545e-03
1.790000000000000036e+00 1.009875680300000023e-01 2.001573454448233799e-03
1.800000000000000044e+00 1.056278163149999283e-01 2.131085066149406709e-03
1.810000000000000053e+00 1.087354760529999631e-01 2.248636280024003155e-03
1.820000000000000062e+00 1.138387274034999563e-01 2.382141555493663167e-03
1.830000000000000071e+00 1.179565978415001160e-01 2.570740351714876151e-03
1.840000000000000080e+00 1.225639205084999711e-01 2.725450520390726092e-03
1.850000000000000089e+00 1.284916038500001356e-01 2.945537391120641758e-03
1.860000000000000098e+00 1.335263496120000781e-01 3.078370055256460409e-03
1.870000000000000107e+00 1.390854890925000142e-01 3.246516334915100933e-03
1.879999999999999893e+00 1.449202253470002200e-01 3.465405718021493785e-03
1.889999999999999902e+00 1.499847270124998466e-01 3.637380427607121974e-03
1.899999999999999911e+00 1.577502577139997808e-01 3.754549640113378356e-03
1.909999999999999920e+00 1.641510829899998081e-01 4.026341595733166044e-03
1.919999999999999929e+00 1.719789149065001355e-01 4.182861218380583106e-03
1.929999999999999938e+00 1.782926681055003737e-01 4.449813263640697326e-03
1.939999999999999947e+00 1.875399237339999692e-01 4.550828758739371496e-03
1.949999999999999956e+00 1.963208301470001360e-01 4.623988737800741392e-03
1.959999999999999964e+00 2.031956658454998899e-01 4.797145771347026237e-03
1.969999999999999973e+00 2.112583745074997910e-01 4.970650936226925047e-03
1.979999999999999982e+00 2.211327720849997069e-01 5.059201393402870325e-03
1.989999999999999991e+00 2.295000488734998956e-01 5.122004506413493918e-03
2.000000000000000000e+00 2.395874351554997672e-01 5.147506928459325524e-03
2.009999999999999787e+00 2.509423269935002199e-01 5.278288471698660937e-03
2.020000000000000018e+00 2.600113455355000935e-01 5.323833205160068659e-03
2.029999999999999805e+00 2.714670282349996855e-01 5.346114196724656431e-03
2.040000000000000036e+00 2.797088751880001944e-01 5.436871259961021698e-03
2.049999999999999822e+00 2.894106158849998889e-01 5.497335373525832555e-03
2.060000000000000053e+00 3.002787592050003007e-01 5.489702644461383514e-03
2.069999999999999840e+00 3.103083808049997838e-01 5.551188046510857101e-03
2.080000000000000071e+00 3.202839479949998736e-01 5.331270861053849681e-03
2.089999999999999858e+00 3.291655833700003475e-01 5.508218539936685261e-03
2.100000000000000089e+00 3.382939560700004566e-01 5.462715194415830589e-03
2.109999999999999876e+00 3.485138714150002870e-01 5.194723568498278016e-03
2.120000000000000107e+00 3.577357895999993542e-01 5.237420712416898487e-03
2.129999999999999893e+00 3.673169820600003521e-01 5.208170395087026276e-03
2.140000000000000124e+00 3.762594854250003173e-01 5.210247102568283176e-03
2.149999999999999911e+00 3.852439148900001498e-01 5.109338884433814107e-03
2.160000000000000142e+00 3.947762880399998120e-01 4.892805042995992254e-03
2.169999999999999929e+00 4.027930336450000204e-01 4.887548900777490164e-03
2.180000000000000160e+00 4.116216916999996811e-01 4.714465982142823815e-03
2.189999999999999947e+00 4.198428581949996685e-01 4.726008030258325651e-03
2.200000000000000178e+00 4.273176157499994909e-01 4.666377819554952747e-03
2.209999999999999964e+00 4.357357380750002118e-01 4.424506413688908575e-03
2.220000000000000195e+00 4.440243819400007674e-01 4.363894799287820932e-03
2.229999999999999982e+00 4.512257235649999587e-01 4.153753390860850242e-03
2.240000000000000213e+00 4.582969463600000681e-01 4.129947567692246642e-03
2.250000000000000000e+00 4.649262214649995673e-01 3.974504670109839377e-03
2.259999999999999787e+00 4.725437843550003292e-01 3.943979587883343803e-03
2.270000000000000018e+00 4.796909019400004692e-01 3.882528407182827927e-03
