1.280000000000000027e+00 3.604085448099992456e-02 1.921929463853811598e-04
1.290000000000000036e+00 3.665571968399998493e-02 1.910191851979356091e-04
1.300000000000000044e+00 3.687827738149999923e-02 1.899021547365686499e-04
1.310000000000000053e+00 3.765965167349998033e-02 1.890655829363684537e-04
1.320000000000000062e+00 3.823015045750004920e-02 2.166917163539200874e-04
1.330000000000000071e+00 3.915792541049998438e-02 2.139269729689853258e-04
1.340000000000000080e+00 3.957211267399998039e-02 2.309494565349040792e-04
1.350000000000000089e+00 4.021269175599997275e-02 2.437880027865479743e-04
1.360000000000000098e+00 4.088676944050000095e-02 2.382082906078522697e-04
1.370000000000000107e+00 4.140119239800003209e-02 2.335548231878209350e-04
1.379999999999999893e+00 4.218166478649999079e-02 2.649021931836162587e-04
1.389999999999999902e+00 4.297606561050000551e-02 2.428705963988631402e-04
1.399999999999999911e+00 4.404703331050001391e-02 2.793076030326435829e-04
1.409999999999999920e+00 4.471881803599998123e-02 2.928424571907724630e-04
1.419999999999999929e+00 4.548795128700002660e-02 2.913823465238438767e-04
1.429999999999999938e+00 4.657858250350006141e-02 3.061298396430568334e-04
1.439999999999999947e+00 4.704039038650002086e-02 3.228821627233731634e-04
1.449999999999999956e+00 4.829588261300006569e-02 3.294615480637999865e-04
1.459999999999999964e+00 4.907325051700001106e-02 3.356145094845193271e-04
1.469999999999999973e+00 5.000170602399997555e-02 3.639670079418712073e-04
1.479999999999999982e+00 5.087046795949999589e-02 3.752041596382528336e-04
1.489999999999999991e+00 5.182804598150006492e-02 4.029695767282485833e-04
1.500000000000000000e+00 5.296902911649995632e-02 4.064217543428321399e-04
1.510000000000000009e+00 5.445064070700006420e-02 4.425999966102326624e-04
1.520000000000000018e+00 5.531066997249989292e-02 4.507302486585657323e-04
1.530000000000000027e+00 5.687158873849994939e-02 4.890020891256635464e-04
1.540000000000000036e+00 5.812589436700000417e-02 5.182713447592624239e-04
1.550000000000000044e+00 5.896228740050002415e-02 4.964859159393076498e-04
1.560000000000000053e+00 6.029926602349994225e-02 5.245105491712897736e-04
1.570000000000000062e+00 6.160583038300000008e-02 6.113820451350760648e-04
1.580000000000000071e+00 6.292014024750000600e-02 5.975618094504388939e-04
1.590000000000000080e+00 6.489005462750004061e-02 6.964102115220188217e-04
1.600000000000000089e+00 6.614825695950002360e-02 7.314698762448131443e-04
1.610000000000000098e+00 6.823319799099986094e-02 7.561861344694096199e-04
1.620000000000000107e+00 6.921870953450001696e-02 7.999253677694780074e-04
1.629999999999999893e+00 7.174255803149999500e-02 8.863477675615666091e-04
1.639999999999999902e+00 7.341934898100005435e-02 8.799884314931036766e-04
1.649999999999999911e+00 7.493328620200002954e-02 9.222239057079173116e-04
1.659999999999999920e+00 7.699639862549996494e-02 9.934518400700610534e-04
1.669999999999999929e+00 7.965327831449993401e-02 1.023391028956565025e-03
1.679999999999999938e+00 8.185046074299992536e-02 1.071473766754070045e-03
1.689999999999999947e+00 8.435990511300001105e-02 1.218650941748419423e-03
1.699999999999999956e+00 8.768758580850004314e-02 1.296695445507941137e-03
1.709999999999999964e+00 9.072825040799996354e-02 1.406095682018967561e-03
1.719999999999999973e+00 9.301854469049999907e-02 1.500371621098997013e-03
1.729999999999999982e+00 9.654443604449995664e-02 1.586883307979422867e-03
1.739999999999999991e+00 9.923774251250001843e-02 1.725337269861078326e-03
1.750000000000000000e+00 1.036802517025002118e-01 1.856941491626528523e-03
1.760000000000000009e+00 1.076008517795000591e-01 2.048606053423517471e-03
1.770000000000000018e+00 1.114751423659999657e-01 2.075134187937790944e-03
1.780000000000000027e+00 1.161373904244999145e-01 2.398891524137913411e-03
1.790000000000000036e+00 1.220629304484997513e-01 2.377382199669782811e-03
1.800000000000000044e+00 1.259548964499998536e-01 2.705044348163330396e-03
1.810000000000000053e+00 1.305001784690001942e-01 2.845223692542417967e-03
1.820000000000000062e+00 1.368299679750000775e-01 2.923229660181333057e-03
1.830000000000000071e+00 1.446141481770001624e-01 3.019379391500019889e-03
1.840000000000000080e+00 1.493726669599999002e-01 3.169286495688855305e-03
1.850000000000000089e+00 1.563299238200000496e-01 3.444594185374965419e-03
1.860000000000000098e+00 1.632929657035001314e-01 3.637915509002615910e-03
1.870000000000000107e+00 1.732888647624998557e-01 3.726565436246972399e-03
1.879999999999999893e+00 1.786497624950000584e-01 3.889628556340040452e-03
1.889999999999999902e+00 1.871019145395000638e-01 4.178661473285383288e-03
1.899999999999999911e+00 1.948095663525000742e-01 4.252528486020785460e-03
1.909999999999999920e+00 2.059764164639998341e-01 4.571484727374931778e-03
1.919999999999999929e+00 2.141989865124996895e-01 4.595611262956523189e-03
1.929999999999999938e+00 2.232641562189998374e-01 4.581924000560063520e-03
1.939999999999999947e+00 2.343185965625003697e-01 4.744237731088515354e-03
1.949999999999999956e+00 2.440669735620000225e-01 4.931512166223052558e-03
1.959999999999999964e+00 2.517469303704999994e-01 4.964255640863558285e-03
1.969999999999999973e+00 2.627885357330000948e-01 5.039259951763844746e-03
1.979999999999999982e+00 2.762946086974997217e-01 5.095581984952243099e-03
1.989999999999999991e+00 2.847551673950000639e-01 5.147575128099295648e-03
2.000000000000000000e+00 2.981693155450002020e-01 4.991947099058163632e-03
2.009999999999999787e+00 3.070205558500000431e-01 5.057894895719063436e-03
2.020000000000000018e+00 3.160285174399999897e-01 5.058442805014164503e-03
2.029999999999999805e+00 3.243452390430000554e-01 5.186100617727663203e-03
2.040000000000000036e+00 3.374039642749998569e-01 5.018558296950629237e-03
2.049999999999999822e+00 3.467458431199997859e-01 4.840168915191024254e-03
2.060000000000000053e+00 3.560752387350000214e-01 4.775528208311035326e-03
2.069999999999999840e+00 3.659739826900003101e-01 4.702013327984667750e-03
2.080000000000000071e+00 3.748809007850004704e-01 4.568990014218605664e-03
2.089999999999999858e+00 3.841217559200000853e-01 4.540643469260398357e-03
2.100000000000000089e+00 3.933258451599997430e-01 4.370213814263443526e-03
2.109999999999999876e+00 4.015011010049998053e-01 4.451420905583924024e-03
2.120000000000000107e+00 4.095503686900002216e-01 4.377757852911123154e-03
2.129999999999999893e+00 4.177522022650004274e-01 4.245548295410705476e-03
2.140000000000000124e+00 4.273099331900001574e-01 4.158609778957621239e-03
2.149999999999999911e+00 4.351754667249999597e-01 4.067501930408238577e-03
2.160000000000000142e+00 4.429196460299993365e-01 3.997356625689578793e-03
2.169999999999999929e+00 4.499923121300000162e-01 3.945696952723887901e-03
2.180000000000000160e+00 4.581058791149993925e-01 3.866034324723873188e-03
2.189999999999999947e+00 4.649345957449997901e-01 3.782123142832969926e-03
2.200000000000000178e+00 4.721037571400001354e-01 3.710850320455236478e-03
2.209999999999999964e+00 4.797873877299992929e-01 3.671389457858751076e-03
