1.270000000000000018e+00 5.630976682799999911e-02 3.169258281431834969e-04
1.280000000000000027e+00 5.697787680299995494e-02 3.305151182403884302e-04
1.290000000000000036e+00 5.791143999250004254e-02 3.299067527256139176e-04
1.300000000000000044e+00 5.867245013350007310e-02 3.603391201063125301e-04
1.310000000000000053e+00 5.909273199300001111e-02 3.394045157273445292e-04
1.320000000000000062e+00 5.984410685150000353e-02 3.578443564612911599e-04
1.330000000000000071e+00 6.057956497599997769e-02 3.490785168236565242e-04
1.340000000000000080e+00 6.122387081649998536e-02 3.684277662348221208e-04
1.350000000000000089e+00 6.199803855800002650e-02 3.989824350165599204e-04
1.360000000000000098e+00 6.257585809850003955e-02 3.906697154215357706e-04
1.370000000000000107e+00 6.320719343349999464e-02 3.951962087201557985e-04
1.379999999999999893e+00 6.389970278949999583e-02 4.165900926382744870e-04
1.389999999999999902e+00 6.499309286999997715e-02 4.093267178137944108e-04
1.399999999999999911e+00 6.545839838750008854e-02 4.407756605590234080e-04
1.409999999999999920e+00 6.625762800500005489e-02 4.377157842512032914e-04
1.419999999999999929e+00 6.703329948099988334e-02 4.425484476232159105e-04
1.429999999999999938e+00 6.790991861200000590e-02 4.542019245397581708e-04
1.439999999999999947e+00 6.850687332700008958e-02 4.559571948276194223e-04
1.449999999999999956e+00 6.936745869100002793e-02 4.940193825117235229e-04
1.459999999999999964e+00 7.023813272299997412e-02 5.430532406472266937e-04
1.469999999999999973e+00 7.087732831099993747e-02 4.999631901193471017e-04
1.479999999999999982e+00 7.217019732349998218e-02 5.486209708894557342e-04
1.489999999999999991e+00 7.251551933949991480e-02 5.169416002521373113e-04
1.500000000000000000e+00 7.336317519400006870e-02 5.847259164891294029e-04
1.510000000000000009e+00 7.456574420749993715e-02 5.968905942989759022e-04
1.520000000000000018e+00 7.566421526350017301e-02 5.842465498931973455e-04
1.530000000000000027e+00 7.684437526649988415e-02 6.261130088590659065e-04
1.540000000000000036e+00 7.766390556200022943e-02 7.158111312688073555e-04
1.550000000000000044e+00 7.818909964299999849e-02 6.266889883130197757e-04
1.560000000000000053e+00 7.921372029699993988e-02 7.012071584160831181e-04
1.570000000000000062e+00 8.025515030999999522e-02 7.350621196769016119e-04
1.580000000000000071e+00 8.153067076499999344e-02 8.084029536227784569e-04
1.590000000000000080e+00 8.202787804000007121e-02 8.004881566635377440e-04
1.600000000000000089e+00 8.349820457500001236e-02 7.609181717257583639e-04
1.610000000000000098e+00 8.370790607399997141e-02 8.512612422206798949e-04
1.620000000000000107e+00 8.487229535850013273e-02 8.030513572892582306e-04
1.629999999999999893e+00 8.673002666300010099e-02 8.970965521202454692e-04
1.639999999999999902e+00 8.728788497000009028e-02 8.742389904481196253e-04
1.649999999999999911e+00 8.840328465400006108e-02 9.118656216374982975e-04
1.659999999999999920e+00 9.021685698649996310e-02 1.043303302385174824e-03
1.669999999999999929e+00 9.158448076649998437e-02 1.049132622971305547e-03
1.679999999999999938e+00 9.259299863149997312e-02 1.078504552245150095e-03
1.689999999999999947e+00 9.400133577350003322e-02 1.148784796507795617e-03
1.699999999999999956e+00 9.501830776800000711e-02 1.120128266361521564e-03
1.709999999999999964e+00 9.535341507950011175e-02 1.181426357848054101e-03
1.719999999999999973e+00 9.742986013899999909e-02 1.218300199152934447e-03
1.729999999999999982e+00 9.921603148749999490e-02 1.330795428773914879e-03
1.739999999999999991e+00 1.010240771215000222e-01 1.266783836787258683e-03
1.750000000000000000e+00 1.016609254409999163e-01 1.357083889463037108e-03
1.760000000000000009e+00 1.031184698110000630e-01 1.418684599110234213e-03
1.770000000000000018e+00 1.044503614155000565e-01 1.363396947028038680e-03
1.780000000000000027e+00 1.062664425070000696e-01 1.467875318800393198e-03
1.790000000000000036e+00 1.066314885405001550e-01 1.439605808859439982e-03
1.800000000000000044e+00 1.090393389499999394e-01 1.572063400509419529e-03
1.810000000000000053e+00 1.102994570284999143e-01 1.575923597751768563e-03
1.820000000000000062e+00 1.127508153319999318e-01 1.689109424262411931e-03
1.830000000000000071e+00 1.143502721885000101e-01 1.773959432225877568e-03
1.840000000000000080e+00 1.155925817545000456e-01 1.726128292327357584e-03
1.850000000000000089e+00 1.171565529820000201e-01 1.925730096462626145e-03
1.860000000000000098e+00 1.194939347809998859e-01 1.973040302367376486e-03
1.870000000000000107e+00 1.213531333860001088e-01 2.054630944437567646e-03
1.879999999999999893e+00 1.233489775790000548e-01 2.207219509026667019e-03
1.889999999999999902e+00 1.254141158184999272e-01 2.191425882770639891e-03
1.899999999999999911e+00 1.271241209070000100e-01 2.364003088174206155e-03
1.909999999999999920e+00 1.287692920205001645e-01 2.468394159991636316e-03
1.919999999999999929e+00 1.313183838975000572e-01 2.519314678445189280e-03
1.929999999999999938e+00 1.342905700469999297e-01 2.592675709637879723e-03
1.939999999999999947e+00 1.356202843289998072e-01 2.798342974084012773e-03
1.949999999999999956e+00 1.390971264405000962e-01 2.846431331865065337e-03
1.959999999999999964e+00 1.408514235714998231e-01 2.921287189336951775e-03
1.969999999999999973e+00 1.433499019929998231e-01 2.919277410753975174e-03
1.979999999999999982e+00 1.459130496844999181e-01 3.102847982920628727e-03
1.989999999999999991e+00 1.486957863285000847e-01 3.262461301111031862e-03
2.000000000000000000e+00 1.503285027985000466e-01 3.315236994434467982e-03
2.009999999999999787e+00 1.532780482444998371e-01 3.329758851315034462e-03
2.020000000000000018e+00 1.568515723825000263e-01 3.489198880056618938e-03
2.029999999999999805e+00 1.596279998570001579e-01 3.550317326882273302e-03
2.040000000000000036e+00 1.619849557639999049e-01 3.625703174152172803e-03
2.049999999999999822e+00 1.650206231049997641e-01 3.780156520644560245e-03
2.060000000000000053e+00 1.683948371810000677e-01 3.929611482676237909e-03
2.069999999999999840e+00 1.703811389069995186e-01 3.955916027035147851e-03
2.080000000000000071e+00 1.722011921555001157e-01 4.052967298505625801e-03
2.089999999999999858e+00 1.778713685835000002e-01 4.171223703981445131e-03
2.100000000000000089e+00 1.808928115949998416e-01 4.347148625070953662e-03
2.109999999999999876e+00 1.847997873639999344e-01 4.361461172126360544e-03
2.120000000000000107e+00 1.877146535100000235e-01 4.377700510851114876e-03
2.129999999999999893e+00 1.917559593099998905e-01 4.460398419710505900e-03
2.140000000000000124e+00 1.949082348435002277e-01 4.646924983909441961e-03
2.149999999999999911e+00 1.991409228349999283e-01 4.777529910775537431e-03
2.160000000000000142e+00 2.030436427700003377e-01 4.945688449359521115e-03
2.169999999999999929e+00 2.047651926020002400e-01 5.016275257007845288e-03
2.180000000000000160e+00 2.109064704750000796e-01 5.144132622104394953e-03
2.189999999999999947e+00 2.141178806449997030e-01 5.223180123192108434e-03
2.200000000000000178e+00 2.190726000949999031e-01 5.382039790725013165e-03
2.209999999999999964e+00 2.217670166749998450e-01 5.494992950988527268e-03
2.220000000000000195e+00 2.270250976650000085e-01 5.534258893646031539e-03
2.229999999999999982e+00 2.311076641249997232e-01 5.618575152816465863e-03
2.240000000000000213e+00 2.338176165600000245e-01 5.803888834169297108e-03
2.250000000000000000e+00 2.393276235349999226e-01 5.907969526580118813e-03
2.259999999999999787e+00 2.451604615199999559e-01 5.874094739167645338e-03
2.270000000000000018e+00 2.476742054249999603e-01 5.988878295601338976e-03
2.279999999999999805e+00 2.527482055099999902e-01 6.105294876996477001e-03
2.290000000000000036e+00 2.562091959150001874e-01 6.186417384269208078e-03
2.299999999999999822e+00 2.623641025749997580e-01 6.325010814436261321e-03
2.310000000000000053e+00 2.666003137649998744e-01 6.456873556469084480e-03
2.319999999999999840e+00 2.709909053649997568e-01 6.468753534652524340e-03
2.330000000000000071e+00 2.765333638999999954e-01 6.488075391336989989e-03
2.339999999999999858e+00 2.800808557050002423e-01 6.590292794448574833e-03
2.350000000000000089e+00 2.868890736850003287e-01 6.669719547137493466e-03
2.359999999999999876e+00 2.923773995149998584e-01 6.695154180626025457e-03
2.370000000000000107e+00 2.959561885600000553e-01 6.788009398444181525e-03
2.379999999999999893e+00 3.015620587650001405e-01 6.793136386688138940e-03
2.390000000000000124e+00 3.049624012999999079e-01 6.885743587887288922e-03
2.399999999999999911e+00 3.108363209899997481e-01 6.942936973478919249e-03
2.410000000000000142e+00 3.157536775699997245e-01 6.896652263170375760e-03
2.419999999999999929e+00 3.211215349349998971e-01 7.046313634497503378e-03
2.430000000000000160e+00 3.281638557600003447e-01 6.947687097776883945e-03
2.439999999999999947e+00 3.324056690199999053e-01 7.050302720627102740e-03
2.450000000000000178e+00 3.376242034049996010e-01 7.082235600564065585e-03
2.459999999999999964e+00 3.433798405850000401e-01 7.121309817822559819e-03
2.470000000000000195e+00 3.504832836899998139e-01 7.091101184001121459e-03
2.479999999999999982e+00 3.560922731450000267e-01 6.989793455256265199e-03
2.490000000000000213e+00 3.591804418250001962e-01 7.205089808695348992e-03
2.500000000000000000e+00 3.636877510300002281e-01 7.028580256303813660e-03
2.509999999999999787e+00 3.691748135600001479e-01 7.150470794105699517e-03
2.520000000000000018e+00 3.767671431500007051e-01 7.078482628422078787e-03
2.529999999999999805e+00 3.838019212399992885e-01 6.957223269347895776e-03
2.540000000000000036e+00 3.880028284699996166e-01 7.088303773831246268e-03
2.549999999999999822e+00 3.917710082199998833e-01 7.235382078672900931e-03
2.560000000000000053e+00 3.993061364550004599e-01 7.084316736029848405e-03
2.569999999999999840e+00 4.054102252449992561e-01 7.023631715489165976e-03
2.580000000000000071e+00 4.098951278949998778e-01 7.084812256437705499e-03
2.589999999999999858e+00 4.165736601100001879e-01 6.996190205475144065e-03
2.600000000000000089e+00 4.200832904849998717e-01 7.207388261539431074e-03
2.609999999999999876e+00 4.262041094800002594e-01 7.140398153265222619e-03
2.620000000000000107e+00 4.312125124499996964e-01 6.977682162925540922e-03
2.629999999999999893e+00 4.365526678350002965e-01 6.870641302569583352e-03
2.640000000000000124e+00 4.411068697150000717e-01 6.890460645604772928e-03
2.649999999999999911e+00 4.456721029699994840e-01 7.005376452412207314e-03
2.660000000000000142e+00 4.505359767550001227e-01 7.004574662219510521e-03
2.669999999999999929e+00 4.557960746650000505e-01 7.033210187032160401e-03
2.680000000000000160e+00 4.615336591400000521e-01 6.805633194112232533e-03
2.689999999999999947e+00 4.643782667000000419e-01 6.766912165872018305e-03
2.700000000000000178e+00 4.706953218200002342e-01 6.701642402593656171e-03
2.709999999999999964e+00 4.745510708449993675e-01 6.680838748807552997e-03
2.720000000000000195e+00 4.795813158250004649e-01 6.715186774826958395e-03
2.729999999999999982e+00 4.831694229150002018e-01 6.605338601124245528e-03
2.740000000000000213e+00 4.891106695699997120e-01 6.508357407188333603e-03
2.750000000000000000e+00 4.942157105649997439e-01 6.486823496815120361e-03
2.759999999999999787e+00 4.994047973649995975e-01 6.360507835533641893e-03
2.770000000000000018e+00 5.033768457700004140e-01 6.328714626698927169e-03
2.779999999999999805e+00 5.076516658399995441e-01 6.256798071097783090e-03
2.790000000000000036e+00 5.127436126750002376e-01 6.047276722785048693e-03
2.799999999999999822e+00 5.172127628350000617e-01 6.012432513861906865e-03
2.810000000000000053e+00 5.210480843050001587e-01 5.958357027979942211e-03
2.819999999999999840e+00 5.262983057199992487e-01 5.912524956065654327e-03
2.830000000000000071e+00 5.303886955199998976e-01 5.912294854808126422e-03
2.839999999999999858e+00 5.345781700550001903e-01 5.897103116230538108e-03
2.850000000000000089e+00 5.386926775699992787e-01 5.705372612350609676e-03
2.859999999999999876e+00 5.418022972049999497e-01 5.601712007167566898e-03
