5.799999999999999600e-01 4.581938557550001290e-02 1.388460994509105111e-04
5.899999999999999689e-01 4.611502091200003067e-02 1.527398647650313006e-04
5.999999999999999778e-01 4.636173897200002864e-02 1.452433309689131968e-04
6.099999999999999867e-01 4.698965988849999192e-02 1.487133489998349696e-04
6.199999999999999956e-01 4.737806533049992996e-02 1.557057270689095687e-04
6.300000000000000044e-01 4.771491778150002694e-02 1.577204520954924184e-04
6.400000000000000133e-01 4.813463138249993167e-02 1.594390926547049967e-04
6.500000000000000222e-01 4.832089012350000018e-02 1.482755210656227639e-04
6.600000000000000311e-01 4.889011300049998093e-02 1.513869901369057508e-04
6.700000000000000400e-01 4.923461094099992191e-02 1.541199755786560330e-04
6.800000000000000488e-01 4.968485002200000167e-02 1.569214788839590690e-04
6.899999999999999467e-01 4.999448824699997268e-02 1.750020414544207906e-04
6.999999999999999556e-01 5.049945573650001934e-02 1.614709659438916972e-04
7.099999999999999645e-01 5.097886801149995734e-02 1.746535163012466929e-04
7.199999999999999734e-01 5.150731010049993536e-02 1.720637596704706492e-04
7.299999999999999822e-01 5.187707719450001392e-02 1.755894535392428122e-04
7.399999999999999911e-01 5.226272511149997885e-02 1.708396911008559272e-04
7.500000000000000000e-01 5.266561660499999298e-02 1.808868008074822321e-04
7.600000000000000089e-01 5.305242049449995778e-02 1.700103713286130202e-04
7.700000000000000178e-01 5.391455022850002998e-02 1.894741948390351737e-04
7.800000000000000266e-01 5.416604958899993993e-02 1.883177504150141107e-04
7.900000000000000355e-01 5.468173065699993840e-02 1.858557742262316166e-04
8.000000000000000444e-01 5.490129967449989407e-02 1.929907886116079350e-04
8.100000000000000533e-01 5.551675261600004518e-02 1.857765507118353649e-04
8.199999999999999512e-01 5.614478455800003126e-02 2.000293608141431628e-04
8.299999999999999600e-01 5.679178277300005184e-02 1.987162924043459479e-04
8.399999999999999689e-01 5.708342641650009097e-02 2.058189316989963286e-04
8.499999999999999778e-01 5.776502944850001736e-02 2.034796562971212574e-04
8.599999999999999867e-01 5.787899203849997121e-02 2.339526996248749054e-04
8.699999999999999956e-01 5.885983672249991971e-02 2.269872478921050639e-04
8.800000000000000044e-01 5.916897056099998387e-02 2.247755796091995321e-04
8.900000000000000133e-01 5.972850574050002359e-02 2.279276001094189194e-04
9.000000000000000222e-01 6.066464024649997205e-02 2.386724682713267924e-04
9.100000000000000311e-01 6.097342272499998994e-02 2.478858441586965469e-04
9.200000000000000400e-01 6.171358218599997530e-02 2.200487342121823758e-04
9.300000000000000488e-01 6.210751685249996101e-02 2.458443265984593768e-04
9.399999999999999467e-01 6.314571814799997684e-02 2.654671926433351740e-04
9.499999999999999556e-01 6.333265796499988609e-02 2.564404575701003308e-04
9.599999999999999645e-01 6.406671568650010307e-02 2.496030060756893108e-04
9.699999999999999734e-01 6.478109200599997675e-02 2.645971737910236062e-04
9.799999999999999822e-01 6.571794739499997595e-02 2.884630943844734147e-04
9.899999999999999911e-01 6.631808814649990669e-02 3.041697486476446582e-04
1.000000000000000000e+00 6.682687133649996281e-02 2.856025496992780472e-04
1.010000000000000009e+00 6.731097820849998858e-02 3.047986476722209809e-04
1.020000000000000018e+00 6.857745104400005121e-02 3.060995086499217134e-04
1.030000000000000027e+00 6.878454724500000783e-02 3.311692439139751450e-04
1.040000000000000036e+00 6.997157627449987483e-02 3.142747742226610456e-04
1.050000000000000044e+00 7.063003699499999233e-02 3.368873494968636483e-04
1.060000000000000053e+00 7.117940986499994571e-02 3.088447623552778771e-04
1.070000000000000062e+00 7.235381214449999876e-02 3.268248068912373927e-04
1.080000000000000071e+00 7.326725577750001217e-02 3.591706565648306797e-04
1.090000000000000080e+00 7.370532339600008309e-02 3.789939171974982305e-04
1.100000000000000089e+00 7.492369572950000056e-02 3.417470014508874171e-04
1.110000000000000098e+00 7.543961609399994772e-02 3.446823475786451913e-04
1.120000000000000107e+00 7.673708154649998281e-02 3.875502951742363050e-04
1.129999999999999893e+00 7.729631040949992704e-02 3.846730159632515893e-04
1.139999999999999902e+00 7.827364814850004682e-02 4.009425365601909153e-04
1.149999999999999911e+00 7.950599365500006510e-02 4.296967669476570487e-04
1.159999999999999920e+00 8.039015176850007605e-02 4.305570690939349780e-04
1.169999999999999929e+00 8.151915797100003913e-02 4.300209302521757252e-04
1.179999999999999938e+00 8.248243215999996603e-02 4.152263920360708548e-04
1.189999999999999947e+00 8.391203032349985047e-02 4.862404029947446507e-04
1.199999999999999956e+00 8.492004839499998903e-02 4.828046900150606948e-04
1.209999999999999964e+00 8.594598871650004079e-02 4.824209240503409164e-04
1.219999999999999973e+00 8.724314252700003658e-02 4.963297474959075086e-04
1.229999999999999982e+00 8.819511936599989943e-02 5.441893878073411888e-04
1.239999999999999991e+00 8.937756013050005000e-02 5.474974854596376377e-04
1.250000000000000000e+00 9.126152908650010664e-02 5.380462543600313336e-04
1.260000000000000009e+00 9.219491074449999435e-02 5.950125507515668715e-04
1.270000000000000018e+00 9.353272765400004463e-02 6.297836088297859274e-04
1.280000000000000027e+00 9.488901173550007284e-02 6.022224600669424640e-04
1.290000000000000036e+00 9.622915055500003145e-02 6.672695178175253603e-04
1.300000000000000044e+00 9.734949108500007275e-02 6.985108248180647112e-04
1.310000000000000053e+00 9.897558958550004005e-02 7.382998959093890886e-04
1.320000000000000062e+00 1.007603898309999135e-01 7.194028851264524464e-04
1.330000000000000071e+00 1.023558241584999889e-01 7.525797907145518511e-04
1.340000000000000080e+00 1.036026424834999571e-01 8.520702015236836105e-04
1.350000000000000089e+00 1.056336972340000541e-01 8.773739007822340449e-04
1.360000000000000098e+00 1.070712817069999628e-01 8.967740693710903911e-04
1.370000000000000107e+00 1.091208757635000054e-01 9.226918388225823636e-04
1.379999999999999893e+00 1.108305769845000371e-01 9.229167240183002536e-04
1.389999999999999902e+00 1.119012858734999560e-01 9.673547555588403414e-04
1.399999999999999911e+00 1.142025427624999978e-01 1.072915096740149768e-03
1.409999999999999920e+00 1.163189383505000424e-01 1.047465724827787445e-03
1.419999999999999929e+00 1.180546939784998944e-01 1.132472646415350103e-03
1.429999999999999938e+00 1.196050539549998182e-01 1.112594765962758451e-03
1.439999999999999947e+00 1.222698118510001097e-01 1.255067105748491245e-03
1.449999999999999956e+00 1.237507387639999040e-01 1.296982636455039839e-03
1.459999999999999964e+00 1.261579581469998712e-01 1.294555144868686893e-03
1.469999999999999973e+00 1.290891472800000939e-01 1.446237929372976537e-03
1.479999999999999982e+00 1.308396619899999669e-01 1.480424942312060128e-03
1.489999999999999991e+00 1.332892505099999014e-01 1.528251478323802443e-03
1.500000000000000000e+00 1.354418729714999825e-01 1.583421485490969045e-03
1.510000000000000009e+00 1.374554069049999383e-01 1.584269720232493999e-03
1.520000000000000018e+00 1.414163601899998401e-01 1.772709542015089195e-03
1.530000000000000027e+00 1.434227691299997109e-01 1.878585442259120492e-03
1.540000000000000036e+00 1.471417930199999669e-01 1.980588109108605971e-03
1.550000000000000044e+00 1.485982614400002955e-01 2.010099561497947097e-03
1.560000000000000053e+00 1.515484936950001194e-01 2.103600275569820176e-03
1.570000000000000062e+00 1.556765227500001292e-01 2.270220552736226024e-03
1.580000000000000071e+00 1.576144726400000029e-01 2.315389846069395262e-03
1.590000000000000080e+00 1.609516152700000702e-01 2.453981457580412407e-03
1.600000000000000089e+00 1.640719453675000272e-01 2.487738847313776622e-03
1.610000000000000098e+00 1.677101520499999221e-01 2.654324415342142196e-03
1.620000000000000107e+00 1.702753509050000391e-01 2.716556900008426038e-03
1.629999999999999893e+00 1.737065269449997174e-01 2.874992701759910858e-03
1.639999999999999902e+00 1.775919125049997271e-01 2.901843829986408465e-03
1.649999999999999911e+00 1.804589114650002324e-01 3.011175587638279666e-03
1.659999999999999920e+00 1.849813982250003430e-01 3.127000237115696440e-03
1.669999999999999929e+00 1.885985463149997543e-01 3.315919916918329963e-03
1.679999999999999938e+00 1.921040637399998308e-01 3.456083010279057972e-03
1.689999999999999947e+00 1.964686844500000140e-01 3.575719406998085614e-03
1.699999999999999956e+00 1.990417271399998744e-01 3.573470184164779379e-03
1.709999999999999964e+00 2.038395178099997873e-01 3.717744978431275493e-03
1.719999999999999973e+00 2.095892898100000790e-01 3.877143850629084527e-03
1.729999999999999982e+00 2.132378035649999948e-01 4.041976657451053744e-03
1.739999999999999991e+00 2.156362917000000101e-01 4.239676021332395434e-03
1.750000000000000000e+00 2.229831245700001907e-01 4.296662482625089770e-03
1.760000000000000009e+00 2.268008138899997861e-01 4.547015181285979889e-03
1.770000000000000018e+00 2.316545876699999673e-01 4.746662669665384360e-03
1.780000000000000027e+00 2.359683237950003787e-01 4.722572582593954384e-03
1.790000000000000036e+00 2.404839514599998729e-01 4.823952219837948467e-03
1.800000000000000044e+00 2.464628598049999897e-01 4.881420019697632444e-03
1.810000000000000053e+00 2.510767653799997889e-01 5.053319787954776640e-03
1.820000000000000062e+00 2.569969145950001255e-01 5.263916321627900088e-03
1.830000000000000071e+00 2.609347375850001871e-01 5.301932736242207476e-03
1.840000000000000080e+00 2.668490565849999108e-01 5.395994463480793119e-03
1.850000000000000089e+00 2.719027575499997074e-01 5.556213471786126609e-03
1.860000000000000098e+00 2.766567179200000171e-01 5.724859720557269778e-03
1.870000000000000107e+00 2.818979188800001534e-01 5.960710371892502177e-03
1.879999999999999893e+00 2.877210967900001859e-01 5.954798150655097634e-03
1.889999999999999902e+00 2.928777233950001224e-01 6.126954143079071588e-03
1.899999999999999911e+00 2.984233588250005953e-01 6.193217811694970779e-03
1.909999999999999920e+00 3.043661176299997662e-01 6.337744261542878690e-03
1.919999999999999929e+00 3.095025950150001592e-01 6.378600889818271044e-03
1.929999999999999938e+00 3.163671191299996521e-01 6.501984680605057271e-03
1.939999999999999947e+00 3.212418769749998404e-01 6.594255334574761380e-03
1.949999999999999956e+00 3.258836299449995866e-01 6.731510476924806516e-03
1.959999999999999964e+00 3.345995704050000463e-01 6.776750715505014400e-03
1.969999999999999973e+00 3.373258190000005818e-01 6.825298165894474849e-03
1.979999999999999982e+00 3.453311489899997255e-01 6.925051991206173339e-03
1.989999999999999991e+00 3.510429469100002087e-01 7.025612349937699133e-03
2.000000000000000000e+00 3.567087821200000675e-01 7.280210393145184443e-03
2.009999999999999787e+00 3.628247887950000194e-01 7.269086918842265418e-03
2.020000000000000018e+00 3.676396381899999510e-01 7.303544195394692969e-03
2.029999999999999805e+00 3.743669081199996196e-01 7.483127696421142117e-03
2.040000000000000036e+00 3.807126128050002389e-01 7.379362417853096295e-03
2.049999999999999822e+00 3.864171477250000208e-01 7.550799247560351958e-03
2.060000000000000053e+00 3.935894612049999908e-01 7.597930757870488723e-03
2.069999999999999840e+00 3.986712508549998812e-01 7.462613246878978951e-03
2.080000000000000071e+00 4.054734107800005982e-01 7.623182090380604958e-03
2.089999999999999858e+00 4.119034888550003326e-01 7.637901871768692716e-03
2.100000000000000089e+00 4.171381447049997693e-01 7.661332036344775144e-03
2.109999999999999876e+00 4.230139583449997742e-01 7.655240762479892380e-03
2.120000000000000107e+00 4.270867748050003465e-01 7.833146738378300375e-03
2.129999999999999893e+00 4.352206658100001846e-01 7.675169282002384900e-03
2.140000000000000124e+00 4.389432866499995978e-01 7.768990757524432862e-03
2.149999999999999911e+00 4.453893461400000309e-01 7.678598183547544372e-03
2.160000000000000142e+00 4.517377316000003029e-01 7.776866876671621916e-03
2.169999999999999929e+00 4.590410773350006024e-01 7.706211111633281749e-03
2.180000000000000160e+00 4.635925713450001484e-01 7.668127128232879453e-03
2.189999999999999947e+00 4.706614537250005115e-01 7.699410174057925473e-03
2.200000000000000178e+00 4.764406367099999762e-01 7.694227839506571562e-03
2.209999999999999964e+00 4.803984318949999777e-01 7.655488805671945181e-03
2.220000000000000195e+00 4.861357063550003077e-01 7.608901947749617881e-03
2.229999999999999982e+00 4.915881783850002962e-01 7.628211022076313193e-03
2.240000000000000213e+00 4.982634743799996269e-01 7.547142820480366547e-03
2.250000000000000000e+00 5.021211813249998324e-01 7.674223053597149270e-03
2.259999999999999787e+00 5.067802550500002390e-01 7.600818430737397643e-03
2.270000000000000018e+00 5.131573078250001307e-01 7.529365733645893705e-03
2.279999999999999805e+00 5.181663869350006113e-01 7.533799821334598301e-03
2.290000000000000036e+00 5.231933724800004182e-01 7.567626714939619699e-03
2.299999999999999822e+00 5.289037748600001754e-01 7.414271643930712627e-03
2.310000000000000053e+00 5.344008352150002583e-01 7.330578437191312587e-03
2.319999999999999840e+00 5.377751066999987284e-01 7.335769810883896284e-03
2.330000000000000071e+00 5.446048999100001620e-01 7.218501452635617786e-03
2.339999999999999858e+00 5.494600710600000548e-01 7.236089690757870410e-03
2.350000000000000089e+00 5.544082655349998889e-01 7.134511981246313000e-03
2.359999999999999876e+00 5.603452858899999889e-01 7.019941236521937480e-03
2.370000000000000107e+00 5.644825598849995130e-01 6.925262848752089181e-03
2.379999999999999893e+00 5.688457417649999126e-01 6.963990606272192803e-03
2.390000000000000124e+00 5.714519178299997115e-01 6.978443139094718355e-03
2.399999999999999911e+00 5.773717390250001635e-01 6.790593347229590716e-03
2.410000000000000142e+00 5.827457389150005884e-01 6.637859244196644103e-03
2.419999999999999929e+00 5.878949514500002582e-01 6.651629557644277158e-03
2.430000000000000160e+00 5.920604683949999281e-01 6.519838307982288132e-03
2.439999999999999947e+00 5.958924307549999799e-01 6.488898421432407956e-03
2.450000000000000178e+00 5.998494507450011781e-01 6.470340958138694892e-03
2.459999999999999964e+00 6.030660765650005528e-01 6.490448288113124728e-03
2.470000000000000195e+00 6.079904026700008179e-01 6.422247564493779697e-03
2.479999999999999982e+00 6.128204746999987851e-01 6.347755894575790245e-03
2.490000000000000213e+00 6.150859855000003762e-01 6.389304363251050063e-03
2.500000000000000000e+00 6.199805863300005271e-01 6.293100111061911660e-03
2.509999999999999787e+00 6.242490395499999956e-01 6.204649022015927724e-03
2.520000000000000018e+00 6.274831157400009296e-01 6.084448211987482369e-03
2.529999999999999805e+00 6.301028868849996023e-01 6.166875375271521804e-03
2.540000000000000036e+00 6.345430830499995123e-01 5.876450682253410093e-03
2.549999999999999822e+00 6.384332331549987805e-01 5.756245809861371653e-03
2.560000000000000053e+00 6.415010281699997652e-01 5.749172843641032343e-03
2.569999999999999840e+00 6.433207525100003155e-01 5.894010047537581384e-03
2.580000000000000071e+00 6.480610293399999833e-01 5.580696913845832781e-03
2.589999999999999858e+00 6.517308146850008255e-01 5.479365516100074066e-03
2.600000000000000089e+00 6.552046944450007349e-01 5.428499671730419376e-03
2.609999999999999876e+00 6.580049277300006327e-01 5.538455329582878638e-03
2.620000000000000107e+00 6.626842715299998687e-01 5.353594866052950423e-03
2.629999999999999893e+00 6.647114870150002686e-01 5.375425454836792009e-03
2.640000000000000124e+00 6.677938209150009463e-01 5.282222901112859290e-03
2.649999999999999911e+00 6.712291604550004731e-01 5.280869294945778405e-03
