5.799999999999999600e-01 4.588615670450001821e-02 1.553317201450036145e-04
5.899999999999999689e-01 4.643101750899997909e-02 1.505068487028063417e-04
5.999999999999999778e-01 4.654554002900002097e-02 1.622657273143988444e-04
6.099999999999999867e-01 4.698300573899997362e-02 1.637808985750699908e-04
6.199999999999999956e-01 4.721765955250002006e-02 1.689659138616758194e-04
6.300000000000000044e-01 4.772340917299998375e-02 1.699832414133574192e-04
6.400000000000000133e-01 4.826284077899999775e-02 1.551789892155335535e-04
6.500000000000000222e-01 4.873753355449996633e-02 1.572196405220935896e-04
6.600000000000000311e-01 4.909443180499995646e-02 1.778778244153123890e-04
6.700000000000000400e-01 4.938647829200008832e-02 1.905262865184680207e-04
6.800000000000000488e-01 5.001305809549995429e-02 1.816308039267245148e-04
6.899999999999999467e-01 5.036743159700003691e-02 1.939431833262200049e-04
6.999999999999999556e-01 5.101569974000001034e-02 1.926138797074364610e-04
7.099999999999999645e-01 5.135665381349995701e-02 2.010302195041175645e-04
7.199999999999999734e-01 5.193112174950002130e-02 1.954853759566268221e-04
7.299999999999999822e-01 5.251430432250001057e-02 1.943787505670433466e-04
7.399999999999999911e-01 5.273439556900000325e-02 2.017474059533651937e-04
7.500000000000000000e-01 5.319013824499999737e-02 2.016502502471834580e-04
7.600000000000000089e-01 5.374283870250001066e-02 2.076315991633570089e-04
7.700000000000000178e-01 5.440108022549999117e-02 2.115684746062625524e-04
7.800000000000000266e-01 5.465919909550000233e-02 2.298650846199485763e-04
7.900000000000000355e-01 5.535424202999995880e-02 2.280333486797812457e-04
8.000000000000000444e-01 5.567498302150006989e-02 2.286932118465069986e-04
8.100000000000000533e-01 5.621516897050004430e-02 2.171435237167713571e-04
8.199999999999999512e-01 5.691006785849996724e-02 2.407574565095821969e-04
8.299999999999999600e-01 5.756820423199991710e-02 2.382312381752611059e-04
8.399999999999999689e-01 5.788617449600001047e-02 2.421559566206370900e-04
8.499999999999999778e-01 5.861385402649995496e-02 2.615654693704730512e-04
8.599999999999999867e-01 5.910768759699992075e-02 2.765826174086368459e-04
8.699999999999999956e-01 5.979435577549985920e-02 2.536869285002446095e-04
8.800000000000000044e-01 6.040888289549999762e-02 2.646885896085679262e-04
8.900000000000000133e-01 6.112433451500001030e-02 2.722394517751869965e-04
9.000000000000000222e-01 6.150808628649995224e-02 2.733368381068550213e-04
9.100000000000000311e-01 6.237206257400002701e-02 2.727283119532013028e-04
9.200000000000000400e-01 6.303979820600005834e-02 2.648876808618856973e-04
9.300000000000000488e-01 6.370360124550009107e-02 2.856846680540594706e-04
9.399999999999999467e-01 6.426483991400001872e-02 2.825907811106328701e-04
9.499999999999999556e-01 6.519774839699997437e-02 2.906955837260398294e-04
9.599999999999999645e-01 6.585990540699994400e-02 3.102830618860006207e-04
9.699999999999999734e-01 6.668548772449996165e-02 2.901137982378697300e-04
9.799999999999999822e-01 6.721053653350002322e-02 3.015291848492504144e-04
9.899999999999999911e-01 6.824359000749988247e-02 3.230405514012099806e-04
1.000000000000000000e+00 6.896977299949999529e-02 3.632747048109797802e-04
1.010000000000000009e+00 6.959451638949995522e-02 3.477191464627348125e-04
1.020000000000000018e+00 7.025088726950004525e-02 3.531276583922516427e-04
1.030000000000000027e+00 7.121416305150000958e-02 3.462901213313834912e-04
1.040000000000000036e+00 7.165101049000004163e-02 3.660053945999989741e-04
1.050000000000000044e+00 7.272306693500002472e-02 3.717229673176479683e-04
1.060000000000000053e+00 7.341078206250009619e-02 3.898369509806689538e-04
1.070000000000000062e+00 7.479957423449992704e-02 3.952884670249117859e-04
1.080000000000000071e+00 7.541931934999994425e-02 4.099098162606852050e-04
1.090000000000000080e+00 7.630247392949987550e-02 4.165689387093719797e-04
1.100000000000000089e+00 7.786244455000000675e-02 4.017808501116697175e-04
1.110000000000000098e+00 7.842049150099991706e-02 4.084335867660594441e-04
1.120000000000000107e+00 7.986378591450001008e-02 4.678247026676101718e-04
1.129999999999999893e+00 8.054926231900004507e-02 4.854143978875067808e-04
1.139999999999999902e+00 8.151464547500002211e-02 4.600852323901082389e-04
1.149999999999999911e+00 8.271325246849997592e-02 5.303313316942385785e-04
1.159999999999999920e+00 8.324898207550004980e-02 5.451741277349702198e-04
1.169999999999999929e+00 8.463374656100007554e-02 5.446763985655680420e-04
1.179999999999999938e+00 8.610619229600006974e-02 5.502575309671073724e-04
1.189999999999999947e+00 8.694347957399997662e-02 5.949634895357331331e-04
1.199999999999999956e+00 8.808363095199991943e-02 5.957801413885636900e-04
1.209999999999999964e+00 8.968353395549995277e-02 6.098801034654151992e-04
1.219999999999999973e+00 9.045362219649999425e-02 6.004764534910751652e-04
1.229999999999999982e+00 9.215267636500003301e-02 6.436158804275660811e-04
1.239999999999999991e+00 9.346322362750006385e-02 6.641091751782838464e-04
1.250000000000000000e+00 9.406091548499995181e-02 6.407241175349720572e-04
1.260000000000000009e+00 9.556909806299999921e-02 7.322261106288354034e-04
1.270000000000000018e+00 9.639799605250003178e-02 7.549541931262751266e-04
1.280000000000000027e+00 9.851281788649984827e-02 7.562815790449164315e-04
1.290000000000000036e+00 9.982861185499999901e-02 8.100257948749794469e-04
1.300000000000000044e+00 1.013402073735001768e-01 8.834142553216453456e-04
1.310000000000000053e+00 1.029536609110001111e-01 8.640207122885941666e-04
1.320000000000000062e+00 1.039052492060000554e-01 8.820323164889039193e-04
1.330000000000000071e+00 1.056894598069999802e-01 9.207294278246197115e-04
1.340000000000000080e+00 1.065834954245000049e-01 9.375197618334249515e-04
1.350000000000000089e+00 1.099257029335000829e-01 1.065723110844532962e-03
1.360000000000000098e+00 1.109332080024998668e-01 1.026278173717178705e-03
1.370000000000000107e+00 1.128286691159999661e-01 1.162442701477000694e-03
1.379999999999999893e+00 1.139446069884999108e-01 1.137308581439316468e-03
1.389999999999999902e+00 1.157327842864999956e-01 1.301278978655959120e-03
1.399999999999999911e+00 1.177057116245000118e-01 1.297685068639165993e-03
1.409999999999999920e+00 1.194730354820000562e-01 1.389652202484014916e-03
1.419999999999999929e+00 1.221948382330000638e-01 1.522902618175381350e-03
1.429999999999999938e+00 1.237658695604999803e-01 1.558766921196374231e-03
1.439999999999999947e+00 1.252193284105000415e-01 1.580036439116331778e-03
1.449999999999999956e+00 1.276816746420000315e-01 1.741474535426004765e-03
1.459999999999999964e+00 1.291324254814997796e-01 1.700165527013687908e-03
1.469999999999999973e+00 1.320275205350001646e-01 1.814738364130592634e-03
1.479999999999999982e+00 1.342014030120000367e-01 1.856521332414193043e-03
1.489999999999999991e+00 1.357049416979999312e-01 1.939111891788101571e-03
1.500000000000000000e+00 1.387231391149999771e-01 2.090274346625245906e-03
1.510000000000000009e+00 1.412765848584998929e-01 2.133335595498331728e-03
1.520000000000000018e+00 1.435574406495001010e-01 2.200334536312624489e-03
1.530000000000000027e+00 1.463919718019999483e-01 2.271484695001155848e-03
1.540000000000000036e+00 1.486161975200000485e-01 2.412783149689571444e-03
1.550000000000000044e+00 1.521233188935001424e-01 2.533012480776261535e-03
1.560000000000000053e+00 1.539758898550000477e-01 2.603143099874958601e-03
1.570000000000000062e+00 1.573577308899999361e-01 2.722585389534958131e-03
1.580000000000000071e+00 1.597016214700000825e-01 2.697306200823001467e-03
1.590000000000000080e+00 1.617530267499999175e-01 2.838722550718642684e-03
1.600000000000000089e+00 1.656523862450001994e-01 2.864074735568608934e-03
1.610000000000000098e+00 1.679652877349999407e-01 2.993547434847442391e-03
1.620000000000000107e+00 1.721696502499999171e-01 3.139232807142262795e-03
1.629999999999999893e+00 1.748934382150000855e-01 3.231570290384108268e-03
1.639999999999999902e+00 1.780343078850002425e-01 3.387042638695282690e-03
1.649999999999999911e+00 1.807724081400000904e-01 3.464173567730780001e-03
1.659999999999999920e+00 1.847864113999999613e-01 3.593074500402842347e-03
1.669999999999999929e+00 1.877288798349997512e-01 3.711339066849385533e-03
1.679999999999999938e+00 1.905501543850001145e-01 3.681596640605659318e-03
1.689999999999999947e+00 1.964201060750001004e-01 3.829735400917933744e-03
1.699999999999999956e+00 1.990205441399999775e-01 4.020768194000517992e-03
1.709999999999999964e+00 2.018298591250003993e-01 4.072154987739570395e-03
1.719999999999999973e+00 2.074877380049998388e-01 4.158390553963352276e-03
1.729999999999999982e+00 2.100212544650001401e-01 4.276253450119186540e-03
1.739999999999999991e+00 2.129938755149999030e-01 4.373086597594700274e-03
1.750000000000000000e+00 2.174499748699999235e-01 4.579611507809749904e-03
1.760000000000000009e+00 2.226709122000000984e-01 4.789997688480426147e-03
1.770000000000000018e+00 2.270077080399999225e-01 4.882539429232852363e-03
1.780000000000000027e+00 2.315197257299995703e-01 5.015500448327228633e-03
1.790000000000000036e+00 2.362711306349999929e-01 5.132639037810025548e-03
1.800000000000000044e+00 2.399357498050002646e-01 5.246450015620685026e-03
1.810000000000000053e+00 2.446091241750000811e-01 5.307200304918543304e-03
1.820000000000000062e+00 2.520126964550000181e-01 5.550679988745541374e-03
1.830000000000000071e+00 2.547040724099999820e-01 5.683055044617671761e-03
1.840000000000000080e+00 2.598010892099999469e-01 5.780667494829538205e-03
1.850000000000000089e+00 2.654856332700002985e-01 5.944349550016834842e-03
1.860000000000000098e+00 2.714684285100000261e-01 6.194645325617865496e-03
1.870000000000000107e+00 2.759754207550000338e-01 6.210271583115596454e-03
1.879999999999999893e+00 2.804095002850003349e-01 6.283170964860613529e-03
1.889999999999999902e+00 2.864204842049998256e-01 6.466821103023981041e-03
1.899999999999999911e+00 2.914535482999998095e-01 6.462251016399417000e-03
1.909999999999999920e+00 2.971529212450007007e-01 6.578193587536385403e-03
1.919999999999999929e+00 3.028696142749998099e-01 6.814864109980651660e-03
1.929999999999999938e+00 3.101435765249998533e-01 6.832955628267875156e-03
1.939999999999999947e+00 3.138056272650006640e-01 6.859020836226849445e-03
1.949999999999999956e+00 3.215978755900002484e-01 7.025113006188388708e-03
1.959999999999999964e+00 3.258419166400000067e-01 7.138438361136068520e-03
1.969999999999999973e+00 3.314258538350002281e-01 7.241537446907807783e-03
1.979999999999999982e+00 3.377080981600000253e-01 7.291137567168264229e-03
1.989999999999999991e+00 3.431264803199998159e-01 7.498374623678864120e-03
2.000000000000000000e+00 3.499053082049999319e-01 7.520071123869312077e-03
2.009999999999999787e+00 3.553917126650004144e-01 7.499809320974792394e-03
2.020000000000000018e+00 3.604525631099999017e-01 7.579143761106966505e-03
2.029999999999999805e+00 3.659769991100002007e-01 7.637595213834814066e-03
2.040000000000000036e+00 3.719957064099998489e-01 7.717453177086869461e-03
2.049999999999999822e+00 3.779671897699997674e-01 7.692095959968837417e-03
2.060000000000000053e+00 3.832054868899996136e-01 7.837280987354615022e-03
2.069999999999999840e+00 3.896349928999996437e-01 7.758997985749082303e-03
2.080000000000000071e+00 3.960053228500003408e-01 7.824962205643902491e-03
2.089999999999999858e+00 4.027875246850000091e-01 7.820608667259159111e-03
2.100000000000000089e+00 4.078092104800000728e-01 7.905755767721119737e-03
2.109999999999999876e+00 4.145721835750005857e-01 7.888864429458993313e-03
2.120000000000000107e+00 4.213460356449996724e-01 7.885139168704423038e-03
2.129999999999999893e+00 4.264108603749997006e-01 7.878305704692291009e-03
2.140000000000000124e+00 4.320784270850003272e-01 7.767178076489995343e-03
2.149999999999999911e+00 4.384633961849994654e-01 7.841478025522008802e-03
2.160000000000000142e+00 4.439388162349996447e-01 7.927061043597801587e-03
2.169999999999999929e+00 4.498034845500006873e-01 7.909277371454982372e-03
2.180000000000000160e+00 4.547893800799999164e-01 7.843345010424603719e-03
2.189999999999999947e+00 4.617886227600009330e-01 7.834172543115962284e-03
2.200000000000000178e+00 4.664552158599999387e-01 7.830417611489422572e-03
2.209999999999999964e+00 4.713122169899996994e-01 7.863157438766440674e-03
2.220000000000000195e+00 4.773516900450001099e-01 7.632753348635458977e-03
2.229999999999999982e+00 4.824766047750006503e-01 7.648908765706509752e-03
2.240000000000000213e+00 4.880258370699998016e-01 7.583654126108462651e-03
2.250000000000000000e+00 4.935851077600002523e-01 7.586698761734703318e-03
2.259999999999999787e+00 4.993750116850002585e-01 7.527021817134060128e-03
2.270000000000000018e+00 5.034552720849999607e-01 7.602047498309716204e-03
2.279999999999999805e+00 5.110641079149997879e-01 7.398727590684267032e-03
2.290000000000000036e+00 5.137971483700000119e-01 7.408277482450064712e-03
2.299999999999999822e+00 5.190151852400003429e-01 7.341893609077924758e-03
2.310000000000000053e+00 5.243626393750001613e-01 7.263841976460413442e-03
2.319999999999999840e+00 5.313851877850001015e-01 7.117132987726105739e-03
2.330000000000000071e+00 5.346612992999992819e-01 7.094181229648930699e-03
2.339999999999999858e+00 5.406221814600001840e-01 6.902579838116766793e-03
2.350000000000000089e+00 5.455445505400003947e-01 6.976761858769595960e-03
2.359999999999999876e+00 5.516718743549996473e-01 6.940063872310744258e-03
2.370000000000000107e+00 5.581618973149997665e-01 6.806551809809849481e-03
2.379999999999999893e+00 5.614925129150009075e-01 6.860377338699683719e-03
2.390000000000000124e+00 5.679211871599999517e-01 6.808444795207011652e-03
2.399999999999999911e+00 5.709472602849998690e-01 6.694367998245929173e-03
2.410000000000000142e+00 5.772580573050001274e-01 6.544385248691538502e-03
2.419999999999999929e+00 5.800404816449995504e-01 6.623706486015622751e-03
2.430000000000000160e+00 5.846524418300003134e-01 6.560101596064502050e-03
2.439999999999999947e+00 5.900499202099992457e-01 6.411410570902939705e-03
2.450000000000000178e+00 5.940882892199997878e-01 6.331702424871695802e-03
2.459999999999999964e+00 5.975248407049997823e-01 6.270392250229194636e-03
2.470000000000000195e+00 5.996488547000007330e-01 6.269704941905256124e-03
2.479999999999999982e+00 6.048566640549999374e-01 6.160845642525996681e-03
2.490000000000000213e+00 6.087282853050000053e-01 6.096775129612046380e-03
2.500000000000000000e+00 6.140916312999995519e-01 5.967529569677527436e-03
2.509999999999999787e+00 6.177526202300007707e-01 6.135297874149747005e-03
2.520000000000000018e+00 6.215569072050002308e-01 5.776025227338999792e-03
2.529999999999999805e+00 6.240191006299994347e-01 5.942884812281033942e-03
2.540000000000000036e+00 6.302614265800000615e-01 5.691968956982659290e-03
2.549999999999999822e+00 6.313162248349999395e-01 5.833598938211900266e-03
2.560000000000000053e+00 6.362726032849999047e-01 5.640573974714221950e-03
2.569999999999999840e+00 6.395710482150004372e-01 5.571550770153401756e-03
2.580000000000000071e+00 6.445953132699997479e-01 5.511792272785006122e-03
2.589999999999999858e+00 6.479837530350005537e-01 5.454301247857875658e-03
2.600000000000000089e+00 6.495250691250000763e-01 5.432663143917711851e-03
2.609999999999999876e+00 6.537105921049989332e-01 5.354286686739867865e-03
2.620000000000000107e+00 6.559297239900003795e-01 5.161886188129472149e-03
2.629999999999999893e+00 6.586366725099993547e-01 5.258730876948332182e-03
2.640000000000000124e+00 6.629969909849997567e-01 5.118761718710530643e-03
2.649999999999999911e+00 6.657166467350000838e-01 5.111003697127019553e-03
