9.000000000000000222e-01 4.383240641200004950e-02 1.787004387994558705e-04
9.100000000000000311e-01 4.435745836250000462e-02 1.955752591785235833e-04
9.200000000000000400e-01 4.476030824749996362e-02 1.834496966027311172e-04
9.300000000000000488e-01 4.517930179750005021e-02 1.929405854416865089e-04
9.399999999999999467e-01 4.577025289650003825e-02 1.755020517189109341e-04
9.499999999999999556e-01 4.623158916249994754e-02 1.735860363963228465e-04
9.599999999999999645e-01 4.689542860199995278e-02 1.856475304967739710e-04
9.699999999999999734e-01 4.739218123049994402e-02 2.105060602041043227e-04
9.799999999999999822e-01 4.795862820250003378e-02 2.010982395444610405e-04
9.899999999999999911e-01 4.832428016699996665e-02 2.060035541502353148e-04
1.000000000000000000e+00 4.883507834299998657e-02 2.031235432015820357e-04
1.010000000000000009e+00 4.944855892199998687e-02 1.991120659044319367e-04
1.020000000000000018e+00 5.014347036149999215e-02 2.153258665470971151e-04
1.030000000000000027e+00 5.064372442699999199e-02 2.296255367765358561e-04
1.040000000000000036e+00 5.128377479449999082e-02 2.354858536773707497e-04
1.050000000000000044e+00 5.200582802300000862e-02 2.364171450817488843e-04
1.060000000000000053e+00 5.221634059150007806e-02 2.424147887001266250e-04
1.070000000000000062e+00 5.293779251800000835e-02 2.345427386065987527e-04
1.080000000000000071e+00 5.367696702750006377e-02 2.510144600423123832e-04
1.090000000000000080e+00 5.462685808050005143e-02 2.667961940518590795e-04
1.100000000000000089e+00 5.499502423749999536e-02 2.622020246197248865e-04
1.110000000000000098e+00 5.591198256400002620e-02 2.683348777324959071e-04
1.120000000000000107e+00 5.647726126599993124e-02 2.813482218438569278e-04
1.129999999999999893e+00 5.743959069199994910e-02 2.866315681673498928e-04
1.139999999999999902e+00 5.811164287099999937e-02 3.026940516044865251e-04
1.149999999999999911e+00 5.885973025149998650e-02 3.035375093087600874e-04
1.159999999999999920e+00 5.941449218050004477e-02 2.807718374512179903e-04
1.169999999999999929e+00 6.043333266550000166e-02 3.271382360038308824e-04
1.179999999999999938e+00 6.122856104500000451e-02 3.846028962719542791e-04
1.189999999999999947e+00 6.216404471250008140e-02 3.553507980964976803e-04
1.199999999999999956e+00 6.289617242949994969e-02 3.801163513059377949e-04
1.209999999999999964e+00 6.390123195550005686e-02 4.043358805743338521e-04
1.219999999999999973e+00 6.466194502850000636e-02 3.794445125618624141e-04
1.229999999999999982e+00 6.564754338900000152e-02 3.869897770326116660e-04
1.239999999999999991e+00 6.653765529699996739e-02 4.251030178558389038e-04
1.250000000000000000e+00 6.737663053149992032e-02 4.223603729700626998e-04
1.260000000000000009e+00 6.852574880900004495e-02 4.623965041121228230e-04
1.270000000000000018e+00 6.916290469150004894e-02 4.323231693632331014e-04
1.280000000000000027e+00 7.026820250599989659e-02 4.449895014961808637e-04
1.290000000000000036e+00 7.150440409999993252e-02 4.955101299217147754e-04
1.300000000000000044e+00 7.277492062050007482e-02 5.278020633320314181e-04
1.310000000000000053e+00 7.299791408100010648e-02 5.162293233368151065e-04
1.320000000000000062e+00 7.486968327450004013e-02 5.663251073005434602e-04
1.330000000000000071e+00 7.623765703399995597e-02 6.117901799646781108e-04
1.340000000000000080e+00 7.701427448250000585e-02 5.933053082497715455e-04
1.350000000000000089e+00 7.845175695700008778e-02 6.174181330573185302e-04
1.360000000000000098e+00 7.889207905799996978e-02 6.269459690607120548e-04
1.370000000000000107e+00 8.018898970200001586e-02 6.262091048671017315e-04
1.379999999999999893e+00 8.200593741650015478e-02 7.056825526080836523e-04
1.389999999999999902e+00 8.278850563749994007e-02 6.637928438433870560e-04
1.399999999999999911e+00 8.399806130949984129e-02 7.145254821347481753e-04
1.409999999999999920e+00 8.569245261199998076e-02 7.345821213209148028e-04
1.419999999999999929e+00 8.691340927900013946e-02 7.638523465912430959e-04
1.429999999999999938e+00 8.842161522850004729e-02 8.381683214623584979e-04
1.439999999999999947e+00 8.974340500800011278e-02 8.105947060952682854e-04
1.449999999999999956e+00 9.163663128950000347e-02 8.679902983354086934e-04
1.459999999999999964e+00 9.300994630599997148e-02 1.014240859248159406e-03
1.469999999999999973e+00 9.489378149049998434e-02 9.618719000470404715e-04
1.479999999999999982e+00 9.620986645749995958e-02 1.047108312899656208e-03
1.489999999999999991e+00 9.794457153349997447e-02 1.077668725360236227e-03
1.500000000000000000e+00 9.955000313650003152e-02 1.150021248739067740e-03
1.510000000000000009e+00 1.028327679600000988e-01 1.257263232892114014e-03
1.520000000000000018e+00 1.037819997965000601e-01 1.275787034096586463e-03
1.530000000000000027e+00 1.060763996190001029e-01 1.290065383929208049e-03
1.540000000000000036e+00 1.078276184479999983e-01 1.412978920112707443e-03
1.550000000000000044e+00 1.092161285949998506e-01 1.454299519931527996e-03
1.560000000000000053e+00 1.125532355354998681e-01 1.509389599407583117e-03
1.570000000000000062e+00 1.143197626160001312e-01 1.530252304853953887e-03
1.580000000000000071e+00 1.166692269889999523e-01 1.644630457973589180e-03
1.590000000000000080e+00 1.186878064839999442e-01 1.690281354920027471e-03
1.600000000000000089e+00 1.212358574499999425e-01 1.832693613881544378e-03
1.610000000000000098e+00 1.235165803745000429e-01 1.882511930951145506e-03
1.620000000000000107e+00 1.259347243040000730e-01 2.001161405825652162e-03
1.629999999999999893e+00 1.292707287354999124e-01 2.087177605565498310e-03
1.639999999999999902e+00 1.310821014495000270e-01 2.126266815001782128e-03
1.649999999999999911e+00 1.341867671915001614e-01 2.152730402208247445e-03
1.659999999999999920e+00 1.389458919834999362e-01 2.363387092195494074e-03
1.669999999999999929e+00 1.405885023415000268e-01 2.367239262129830143e-03
1.679999999999999938e+00 1.433051241204999215e-01 2.443614105222743048e-03
1.689999999999999947e+00 1.471954369485001801e-01 2.542411092801583755e-03
1.699999999999999956e+00 1.504830339820000529e-01 2.686004476692138102e-03
1.709999999999999964e+00 1.539780501169999982e-01 2.885184968471605702e-03
1.719999999999999973e+00 1.586355329649998813e-01 2.959917482512256989e-03
1.729999999999999982e+00 1.604667691139998742e-01 3.148674469107025104e-03
1.739999999999999991e+00 1.649346339169999454e-01 3.193016382514121416e-03
1.750000000000000000e+00 1.694674585500000330e-01 3.342120403360777578e-03
1.760000000000000009e+00 1.735339499840001243e-01 3.453753079114294921e-03
1.770000000000000018e+00 1.780942453200002884e-01 3.593659025861631329e-03
1.780000000000000027e+00 1.807837342565004335e-01 3.845072849234923429e-03
1.790000000000000036e+00 1.861341480819997674e-01 3.997002152405931992e-03
1.800000000000000044e+00 1.917578237099999416e-01 4.245076798906524673e-03
1.810000000000000053e+00 1.961111084050000952e-01 4.213755623673742443e-03
1.820000000000000062e+00 2.014854118399998784e-01 4.498394131462616144e-03
1.830000000000000071e+00 2.064587301650000206e-01 4.719042578904163870e-03
1.840000000000000080e+00 2.125641483650002050e-01 4.847902622871300832e-03
1.850000000000000089e+00 2.173635940300002733e-01 4.725220113942932808e-03
1.860000000000000098e+00 2.221369093600000788e-01 5.010267544738209074e-03
1.870000000000000107e+00 2.281998667599997865e-01 5.110618243163979335e-03
1.879999999999999893e+00 2.358264825349997706e-01 5.313291744312290989e-03
1.889999999999999902e+00 2.385895413050001523e-01 5.472764902953292619e-03
1.899999999999999911e+00 2.451503760299998114e-01 5.527073418057785840e-03
1.909999999999999920e+00 2.514665353849996343e-01 5.758567722150925890e-03
1.919999999999999929e+00 2.587530375199998955e-01 5.908466704372613426e-03
1.929999999999999938e+00 2.663385247950000312e-01 5.931697789434727322e-03
1.939999999999999947e+00 2.708795788000001870e-01 6.008951746241453402e-03
1.949999999999999956e+00 2.786806529550002187e-01 6.137683559221588855e-03
1.959999999999999964e+00 2.857045345999999486e-01 6.178542900692148877e-03
1.969999999999999973e+00 2.910280187700004517e-01 6.379875996820913268e-03
1.979999999999999982e+00 2.969183302050001361e-01 6.463900068476901954e-03
1.989999999999999991e+00 3.054669907200003864e-01 6.508638857965293179e-03
2.000000000000000000e+00 3.135851407849994943e-01 6.560822186932251804e-03
2.009999999999999787e+00 3.194166929400001353e-01 6.654483753631054363e-03
2.020000000000000018e+00 3.271920771199999800e-01 6.685702201844209713e-03
2.029999999999999805e+00 3.339403512400000995e-01 6.802811749460188108e-03
2.040000000000000036e+00 3.403411034399997370e-01 6.761670772631917653e-03
2.049999999999999822e+00 3.462743791449999775e-01 6.732119808808304136e-03
2.060000000000000053e+00 3.555444857200003583e-01 6.789511496298094445e-03
2.069999999999999840e+00 3.607592362050003887e-01 6.904693982375221042e-03
2.080000000000000071e+00 3.676937658499999650e-01 6.938881785212343972e-03
2.089999999999999858e+00 3.755175585699997431e-01 6.910837481967398686e-03
2.100000000000000089e+00 3.819786687649995294e-01 6.906547531191700728e-03
2.109999999999999876e+00 3.875825766850005683e-01 6.931759921133625116e-03
2.120000000000000107e+00 3.943365837849999167e-01 6.951580470220061411e-03
2.129999999999999893e+00 3.994393182649997320e-01 6.836673390247802531e-03
2.140000000000000124e+00 4.087026560249995555e-01 6.749676277752127314e-03
2.149999999999999911e+00 4.143275178999998309e-01 6.900825163133307398e-03
2.160000000000000142e+00 4.227878914249996178e-01 6.755855611416846686e-03
2.169999999999999929e+00 4.286153980949993780e-01 6.864763560716389407e-03
2.180000000000000160e+00 4.352525160199999243e-01 6.715944220997798787e-03
2.189999999999999947e+00 4.418835217250001723e-01 6.701036149929586599e-03
2.200000000000000178e+00 4.489587611199998829e-01 6.469471876843192748e-03
2.209999999999999964e+00 4.539490046050001504e-01 6.552137065887780887e-03
2.220000000000000195e+00 4.606974694699998985e-01 6.471119131199021268e-03
2.229999999999999982e+00 4.675648753150002945e-01 6.523655718510990020e-03
2.240000000000000213e+00 4.744522779100003862e-01 6.457021496837396166e-03
2.250000000000000000e+00 4.808305628499998097e-01 6.267212465791793460e-03
2.259999999999999787e+00 4.865734889699996346e-01 6.311380245771268035e-03
2.270000000000000018e+00 4.928947822900003328e-01 6.127716893635007205e-03
2.279999999999999805e+00 4.989120949899997215e-01 6.104630123918184520e-03
2.290000000000000036e+00 5.050599139699999407e-01 5.997423093677658502e-03
2.299999999999999822e+00 5.115986146399997825e-01 5.880656160196373258e-03
2.310000000000000053e+00 5.149253465900006654e-01 5.995194712459986537e-03
2.319999999999999840e+00 5.223648383100000236e-01 5.824391925613167653e-03
2.330000000000000071e+00 5.285020281499994699e-01 5.642367796214206241e-03
2.339999999999999858e+00 5.342982274500002182e-01 5.567596521012197104e-03
2.350000000000000089e+00 5.391403660749999327e-01 5.381232582562334860e-03
2.359999999999999876e+00 5.441230306799997862e-01 5.493585134466675256e-03
2.370000000000000107e+00 5.504742980150000298e-01 5.326157239734720557e-03
2.379999999999999893e+00 5.543725033799999924e-01 5.312636199624668279e-03
2.390000000000000124e+00 5.596279605550003033e-01 5.277838289214843021e-03
2.399999999999999911e+00 5.653762065049999785e-01 5.083261185233521606e-03
2.410000000000000142e+00 5.692159912400004407e-01 5.160748221295414877e-03
2.419999999999999929e+00 5.738400267899997909e-01 4.958764617540873526e-03
2.430000000000000160e+00 5.785643337600003822e-01 4.905153164825921779e-03
2.439999999999999947e+00 5.823725540350004337e-01 4.822846140883261211e-03
2.450000000000000178e+00 5.861601050849991612e-01 4.910451785492166675e-03
2.459999999999999964e+00 5.905250726849985421e-01 4.891391849381462008e-03
2.470000000000000195e+00 5.950185225550012058e-01 4.647226129126674592e-03
2.479999999999999982e+00 5.993636579799999087e-01 4.591640968250964780e-03
2.490000000000000213e+00 6.021411938749999804e-01 4.610824187356473564e-03
