1.530000000000000027e+00 5.362711460550002168e-02 3.608782017403380001e-04
1.540000000000000036e+00 5.433313054200000075e-02 3.724226540631355950e-04
1.550000000000000044e+00 5.459242821550001207e-02 3.495481513051223836e-04
1.560000000000000053e+00 5.577041192949993426e-02 3.920207768939054128e-04
1.570000000000000062e+00 5.641865031799998820e-02 4.001496441987022288e-04
1.580000000000000071e+00 5.671357274199995135e-02 3.997285837470889347e-04
1.590000000000000080e+00 5.749786281600002824e-02 4.082264111984343835e-04
1.600000000000000089e+00 5.806866818850010825e-02 4.184248387322712752e-04
1.610000000000000098e+00 5.875800386849999724e-02 4.309151926967886778e-04
1.620000000000000107e+00 5.975877824599991339e-02 4.342320151767966132e-04
1.629999999999999893e+00 6.041367339699999645e-02 4.955518627333987177e-04
1.639999999999999902e+00 6.103421459249998293e-02 4.777675690143977014e-04
1.649999999999999911e+00 6.190859138999999650e-02 4.585706620652683268e-04
1.659999999999999920e+00 6.281974026600004035e-02 4.885758376504588602e-04
1.669999999999999929e+00 6.346611554649995990e-02 5.484911711571216963e-04
1.679999999999999938e+00 6.391467386699999087e-02 5.393118972034789379e-04
1.689999999999999947e+00 6.459106276200007879e-02 5.560241610418674646e-04
1.699999999999999956e+00 6.590304700500003443e-02 5.733986892038376920e-04
1.709999999999999964e+00 6.635873318699997414e-02 5.405549794386278056e-04
1.719999999999999973e+00 6.786062484000002226e-02 6.094708195174509480e-04
1.729999999999999982e+00 6.854118219950007529e-02 6.345850657769367504e-04
1.739999999999999991e+00 6.915668111600002665e-02 5.958626025669791233e-04
1.750000000000000000e+00 7.067883278900000121e-02 6.483696794521873153e-04
1.760000000000000009e+00 7.141403024350000128e-02 6.584589760570543028e-04
1.770000000000000018e+00 7.220954706299993753e-02 6.759487173447996638e-04
1.780000000000000027e+00 7.400550616149988159e-02 6.962341245559444452e-04
1.790000000000000036e+00 7.422133060249995473e-02 7.459078980063546874e-04
1.800000000000000044e+00 7.603489713500005687e-02 8.124717981281647352e-04
1.810000000000000053e+00 7.693679822750004726e-02 7.720508368154467256e-04
1.820000000000000062e+00 7.763365881549998126e-02 7.812417838523748369e-04
1.830000000000000071e+00 7.949723394499984275e-02 8.465658238894996704e-04
1.840000000000000080e+00 8.117032243400000568e-02 9.604921949726244901e-04
1.850000000000000089e+00 8.163950709650008575e-02 9.347732354941906251e-04
1.860000000000000098e+00 8.282561741999998339e-02 9.306850487380276087e-04
1.870000000000000107e+00 8.408276470300009298e-02 9.364910639849264229e-04
1.879999999999999893e+00 8.597909414449997345e-02 1.111069891540848644e-03
1.889999999999999902e+00 8.661462837500001621e-02 1.148982510051209383e-03
1.899999999999999911e+00 8.874362687699999253e-02 1.186295621310787078e-03
1.909999999999999920e+00 8.953089007900004448e-02 1.220061832629134625e-03
1.919999999999999929e+00 9.114784728600004715e-02 1.316406502459792740e-03
1.929999999999999938e+00 9.259590089950012204e-02 1.380406999732627232e-03
1.939999999999999947e+00 9.502297009649995907e-02 1.415660254655085873e-03
1.949999999999999956e+00 9.596218172150008940e-02 1.417240571820657614e-03
1.959999999999999964e+00 9.827439607949998990e-02 1.504013697866814908e-03
1.969999999999999973e+00 9.959134279049988714e-02 1.579018328923425998e-03
1.979999999999999982e+00 1.023050309474998892e-01 1.751439439863229858e-03
1.989999999999999991e+00 1.033478907830000931e-01 1.737138671225545248e-03
2.000000000000000000e+00 1.063897876865002312e-01 1.889263180199840042e-03
2.009999999999999787e+00 1.078322358149998994e-01 1.970671709020741218e-03
2.020000000000000018e+00 1.094098371370001016e-01 2.004061852062548679e-03
2.029999999999999805e+00 1.115978985189999689e-01 2.005404833895330086e-03
2.040000000000000036e+00 1.143530930415000424e-01 2.164303229701999409e-03
2.049999999999999822e+00 1.164008551790000762e-01 2.177173333589477351e-03
2.060000000000000053e+00 1.190566022670001001e-01 2.318048682558725322e-03
2.069999999999999840e+00 1.208104071124999762e-01 2.317912070686221730e-03
2.080000000000000071e+00 1.237200286970000229e-01 2.525741578320968121e-03
2.089999999999999858e+00 1.267086651755001125e-01 2.576545209328425217e-03
2.100000000000000089e+00 1.300716747689999730e-01 2.657155786779877814e-03
2.109999999999999876e+00 1.328985910900000456e-01 2.848293234795244450e-03
2.120000000000000107e+00 1.351978746705000956e-01 2.849688208907557013e-03
2.129999999999999893e+00 1.368674158255001050e-01 2.951892081209220135e-03
2.140000000000000124e+00 1.417206796944998348e-01 3.063235965809387416e-03
2.149999999999999911e+00 1.435016728875001535e-01 3.225829625445801423e-03
2.160000000000000142e+00 1.474286524104999885e-01 3.294375289865897772e-03
2.169999999999999929e+00 1.503816895825001165e-01 3.365848263899377888e-03
2.180000000000000160e+00 1.559408884770003278e-01 3.588269642492320464e-03
2.189999999999999947e+00 1.586310282095002300e-01 3.565016993808098160e-03
2.200000000000000178e+00 1.617329535889998060e-01 3.572285003051302830e-03
2.209999999999999964e+00 1.664852637310001437e-01 3.911161850071188592e-03
2.220000000000000195e+00 1.715904105280001146e-01 4.024922949290190947e-03
2.229999999999999982e+00 1.742230602294999042e-01 4.072320386493509872e-03
2.240000000000000213e+00 1.793115839245001120e-01 4.241558177108729032e-03
2.250000000000000000e+00 1.848717294189997362e-01 4.362015598762151308e-03
2.259999999999999787e+00 1.887822345284999870e-01 4.528970551678709010e-03
2.270000000000000018e+00 1.944346225680002871e-01 4.576436483926736055e-03
2.279999999999999805e+00 1.990921548360000959e-01 4.761564918515865177e-03
2.290000000000000036e+00 2.057813506590000507e-01 4.925756201519740883e-03
2.299999999999999822e+00 2.094518287390000344e-01 4.930462313626999410e-03
2.310000000000000053e+00 2.150912042424999449e-01 5.122040613564074127e-03
2.319999999999999840e+00 2.202144310550002426e-01 5.141298880963182487e-03
2.330000000000000071e+00 2.253666614499997556e-01 5.411687436980200383e-03
2.339999999999999858e+00 2.310502835949999612e-01 5.329357081422430274e-03
2.350000000000000089e+00 2.381757847150001439e-01 5.457450331520850677e-03
2.359999999999999876e+00 2.416953631400001190e-01 5.599456626719873098e-03
2.370000000000000107e+00 2.491471626099998338e-01 5.652660864634887448e-03
2.379999999999999893e+00 2.538409995499999461e-01 5.752440034443491619e-03
2.390000000000000124e+00 2.619160172499999661e-01 5.774141120549598077e-03
2.399999999999999911e+00 2.651551061150000943e-01 5.957637506332805546e-03
2.410000000000000142e+00 2.739493533049998097e-01 5.887268520471079618e-03
2.419999999999999929e+00 2.808390920450002937e-01 5.971458961681015871e-03
2.430000000000000160e+00 2.866216257249998844e-01 6.016352243590180129e-03
2.439999999999999947e+00 2.930727432149999867e-01 6.129977172516961649e-03
2.450000000000000178e+00 2.990409062550002384e-01 6.086577044114944469e-03
2.459999999999999964e+00 3.049600921650000851e-01 6.178379518574351331e-03
2.470000000000000195e+00 3.119995093450000367e-01 6.241133420563934643e-03
2.479999999999999982e+00 3.174596171350003160e-01 6.261376566105193026e-03
2.490000000000000213e+00 3.249254578950002137e-01 6.358037873229682550e-03
2.500000000000000000e+00 3.307063063399997005e-01 6.322018702763552642e-03
2.509999999999999787e+00 3.401822456949996631e-01 6.224077421023167453e-03
2.520000000000000018e+00 3.452260030850008432e-01 6.307209958638444920e-03
2.529999999999999805e+00 3.551540682000000615e-01 6.268204761619666950e-03
2.540000000000000036e+00 3.604647346599993973e-01 6.199301202095209434e-03
2.549999999999999822e+00 3.678555776250005405e-01 6.162782045282631273e-03
2.560000000000000053e+00 3.733642131250001217e-01 6.243641591812395392e-03
2.569999999999999840e+00 3.797806966200003576e-01 6.215849974289960195e-03
2.580000000000000071e+00 3.889284817049999399e-01 6.010274634321619014e-03
2.589999999999999858e+00 3.927330705499998409e-01 6.090841184911974238e-03
2.600000000000000089e+00 3.994723266299999853e-01 5.969500001346941635e-03
2.609999999999999876e+00 4.065362265700001587e-01 5.857918134615294758e-03
2.620000000000000107e+00 4.122589973200000979e-01 5.884289115657255487e-03
2.629999999999999893e+00 4.190685836699997169e-01 5.660508367357939934e-03
2.640000000000000124e+00 4.242875347500000283e-01 5.743124835602059393e-03
2.649999999999999911e+00 4.298253378049999296e-01 5.698196377788118487e-03
2.660000000000000142e+00 4.359149162999995109e-01 5.688257101160553407e-03
2.669999999999999929e+00 4.414366652250003575e-01 5.430542081467257427e-03
2.680000000000000160e+00 4.482552211950003862e-01 5.410016110133731258e-03
2.689999999999999947e+00 4.537901136199994911e-01 5.429843364960047596e-03
2.700000000000000178e+00 4.594976154249997280e-01 5.164323696958867532e-03
2.709999999999999964e+00 4.643056929749998507e-01 5.170408883086773447e-03
2.720000000000000195e+00 4.704502288799997101e-01 5.045027551826292665e-03
2.729999999999999982e+00 4.753738488400002238e-01 4.964297379770812348e-03
