3.699999999999999956e-01 1.109658927389999550e-01 7.442160404087909149e-04
3.800000000000000044e-01 1.115036440249998761e-01 7.589738892949856588e-04
3.900000000000000133e-01 1.118826330979999506e-01 7.533156940033292580e-04
4.000000000000000222e-01 1.130975892120001935e-01 7.425036684346645417e-04
4.099999999999999756e-01 1.137805087419998529e-01 7.817583030174141308e-04
4.199999999999999845e-01 1.146665690389999659e-01 7.984935547868527968e-04
4.299999999999999933e-01 1.153841446459999143e-01 8.483715640217843546e-04
4.400000000000000022e-01 1.165524043660001036e-01 8.576877602670442960e-04
4.500000000000000111e-01 1.172665928659999690e-01 8.814660532543394352e-04
4.600000000000000200e-01 1.181121766000000212e-01 8.276630531196501380e-04
4.699999999999999734e-01 1.193678362059999581e-01 9.204489866318067790e-04
4.799999999999999822e-01 1.196034480400000183e-01 9.290461897914234577e-04
4.899999999999999911e-01 1.201429670899999969e-01 8.888204152006383202e-04
5.000000000000000000e-01 1.216501310999999474e-01 9.512742812668637492e-04
5.100000000000000089e-01 1.222341744799998187e-01 9.731204946378073373e-04
5.200000000000000178e-01 1.235150563400000678e-01 9.882747017347986648e-04
5.300000000000000266e-01 1.244193455700000617e-01 9.765471509158559025e-04
5.400000000000000355e-01 1.247455566099999053e-01 9.946842926442591055e-04
5.500000000000000444e-01 1.268175357600000996e-01 1.042412181436031720e-03
5.600000000000000533e-01 1.276571117400001065e-01 1.054283318964389666e-03
5.699999999999999512e-01 1.292415872600000681e-01 1.074382018305540271e-03
5.799999999999999600e-01 1.299987472499999075e-01 1.142801988850534155e-03
5.899999999999999689e-01 1.310251177499999198e-01 1.146591491090454950e-03
5.999999999999999778e-01 1.323440462800000161e-01 1.162471579867465667e-03
6.099999999999999867e-01 1.329357975999999886e-01 1.159416264891534841e-03
6.199999999999999956e-01 1.345697038200001361e-01 1.216176913912611407e-03
6.300000000000000044e-01 1.346100405599999494e-01 1.251171801530186981e-03
6.400000000000000133e-01 1.364513425199998520e-01 1.272793014398743627e-03
6.500000000000000222e-01 1.381791149999999913e-01 1.391461394463748211e-03
6.600000000000000311e-01 1.388629291900001506e-01 1.232443028439061169e-03
6.700000000000000400e-01 1.406010634000001702e-01 1.315734682053199553e-03
6.800000000000000488e-01 1.421045056499999903e-01 1.329528743056718762e-03
6.899999999999999467e-01 1.420408771699999406e-01 1.338118067885748141e-03
6.999999999999999556e-01 1.444907739800000979e-01 1.383110164474456736e-03
7.099999999999999645e-01 1.456691950299999205e-01 1.348839626809278857e-03
7.199999999999999734e-01 1.469182689999998515e-01 1.344369400642321608e-03
7.299999999999999822e-01 1.492371443300001266e-01 1.441531866641439620e-03
7.399999999999999911e-01 1.507915228400000252e-01 1.565692183032710554e-03
7.500000000000000000e-01 1.517416338100001094e-01 1.438508674487573016e-03
7.600000000000000089e-01 1.536735111000001319e-01 1.436499227928014289e-03
7.700000000000000178e-01 1.550494237699998612e-01 1.454137822525046649e-03
7.800000000000000266e-01 1.568717025700000767e-01 1.508168995047073652e-03
7.900000000000000355e-01 1.582696084600000441e-01 1.605667096652546935e-03
8.000000000000000444e-01 1.601744887699999287e-01 1.593350055759562220e-03
8.100000000000000533e-01 1.616257355299999809e-01 1.642748097701021183e-03
8.199999999999999512e-01 1.629556292000000350e-01 1.715237700960529302e-03
8.299999999999999600e-01 1.645262041200002412e-01 1.730674083525151827e-03
8.399999999999999689e-01 1.660953815400003364e-01 1.811582732428753881e-03
8.499999999999999778e-01 1.676872143499999468e-01 1.852009027630851113e-03
8.599999999999999867e-01 1.700599035200002773e-01 1.972652812190070926e-03
8.699999999999999956e-01 1.715690647699996685e-01 1.959874164335597985e-03
8.800000000000000044e-01 1.740292764600001596e-01 2.065276922394053503e-03
8.900000000000000133e-01 1.744267965099999262e-01 2.009330729001254472e-03
9.000000000000000222e-01 1.769049786400000435e-01 2.141250583455926726e-03
9.100000000000000311e-01 1.801256244200001300e-01 2.211023891216248698e-03
9.200000000000000400e-01 1.811241695699997989e-01 2.162424121470097899e-03
9.300000000000000488e-01 1.842054677599999912e-01 2.469512903668210236e-03
9.399999999999999467e-01 1.852294744300000129e-01 2.336161285558144198e-03
9.499999999999999556e-01 1.875286706200001430e-01 2.445573802127388313e-03
9.599999999999999645e-01 1.902754030699999044e-01 2.631059877868667345e-03
9.699999999999999734e-01 1.912503749299995781e-01 2.741489408954190122e-03
9.799999999999999822e-01 1.934066940300001036e-01 2.719569219652345164e-03
9.899999999999999911e-01 1.953209804500003755e-01 2.860523158562905659e-03
1.000000000000000000e+00 1.970440938700001310e-01 2.877262598124982491e-03
1.010000000000000009e+00 2.013968432199997882e-01 3.146571895725929109e-03
1.020000000000000018e+00 2.032553658299999511e-01 3.124476416032984701e-03
1.030000000000000027e+00 2.061470723800003235e-01 3.392199820284107388e-03
1.040000000000000036e+00 2.075641597099999180e-01 3.436960849509201454e-03
1.050000000000000044e+00 2.109296034900001171e-01 3.467482424312594205e-03
1.060000000000000053e+00 2.124975833000000147e-01 3.748977116012193033e-03
1.070000000000000062e+00 2.156727696900001823e-01 3.757637190340544844e-03
1.080000000000000071e+00 2.166632006699998336e-01 3.898488740096199903e-03
1.090000000000000080e+00 2.201570048799998403e-01 4.038279280096561050e-03
1.100000000000000089e+00 2.228103499899998508e-01 4.029122591772741485e-03
1.110000000000000098e+00 2.257352280999999905e-01 4.124263616761193740e-03
1.120000000000000107e+00 2.284274111099998394e-01 4.405282812305752124e-03
1.129999999999999893e+00 2.315642551799998450e-01 4.546417640656700079e-03
1.139999999999999902e+00 2.357947491100000903e-01 4.690638464804901611e-03
1.149999999999999911e+00 2.373867702699999083e-01 4.808160364756855487e-03
1.159999999999999920e+00 2.414400094799999397e-01 4.981291927979180148e-03
1.169999999999999929e+00 2.429782293000000148e-01 5.114276431049060226e-03
1.179999999999999938e+00 2.455234642800003253e-01 5.157102897718877747e-03
1.189999999999999947e+00 2.499022982200005127e-01 5.255464774134676123e-03
1.199999999999999956e+00 2.520463809899999297e-01 5.451307170423799926e-03
1.209999999999999964e+00 2.554620942999999977e-01 5.582704242922491115e-03
1.219999999999999973e+00 2.575049356099997633e-01 5.735329361874785294e-03
1.229999999999999982e+00 2.612905556699999798e-01 5.835658817444925629e-03
1.239999999999999991e+00 2.642243150399997131e-01 5.939784422349854778e-03
1.250000000000000000e+00 2.674263932000000010e-01 5.962695499635126302e-03
1.260000000000000009e+00 2.706557476500003889e-01 6.060778166572371520e-03
1.270000000000000018e+00 2.732805390499996601e-01 6.126944739912580477e-03
1.280000000000000027e+00 2.778344302899997120e-01 6.243536809710955454e-03
1.290000000000000036e+00 2.794933746400003471e-01 6.303501181370877934e-03
1.300000000000000044e+00 2.829412246800005470e-01 6.411683453015785961e-03
1.310000000000000053e+00 2.860274274700005948e-01 6.481550924166783016e-03
1.320000000000000062e+00 2.891475601499996495e-01 6.667344157553488880e-03
1.330000000000000071e+00 2.946531487400002591e-01 6.864200589621473163e-03
1.340000000000000080e+00 2.967488858599999224e-01 7.088919325538249952e-03
1.350000000000000089e+00 3.004889939299998924e-01 7.174828204097165665e-03
1.360000000000000098e+00 3.053433078800002476e-01 7.273055514717832216e-03
1.370000000000000107e+00 3.073347497699996933e-01 7.547976897753065975e-03
1.379999999999999893e+00 3.129846219399997076e-01 7.586614234236051767e-03
1.389999999999999902e+00 3.149329955799996528e-01 7.814654282714973699e-03
1.399999999999999911e+00 3.182263755600001076e-01 8.065780763538086748e-03
1.409999999999999920e+00 3.226611377399997149e-01 8.153165633096348328e-03
1.419999999999999929e+00 3.270160771600004734e-01 8.298974537664965262e-03
1.429999999999999938e+00 3.290425191200001542e-01 8.423117788886871557e-03
1.439999999999999947e+00 3.333924617399994239e-01 8.802579544908192832e-03
1.449999999999999956e+00 3.376194777699999539e-01 8.872615189072213110e-03
1.459999999999999964e+00 3.431158585199999278e-01 9.045647362809626502e-03
1.469999999999999973e+00 3.458794254299997206e-01 9.217598660574777628e-03
1.479999999999999982e+00 3.505689286099997748e-01 9.445491192941413150e-03
1.489999999999999991e+00 3.533933590199995201e-01 9.504301682313077287e-03
1.500000000000000000e+00 3.594568617999998605e-01 9.706276383140553798e-03
1.510000000000000009e+00 3.614413307299998990e-01 9.938342499665422936e-03
1.520000000000000018e+00 3.655127029200000432e-01 1.008914499630731744e-02
1.530000000000000027e+00 3.680342881599998339e-01 1.024116901483071440e-02
1.540000000000000036e+00 3.731037724399996480e-01 1.047470939374950914e-02
1.550000000000000044e+00 3.787020416800001565e-01 1.081762324313286124e-02
1.560000000000000053e+00 3.839158581400001213e-01 1.094012683168356023e-02
1.570000000000000062e+00 3.874504282099998642e-01 1.101877106593154680e-02
1.580000000000000071e+00 3.916965955799994736e-01 1.119719828210323509e-02
1.590000000000000080e+00 3.954221937199998704e-01 1.133007346127154653e-02
1.600000000000000089e+00 4.009076539800004446e-01 1.147544452666755116e-02
1.610000000000000098e+00 4.050620503100005321e-01 1.151777617413197487e-02
1.620000000000000107e+00 4.093205997200006774e-01 1.155465547179961201e-02
1.629999999999999893e+00 4.129322703499999081e-01 1.168356129754755633e-02
1.639999999999999902e+00 4.170242018899997793e-01 1.189205096131887122e-02
1.649999999999999911e+00 4.216770308200010198e-01 1.192764426438251875e-02
1.659999999999999920e+00 4.258903431200001810e-01 1.208206863654447995e-02
1.669999999999999929e+00 4.308656407199998872e-01 1.207884055013719836e-02
1.679999999999999938e+00 4.347033163900001496e-01 1.210935466319201619e-02
1.689999999999999947e+00 4.407338669500004413e-01 1.239716740734823387e-02
1.699999999999999956e+00 4.448105531100000620e-01 1.242986883725884922e-02
1.709999999999999964e+00 4.498977541799987212e-01 1.249745497175303206e-02
1.719999999999999973e+00 4.527346111900005243e-01 1.247096138237284782e-02
1.729999999999999982e+00 4.551365497699995100e-01 1.271232522950238933e-02
1.739999999999999991e+00 4.612690470200001558e-01 1.286007964517355689e-02
1.750000000000000000e+00 4.657543462399993395e-01 1.274277623081795756e-02
1.760000000000000009e+00 4.697304267600000416e-01 1.297256586178760843e-02
1.770000000000000018e+00 4.743436647200001133e-01 1.288226254537378629e-02
1.780000000000000027e+00 4.780097196599994991e-01 1.296260124699261454e-02
1.790000000000000036e+00 4.819782604399994730e-01 1.304588171308609414e-02
1.800000000000000044e+00 4.863365961599991349e-01 1.312116698311237110e-02
1.810000000000000053e+00 4.887433512700002924e-01 1.321367634748509511e-02
1.820000000000000062e+00 4.942396794999999732e-01 1.316178164414234103e-02
1.830000000000000071e+00 4.992253041699997729e-01 1.335191730469319042e-02
1.840000000000000080e+00 5.053328042199993764e-01 1.330892631973601414e-02
1.850000000000000089e+00 5.080969692699998097e-01 1.335485522437877652e-02
1.860000000000000098e+00 5.116438138900003540e-01 1.346404783835291989e-02
1.870000000000000107e+00 5.152242709100000040e-01 1.349829786437229014e-02
1.879999999999999893e+00 5.205821403600006114e-01 1.349810607454953251e-02
1.889999999999999902e+00 5.270871653099998833e-01 1.372253357151893491e-02
1.899999999999999911e+00 5.300699058500000227e-01 1.366577584198505439e-02
1.909999999999999920e+00 5.336407595099996737e-01 1.372341663549845985e-02
1.919999999999999929e+00 5.372983285499990380e-01 1.375635421233068617e-02
1.929999999999999938e+00 5.412874298199988887e-01 1.398060630648908717e-02
1.939999999999999947e+00 5.446286332400002150e-01 1.395137007047616597e-02
1.949999999999999956e+00 5.499348340899991028e-01 1.385240520327391152e-02
1.959999999999999964e+00 5.535686704400004654e-01 1.396319688621003481e-02
1.969999999999999973e+00 5.577360092199995512e-01 1.398552399294467410e-02
1.979999999999999982e+00 5.608234012600000762e-01 1.407267035623642991e-02
1.989999999999999991e+00 5.645442976800001400e-01 1.399153623555838069e-02
2.000000000000000000e+00 5.685998707900000726e-01 1.398586264806908966e-02
2.009999999999999787e+00 5.731378623700001951e-01 1.398284201523133756e-02
2.020000000000000018e+00 5.783174910499999655e-01 1.383563288095918976e-02
2.029999999999999805e+00 5.819428231499997883e-01 1.378893051008939739e-02
2.040000000000000036e+00 5.857161344600003705e-01 1.370378710307558826e-02
2.049999999999999822e+00 5.899418365600003211e-01 1.364038923750834215e-02
2.060000000000000053e+00 5.933540652100001145e-01 1.376917718995329318e-02
2.069999999999999840e+00 5.995614968400007072e-01 1.340393791994285051e-02
2.080000000000000071e+00 6.024606528999992827e-01 1.354262066356525136e-02
2.089999999999999858e+00 6.055403907199994329e-01 1.346072761299080094e-02
2.100000000000000089e+00 6.081385023199997741e-01 1.343865378641305626e-02
2.109999999999999876e+00 6.119616865799996086e-01 1.334787001604596443e-02
2.120000000000000107e+00 6.158876616700003082e-01 1.344824791866481954e-02
2.129999999999999893e+00 6.198506362699988115e-01 1.332100731071953273e-02
2.140000000000000124e+00 6.223368270299998173e-01 1.340169471038952370e-02
2.149999999999999911e+00 6.259299642400000252e-01 1.331869936647520070e-02
2.160000000000000142e+00 6.282016815999997839e-01 1.324208044517734793e-02
2.169999999999999929e+00 6.313004354699993659e-01 1.313647551762489943e-02
2.180000000000000160e+00 6.356619823099995958e-01 1.323625746215233503e-02
2.189999999999999947e+00 6.401323697600000973e-01 1.306045064261575697e-02
2.200000000000000178e+00 6.411017314699996028e-01 1.326127053383890399e-02
2.209999999999999964e+00 6.436301360700010799e-01 1.327915036894097844e-02
2.220000000000000195e+00 6.460902050700011445e-01 1.327307249547736608e-02
2.229999999999999982e+00 6.479209685899988136e-01 1.320582544750653446e-02
2.240000000000000213e+00 6.511461339200007581e-01 1.303502944698715568e-02
2.250000000000000000e+00 6.540786876600006572e-01 1.303016422404652472e-02
2.259999999999999787e+00 6.561477758800001725e-01 1.295428925991112812e-02
2.270000000000000018e+00 6.586910865199990806e-01 1.298738883042304705e-02
2.279999999999999805e+00 6.622164906499994341e-01 1.296260684109701473e-02
2.290000000000000036e+00 6.650460919099990820e-01 1.288401342023180740e-02
2.299999999999999822e+00 6.680586114700007849e-01 1.295623387462992507e-02
2.310000000000000053e+00 6.708986232400008243e-01 1.290947913434933002e-02
2.319999999999999840e+00 6.724946254600004947e-01 1.287830166710560338e-02
2.330000000000000071e+00 6.759095870400000372e-01 1.275962567675907253e-02
2.339999999999999858e+00 6.782812764700000274e-01 1.276006256050759777e-02
2.350000000000000089e+00 6.802928680799996686e-01 1.277666125826839617e-02
2.359999999999999876e+00 6.826729385100007708e-01 1.272835562800221296e-02
2.370000000000000107e+00 6.853939575300004305e-01 1.259535559952335362e-02
2.379999999999999893e+00 6.875812972000003853e-01 1.263680650136278158e-02
2.390000000000000124e+00 6.907385278000001128e-01 1.248834137303000795e-02
2.399999999999999911e+00 6.924690652599986285e-01 1.251646007656405206e-02
2.410000000000000142e+00 6.949059436799995826e-01 1.249402400364749144e-02
2.419999999999999929e+00 6.977231853599999978e-01 1.243314378056567700e-02
2.430000000000000160e+00 6.990554569400011520e-01 1.243234761512913671e-02
2.439999999999999947e+00 7.008299983399994826e-01 1.252561976313469778e-02
2.450000000000000178e+00 7.026562521800008287e-01 1.253757722025363938e-02
2.459999999999999964e+00 7.063780407100009873e-01 1.240541702624591881e-02
2.470000000000000195e+00 7.068575268099989151e-01 1.237608378756699726e-02
2.479999999999999982e+00 7.087950035199995780e-01 1.231716473022540122e-02
2.490000000000000213e+00 7.115272491500002072e-01 1.227529073242043280e-02
2.500000000000000000e+00 7.130486113500010825e-01 1.225909244853403031e-02
2.509999999999999787e+00 7.151883811599984986e-01 1.220319268266775725e-02
2.520000000000000018e+00 7.173508538100005216e-01 1.215861120535127737e-02
2.529999999999999805e+00 7.179370740100001758e-01 1.214780174933987114e-02
2.540000000000000036e+00 7.187192508399998792e-01 1.258865021662832276e-02
2.549999999999999822e+00 7.205057607999989511e-01 1.257568491897475584e-02
2.560000000000000053e+00 7.224664467600008244e-01 1.261785542454631377e-02
2.569999999999999840e+00 7.239520393199991855e-01 1.270678667077734629e-02
2.580000000000000071e+00 7.262652494599999287e-01 1.254794005275910139e-02
2.589999999999999858e+00 7.288420202500013323e-01 1.245159787680714253e-02
2.600000000000000089e+00 7.293518318000004053e-01 1.244803187526557012e-02
2.609999999999999876e+00 7.309778361000009994e-01 1.233109742013883611e-02
2.620000000000000107e+00 7.329470030100004863e-01 1.229331321869820901e-02
2.629999999999999893e+00 7.350120761799995295e-01 1.227311689395164593e-02
2.640000000000000124e+00 7.345315883700002102e-01 1.260773427136421126e-02
2.649999999999999911e+00 7.385823387000002294e-01 1.218693919881491672e-02
2.660000000000000142e+00 7.409249768400012481e-01 1.192079179675796519e-02
2.669999999999999929e+00 7.434212380500007100e-01 1.177657255864618738e-02
2.680000000000000160e+00 7.455988559699996410e-01 1.170298534812225059e-02
2.689999999999999947e+00 7.483566346099995714e-01 1.157663782088945784e-02
2.700000000000000178e+00 7.502026896999990369e-01 1.153221621163578667e-02
2.709999999999999964e+00 7.523111964500001081e-01 1.136118041110335125e-02
2.720000000000000195e+00 7.540913233600005094e-01 1.138027589036676689e-02
2.729999999999999982e+00 7.566921702300004604e-01 1.123404480010949287e-02
2.740000000000000213e+00 7.589190244000009189e-01 1.114461622471004353e-02
2.750000000000000000e+00 7.606018914000000075e-01 1.106903004495666393e-02
2.759999999999999787e+00 7.628824179099999991e-01 1.085289035246308001e-02
2.770000000000000018e+00 7.642844069700007736e-01 1.087251896576721215e-02
2.779999999999999805e+00 7.658171859399997006e-01 1.083330683824087343e-02
2.790000000000000036e+00 7.674617043399997174e-01 1.082654551943770631e-02
2.799999999999999822e+00 7.688541190800000091e-01 1.080665380133096105e-02
2.810000000000000053e+00 7.702777679099989117e-01 1.073594079294243504e-02
2.819999999999999840e+00 7.709667917599993814e-01 1.070786150566120469e-02
2.830000000000000071e+00 7.721822895800013464e-01 1.069030975291987255e-02
2.839999999999999858e+00 7.734773485099996071e-01 1.066310091511020464e-02
2.850000000000000089e+00 7.749149001799998659e-01 1.067212703896283817e-02
2.859999999999999876e+00 7.762568103100009331e-01 1.061472634177728670e-02
2.870000000000000107e+00 7.772428666500008632e-01 1.064527060949452784e-02
2.879999999999999893e+00 7.790018736400005084e-01 1.045503124650097940e-02
2.890000000000000124e+00 7.805342177600007592e-01 1.045700827208138721e-02
2.899999999999999911e+00 7.826673098299995468e-01 1.046364123306811784e-02
2.910000000000000142e+00 7.842929078100000506e-01 1.038021460802799993e-02
2.919999999999999929e+00 7.848066046099999582e-01 1.036440803991169578e-02
2.930000000000000160e+00 7.865151233300005096e-01 1.016976406146659351e-02
2.939999999999999947e+00 7.894530875600004327e-01 1.026916623037870888e-02
2.950000000000000178e+00 7.897734134399991834e-01 1.024434083744563129e-02
2.959999999999999964e+00 7.894646885000000669e-01 1.052874909064475430e-02
2.970000000000000195e+00 7.924191027099983797e-01 1.025626407626584885e-02
2.979999999999999982e+00 7.946929937800009114e-01 1.017495921317358026e-02
2.990000000000000213e+00 7.934779961700003659e-01 1.077299010609583142e-02
3.000000000000000000e+00 7.946370397699995536e-01 1.073920642315408236e-02
3.009999999999999787e+00 7.983963298900003114e-01 1.000028220240765757e-02
3.020000000000000018e+00 7.977334718400002078e-01 1.054241665596363994e-02
3.029999999999999805e+00 7.986091504899992533e-01 1.037511022638646328e-02
3.040000000000000036e+00 8.019217002800009819e-01 9.871299105862107320e-03
3.049999999999999822e+00 8.028069770600001487e-01 1.002882874592633637e-02
3.060000000000000053e+00 8.034607774499998856e-01 9.832569002601218924e-03
3.069999999999999840e+00 8.047988515400003040e-01 9.777762073460500442e-03
3.080000000000000071e+00 8.059478222600000574e-01 9.709381327697861469e-03
3.089999999999999858e+00 8.080936710100005138e-01 9.518989070753554327e-03
3.100000000000000089e+00 8.083380345900001984e-01 9.484727799964452408e-03
3.109999999999999876e+00 8.094415323699998277e-01 9.446760303356479052e-03
3.120000000000000107e+00 8.105720836500011073e-01 9.415339606616028242e-03
3.129999999999999893e+00 8.115649067199998123e-01 9.395584818242130529e-03
3.140000000000000124e+00 8.123471974899991732e-01 9.389940255236118097e-03
3.149999999999999911e+00 8.118366018199988376e-01 9.595809677055321812e-03
3.160000000000000142e+00 8.139391544099990883e-01 9.522040059516229463e-03
3.169999999999999929e+00 8.149108922000017907e-01 9.495864331847075554e-03
3.180000000000000160e+00 8.158895322400001593e-01 9.469571281829703216e-03
3.189999999999999947e+00 8.167624776800005426e-01 9.469228968251301726e-03
3.200000000000000178e+00 8.176438705899999881e-01 9.465734593197962926e-03
3.209999999999999964e+00 8.176854239699997695e-01 9.544341515122475514e-03
3.220000000000000195e+00 8.186700003700004835e-01 9.505077205657928852e-03
3.229999999999999982e+00 8.202290754900002367e-01 9.426264475496029874e-03
3.240000000000000213e+00 8.221423945400014865e-01 9.202312152693853040e-03
3.250000000000000000e+00 8.223998426899996605e-01 9.172698169068424154e-03
3.259999999999999787e+00 8.230840213199991373e-01 9.202045931719530364e-03
3.270000000000000018e+00 8.240146014000004904e-01 9.163508790644477736e-03
3.279999999999999805e+00 8.247029660999991574e-01 9.270105908638880121e-03
3.290000000000000036e+00 8.256885872500008272e-01 9.187654207646349727e-03
3.299999999999999822e+00 8.266623841299995945e-01 9.115380383869959441e-03
3.310000000000000053e+00 8.279828929600002718e-01 9.039891316291228870e-03
3.319999999999999840e+00 8.283471648999995995e-01 9.096242225841020407e-03
3.330000000000000071e+00 8.302427706200007362e-01 8.990273857439324418e-03
3.339999999999999858e+00 8.298328657299994804e-01 9.351558238009732849e-03
3.350000000000000089e+00 8.298364699700004898e-01 9.376457640665507992e-03
3.359999999999999876e+00 8.290930657600008580e-01 9.533568757615764472e-03
3.370000000000000107e+00 8.303540311600002832e-01 9.464597967156903116e-03
3.379999999999999893e+00 8.316451264099997687e-01 9.367002132734850162e-03
3.390000000000000124e+00 8.327070699300004319e-01 9.304327592281867038e-03
3.399999999999999911e+00 8.337153403600009449e-01 9.197024461468777945e-03
3.410000000000000142e+00 8.348143967999998027e-01 9.172943708045800185e-03
3.419999999999999929e+00 8.362590949699990617e-01 9.148497278877140357e-03
3.430000000000000160e+00 8.370101587499985119e-01 9.151432868053801725e-03
3.439999999999999947e+00 8.382758776300004433e-01 9.032155684233383539e-03
3.450000000000000178e+00 8.399889837499997514e-01 8.873201135504779971e-03
3.459999999999999964e+00 8.407715224499999751e-01 8.846636885388139276e-03
3.470000000000000195e+00 8.415515436099986202e-01 8.814379856480949321e-03
3.479999999999999982e+00 8.397846061499991688e-01 9.570855193095089905e-03
3.490000000000000213e+00 8.404866705300002572e-01 9.573613846582980716e-03
3.500000000000000000e+00 8.390659459400000575e-01 9.879426891035162500e-03
3.509999999999999787e+00 8.403633899900003756e-01 9.859300090287454257e-03
3.520000000000000018e+00 8.416124666899993390e-01 9.743097944975704500e-03
3.529999999999999805e+00 8.426916981700008913e-01 9.703204215057426724e-03
3.540000000000000036e+00 8.438173428500007622e-01 9.669442942282766018e-03
3.549999999999999822e+00 8.445262953100003411e-01 9.653318247345140171e-03
