1.409999999999999920e+00 1.316847567859999735e-01 1.800016158616187011e-03
1.419999999999999929e+00 1.327629184699999632e-01 1.888947453928023620e-03
1.429999999999999938e+00 1.339961985260000876e-01 1.874300903026004635e-03
1.439999999999999947e+00 1.356117123299998561e-01 2.068300279040415253e-03
1.449999999999999956e+00 1.377539230079999066e-01 2.007130800566999610e-03
1.459999999999999964e+00 1.394488819699999382e-01 2.173698065642333966e-03
1.469999999999999973e+00 1.413624682000000632e-01 2.257896139729631633e-03
1.479999999999999982e+00 1.417299179799998976e-01 2.122747642397821051e-03
1.489999999999999991e+00 1.436949737799998461e-01 2.200099069479532436e-03
1.500000000000000000e+00 1.451690652600000908e-01 2.232048459973470268e-03
1.510000000000000009e+00 1.468083456700003120e-01 2.465327651559031351e-03
1.520000000000000018e+00 1.483959787299999611e-01 2.551212071449744309e-03
1.530000000000000027e+00 1.489415067800000658e-01 2.508559770716144166e-03
1.540000000000000036e+00 1.514370869299999089e-01 2.587021133640208387e-03
1.550000000000000044e+00 1.527877468199999311e-01 2.699881046727219645e-03
1.560000000000000053e+00 1.546124745800000477e-01 2.701850548746808408e-03
1.570000000000000062e+00 1.570094717399997952e-01 2.938455020554301723e-03
1.580000000000000071e+00 1.574525365599999394e-01 2.882129793046897884e-03
1.590000000000000080e+00 1.605724766599999909e-01 2.991521706998577328e-03
1.600000000000000089e+00 1.626384363599998051e-01 3.103645097002707444e-03
1.610000000000000098e+00 1.643980079299998953e-01 2.988202706780248609e-03
1.620000000000000107e+00 1.664507898999999791e-01 3.322513323704062282e-03
1.629999999999999893e+00 1.682833316500002285e-01 3.200724385072348851e-03
1.639999999999999902e+00 1.695339115499999716e-01 3.308340836238139390e-03
1.649999999999999911e+00 1.713674322000001415e-01 3.613578971592725213e-03
1.659999999999999920e+00 1.729672559900000683e-01 3.625416190042931707e-03
1.669999999999999929e+00 1.754371491399997207e-01 3.890396857138284786e-03
1.679999999999999938e+00 1.774058468600000216e-01 3.755986335313953907e-03
1.689999999999999947e+00 1.790623825300001193e-01 3.842687468244834412e-03
1.699999999999999956e+00 1.823135270100000593e-01 4.025392216087942711e-03
1.709999999999999964e+00 1.848841464199999507e-01 4.116249555140017065e-03
1.719999999999999973e+00 1.874507991600001533e-01 4.355487463844579833e-03
1.729999999999999982e+00 1.903269434099998658e-01 4.332636833899196176e-03
1.739999999999999991e+00 1.907425548800000814e-01 4.424004485510249669e-03
1.750000000000000000e+00 1.936118995199998527e-01 4.625648183367083235e-03
1.760000000000000009e+00 1.973324685399998335e-01 4.827861353379037102e-03
1.770000000000000018e+00 1.993527108400001413e-01 4.754527311287321152e-03
1.780000000000000027e+00 2.022421411999999197e-01 4.967140765429619957e-03
1.790000000000000036e+00 2.025264701900001407e-01 4.981965275957805743e-03
1.800000000000000044e+00 2.060839917400003329e-01 5.117522674506541983e-03
1.810000000000000053e+00 2.076391096900000732e-01 5.273953811188453709e-03
1.820000000000000062e+00 2.111095145100000403e-01 5.432757919006827099e-03
1.830000000000000071e+00 2.149398888099999516e-01 5.579575835800825064e-03
1.840000000000000080e+00 2.157076718100000567e-01 5.740992312520007586e-03
1.850000000000000089e+00 2.200132825299999928e-01 5.901976987400718230e-03
1.860000000000000098e+00 2.232723126699998617e-01 5.979871441065045916e-03
1.870000000000000107e+00 2.252276067799998116e-01 6.219276183365385520e-03
1.879999999999999893e+00 2.272617829499998521e-01 6.202938191280630946e-03
1.889999999999999902e+00 2.308331922899997390e-01 6.418421403352345990e-03
1.899999999999999911e+00 2.342754768400001075e-01 6.680152191409418662e-03
1.909999999999999920e+00 2.363259046000000807e-01 6.562847734724500982e-03
1.919999999999999929e+00 2.406646593599998107e-01 6.772059524983978576e-03
1.929999999999999938e+00 2.436126033700000693e-01 7.213381260826498033e-03
1.939999999999999947e+00 2.458679285299998907e-01 7.113485005643428553e-03
1.949999999999999956e+00 2.493047078099997760e-01 7.353799380921664276e-03
1.959999999999999964e+00 2.528032015599997462e-01 7.577620418756058664e-03
1.969999999999999973e+00 2.564787009699999731e-01 7.896941582922799643e-03
1.979999999999999982e+00 2.593961850100000577e-01 7.912900707704929870e-03
1.989999999999999991e+00 2.649885536700002930e-01 8.404970077446130561e-03
2.000000000000000000e+00 2.652273427999998212e-01 8.196554967344496165e-03
2.009999999999999787e+00 2.697533989299996660e-01 8.449531215475326526e-03
2.020000000000000018e+00 2.737063371199999762e-01 8.795996692362386543e-03
2.029999999999999805e+00 2.760677472500002172e-01 8.897806330846235248e-03
2.040000000000000036e+00 2.822219956799996154e-01 9.022408472383149081e-03
2.049999999999999822e+00 2.844711819900000438e-01 9.100650002425844307e-03
2.060000000000000053e+00 2.877108663700000957e-01 9.369393166818149737e-03
2.069999999999999840e+00 2.936757210000000562e-01 9.649504501741531723e-03
2.080000000000000071e+00 2.955524420200000835e-01 9.847140813636559922e-03
2.089999999999999858e+00 2.991674434799997950e-01 9.871551617928646730e-03
2.100000000000000089e+00 3.016820906600003460e-01 9.978018094786369682e-03
2.109999999999999876e+00 3.038938691099998812e-01 9.990384901841259380e-03
2.120000000000000107e+00 3.104769403499997860e-01 1.018049161820827435e-02
2.129999999999999893e+00 3.120389388899995065e-01 1.035031246706571637e-02
2.140000000000000124e+00 3.178729998700006720e-01 1.044442344931360324e-02
2.149999999999999911e+00 3.205570473300000112e-01 1.061165399732060845e-02
2.160000000000000142e+00 3.235139048800007577e-01 1.056367277799868942e-02
2.169999999999999929e+00 3.280016396000002277e-01 1.094310654371787039e-02
2.180000000000000160e+00 3.300620966099999665e-01 1.106638508299680017e-02
2.189999999999999947e+00 3.346298110600000597e-01 1.096190998965206921e-02
2.200000000000000178e+00 3.383626244900000968e-01 1.113670028488606203e-02
2.209999999999999964e+00 3.413055590599995970e-01 1.136951079525903852e-02
2.220000000000000195e+00 3.450605262199998302e-01 1.135424503803575749e-02
2.229999999999999982e+00 3.497633010899996453e-01 1.144368944751063613e-02
2.240000000000000213e+00 3.522140560400002229e-01 1.161307884506192212e-02
2.250000000000000000e+00 3.567327731200004015e-01 1.170848843015199169e-02
2.259999999999999787e+00 3.610854262799997327e-01 1.188856152410361182e-02
2.270000000000000018e+00 3.662402671999998582e-01 1.181444000865388040e-02
2.279999999999999805e+00 3.707473131700000923e-01 1.179034337463279181e-02
2.290000000000000036e+00 3.726780093799998972e-01 1.199242131590216517e-02
2.299999999999999822e+00 3.776794232699998144e-01 1.202871050574703775e-02
2.310000000000000053e+00 3.827530750900001721e-01 1.200851140679569558e-02
2.319999999999999840e+00 3.871379111799999606e-01 1.210136263567990721e-02
2.330000000000000071e+00 3.886724724600001402e-01 1.220967420645449261e-02
2.339999999999999858e+00 3.924500138799998372e-01 1.204215165051549657e-02
2.350000000000000089e+00 3.986348615900001668e-01 1.212797058097571032e-02
2.359999999999999876e+00 4.025683572500000085e-01 1.212646783763648983e-02
2.370000000000000107e+00 4.054865983699999510e-01 1.215494458537925981e-02
2.379999999999999893e+00 4.094325254600003072e-01 1.231180452525733153e-02
2.390000000000000124e+00 4.134448891799999415e-01 1.230169250692487309e-02
2.399999999999999911e+00 4.184253394399995996e-01 1.256738208414556399e-02
2.410000000000000142e+00 4.235716926600003318e-01 1.252663751623413896e-02
2.419999999999999929e+00 4.260520270100004447e-01 1.269756403640528997e-02
2.430000000000000160e+00 4.299248148300005568e-01 1.255832569065266913e-02
2.439999999999999947e+00 4.326591431799996501e-01 1.266588869193967237e-02
2.450000000000000178e+00 4.384228333900004326e-01 1.265178208989757407e-02
2.459999999999999964e+00 4.400887789499995928e-01 1.263674820234534160e-02
2.470000000000000195e+00 4.445881356600003276e-01 1.278876918973337502e-02
2.479999999999999982e+00 4.489485694399997229e-01 1.256354443781387831e-02
2.490000000000000213e+00 4.522806618600002104e-01 1.273198135201672812e-02
2.500000000000000000e+00 4.556144684700000891e-01 1.274410728483949332e-02
2.509999999999999787e+00 4.576882028999990637e-01 1.285873614952130067e-02
2.520000000000000018e+00 4.639241271400002531e-01 1.284114700444452702e-02
2.529999999999999805e+00 4.666253427400002263e-01 1.275199501302200222e-02
2.540000000000000036e+00 4.725375993600010593e-01 1.271492582666441246e-02
2.549999999999999822e+00 4.734842297699993763e-01 1.273528932454097949e-02
2.560000000000000053e+00 4.768049957600000721e-01 1.281172351006968496e-02
2.569999999999999840e+00 4.819062872399998421e-01 1.293291461626233652e-02
2.580000000000000071e+00 4.862591294200003800e-01 1.263620365520135534e-02
2.589999999999999858e+00 4.893390730400000166e-01 1.267791362455124998e-02
2.600000000000000089e+00 4.924123814399998245e-01 1.289706852159467135e-02
2.609999999999999876e+00 4.967586267299998748e-01 1.278426084889723591e-02
2.620000000000000107e+00 5.009779848300001115e-01 1.281603101873785705e-02
2.629999999999999893e+00 5.037010886800004084e-01 1.284038468762527252e-02
2.640000000000000124e+00 5.087503623400003727e-01 1.266059523801879756e-02
2.649999999999999911e+00 5.113073789299997784e-01 1.279563211696443416e-02
2.660000000000000142e+00 5.152948975500002415e-01 1.265020287357952744e-02
2.669999999999999929e+00 5.179063715000002954e-01 1.264522705161745530e-02
2.680000000000000160e+00 5.215651003200002522e-01 1.264333935344757846e-02
2.689999999999999947e+00 5.266268340300006567e-01 1.253708556415829463e-02
2.700000000000000178e+00 5.310129160700006734e-01 1.252964257640495731e-02
2.709999999999999964e+00 5.329458394500001805e-01 1.252274730280752112e-02
2.720000000000000195e+00 5.380194135300003788e-01 1.223054185295570015e-02
2.729999999999999982e+00 5.412012315899997761e-01 1.234696013130105567e-02
2.740000000000000213e+00 5.459363974499987782e-01 1.219592707383620502e-02
2.750000000000000000e+00 5.499657592500003522e-01 1.200748129686740780e-02
2.759999999999999787e+00 5.529321116499996691e-01 1.191457985313182019e-02
2.770000000000000018e+00 5.555610699300006505e-01 1.203188439652058683e-02
2.779999999999999805e+00 5.587582174100005350e-01 1.205244602661354261e-02
2.790000000000000036e+00 5.624977511000003316e-01 1.194107852013597329e-02
2.799999999999999822e+00 5.653737809999994646e-01 1.188179745986484709e-02
2.810000000000000053e+00 5.678259200900004355e-01 1.181238245197144786e-02
2.819999999999999840e+00 5.695287367099998166e-01 1.199351775407427913e-02
2.830000000000000071e+00 5.743541461999991382e-01 1.173845643299497102e-02
2.839999999999999858e+00 5.763816746299997851e-01 1.172478544871047648e-02
2.850000000000000089e+00 5.785240319000003462e-01 1.165628780392918840e-02
2.859999999999999876e+00 5.815328275099999056e-01 1.156241720838487204e-02
2.870000000000000107e+00 5.835895411000007194e-01 1.154939494838644505e-02
2.879999999999999893e+00 5.878625235499999047e-01 1.144013231647540013e-02
2.890000000000000124e+00 5.908697294700003821e-01 1.154681042913910036e-02
2.899999999999999911e+00 5.954148145300006689e-01 1.136209874349317257e-02
2.910000000000000142e+00 5.994960797699995236e-01 1.122505884209079770e-02
2.919999999999999929e+00 6.024507218400002584e-01 1.131730079221526103e-02
2.930000000000000160e+00 6.041783674099998613e-01 1.138158969308405120e-02
2.939999999999999947e+00 6.084910307799996643e-01 1.125973439723108524e-02
2.950000000000000178e+00 6.115095229499997176e-01 1.101605801416079278e-02
2.959999999999999964e+00 6.127801222800000058e-01 1.107456561961565715e-02
2.970000000000000195e+00 6.162359792900001798e-01 1.093792991309719409e-02
2.979999999999999982e+00 6.191592051099990002e-01 1.066714818058507076e-02
2.990000000000000213e+00 6.208927226599991744e-01 1.084412676678529232e-02
3.000000000000000000e+00 6.247800990900006513e-01 1.064077713721251449e-02
3.009999999999999787e+00 6.270022554699995476e-01 1.060622704788374490e-02
3.020000000000000018e+00 6.272223645099995748e-01 1.074578668448028691e-02
3.029999999999999805e+00 6.313428638599991594e-01 1.053980046064913710e-02
3.040000000000000036e+00 6.345034279499992547e-01 1.050525824979289986e-02
3.049999999999999822e+00 6.374116964799997342e-01 1.056822503872146927e-02
3.060000000000000053e+00 6.395746292600004157e-01 1.041527976610588137e-02
3.069999999999999840e+00 6.428572657400005719e-01 1.035582370771190829e-02
3.080000000000000071e+00 6.462361451399999401e-01 1.009722005377783512e-02
3.089999999999999858e+00 6.483789605100003239e-01 1.009128149424908145e-02
3.100000000000000089e+00 6.507100892800002923e-01 1.021601767514823678e-02
3.109999999999999876e+00 6.536013434400006483e-01 1.002184489784530876e-02
3.120000000000000107e+00 6.559975609999997292e-01 9.931655061471738460e-03
3.129999999999999893e+00 6.571777606900006674e-01 1.003411746399909994e-02
3.140000000000000124e+00 6.592238022599999914e-01 1.006343588771027933e-02
3.149999999999999911e+00 6.620047911099986582e-01 9.830259410776294102e-03
3.160000000000000142e+00 6.644220185400002698e-01 9.840961740398182500e-03
3.169999999999999929e+00 6.663734541100009290e-01 9.731497073174437407e-03
3.180000000000000160e+00 6.672895784499994765e-01 9.711599642764886034e-03
3.189999999999999947e+00 6.720491757400002264e-01 9.405035624938277300e-03
3.200000000000000178e+00 6.738279003599996209e-01 9.411591371620309579e-03
3.209999999999999964e+00 6.746605976900003077e-01 9.393803229911125777e-03
3.220000000000000195e+00 6.757921988800005275e-01 9.251776433572668837e-03
3.229999999999999982e+00 6.781470966200001671e-01 9.216319786798876645e-03
3.240000000000000213e+00 6.812732032100008439e-01 9.140647659439537706e-03
3.250000000000000000e+00 6.829545122000009183e-01 9.296748137955220675e-03
