1.400000000000000133e-01 9.886217696399994537e-02 4.555453954845248114e-04
1.499999999999999944e-01 9.948026303599992459e-02 4.868636614029822726e-04
1.600000000000000033e-01 1.001947765369999716e-01 4.965979396707301046e-04
1.700000000000000122e-01 1.008708133499999909e-01 5.198556371611371676e-04
1.799999999999999933e-01 1.019912275690000591e-01 5.182488428188743862e-04
1.900000000000000022e-01 1.029309482569998602e-01 5.243560641674179261e-04
2.000000000000000111e-01 1.040113468600000479e-01 5.321459676842252122e-04
2.099999999999999922e-01 1.048638899430000271e-01 5.764816902898982657e-04
2.200000000000000011e-01 1.052120296970000674e-01 5.543782359786413689e-04
2.300000000000000100e-01 1.058018292979999858e-01 6.006196870787746701e-04
2.399999999999999911e-01 1.070671447129998705e-01 6.340391186870018283e-04
2.500000000000000000e-01 1.078059846530000504e-01 5.755052183991563172e-04
2.600000000000000089e-01 1.085942890730001303e-01 5.725573671771704096e-04
2.700000000000000178e-01 1.091739122650000615e-01 5.855136372949130931e-04
2.800000000000000266e-01 1.103659404089998713e-01 6.569391080225884258e-04
2.899999999999999800e-01 1.112883687630000507e-01 6.926161470533836410e-04
2.999999999999999889e-01 1.124971021310000180e-01 6.757557312274040367e-04
3.099999999999999978e-01 1.130983546900000136e-01 7.325554725087308951e-04
3.200000000000000067e-01 1.143226161239999372e-01 7.968194475944422386e-04
3.300000000000000155e-01 1.150813817119998028e-01 7.337502105150664521e-04
3.400000000000000244e-01 1.163348051700001939e-01 8.006282357022930299e-04
3.499999999999999778e-01 1.169636642000000115e-01 8.074644237406867781e-04
3.599999999999999867e-01 1.180630044999999156e-01 8.418418178509244273e-04
3.699999999999999956e-01 1.191327059799998922e-01 8.194144172501729691e-04
3.800000000000000044e-01 1.200751177999999503e-01 8.409493780881000143e-04
3.900000000000000133e-01 1.211470049900000290e-01 8.967710416765248445e-04
4.000000000000000222e-01 1.222207860799998241e-01 9.135826003072919626e-04
4.099999999999999756e-01 1.235926221900000149e-01 9.517811931127387586e-04
4.199999999999999845e-01 1.244160105099999386e-01 9.042098352609506846e-04
4.299999999999999933e-01 1.259016957300000683e-01 9.592167418280752450e-04
4.400000000000000022e-01 1.270526780499998953e-01 8.954439370183359679e-04
4.500000000000000111e-01 1.282299086499999741e-01 1.032796189144633871e-03
4.600000000000000200e-01 1.292672494100000347e-01 1.022510752150978782e-03
4.699999999999999734e-01 1.301900596199999649e-01 1.033793738542392038e-03
4.799999999999999822e-01 1.317758887799999890e-01 1.057472510466592229e-03
4.899999999999999911e-01 1.332174663000000314e-01 1.002573055864511243e-03
5.000000000000000000e-01 1.338504771100000323e-01 1.063671398062552729e-03
5.100000000000000089e-01 1.340908361299998908e-01 1.003665827752602295e-03
5.200000000000000178e-01 1.359346440700000547e-01 1.048574252638284675e-03
5.300000000000000266e-01 1.370051418400000109e-01 1.060908916068484687e-03
5.400000000000000355e-01 1.385199158099998107e-01 1.052114958521426771e-03
5.500000000000000444e-01 1.392083708300000944e-01 1.111455395047955845e-03
5.600000000000000533e-01 1.414800718400000268e-01 1.231374814791668520e-03
5.699999999999999512e-01 1.428204049099998374e-01 1.156359172459402911e-03
5.799999999999999600e-01 1.432959634200000609e-01 1.189998279668297038e-03
5.899999999999999689e-01 1.450450864499999160e-01 1.184700133680032658e-03
5.999999999999999778e-01 1.455911475600001614e-01 1.179774869794930495e-03
6.099999999999999867e-01 1.474233866900001300e-01 1.235198413695121631e-03
6.199999999999999956e-01 1.491789884500000218e-01 1.286917385867988872e-03
6.300000000000000044e-01 1.517369261599998409e-01 1.389575142386714063e-03
6.400000000000000133e-01 1.536170351899999453e-01 1.376816838915606795e-03
6.500000000000000222e-01 1.544315746200001505e-01 1.430368563407154051e-03
6.600000000000000311e-01 1.565348121099998102e-01 1.408086666736405685e-03
6.700000000000000400e-01 1.581128618799998165e-01 1.560646114369001200e-03
6.800000000000000488e-01 1.598095424399996189e-01 1.579371515578093226e-03
6.899999999999999467e-01 1.610676130399999184e-01 1.529435055681072379e-03
6.999999999999999556e-01 1.620623732500001968e-01 1.586921130558963632e-03
7.099999999999999645e-01 1.642263221699999665e-01 1.590344008216019707e-03
7.199999999999999734e-01 1.663992282000000267e-01 1.556111136298354977e-03
7.299999999999999822e-01 1.671263805200000896e-01 1.473412168335703999e-03
7.399999999999999911e-01 1.693176847100000271e-01 1.601928002891739224e-03
7.500000000000000000e-01 1.715451864400001913e-01 1.763068560357181676e-03
7.600000000000000089e-01 1.726891584800000490e-01 1.751793094570673745e-03
7.700000000000000178e-01 1.736492019000004106e-01 1.781277362074640616e-03
7.800000000000000266e-01 1.760374825600003190e-01 1.931923053479728562e-03
7.900000000000000355e-01 1.791541715200000995e-01 1.991483070068356554e-03
8.000000000000000444e-01 1.812407910199999861e-01 1.982685682611935816e-03
8.100000000000000533e-01 1.826921689800000692e-01 2.025763212080908260e-03
8.199999999999999512e-01 1.845114562199999531e-01 2.113694991383076489e-03
8.299999999999999600e-01 1.863677892399998592e-01 2.101353959502782597e-03
8.399999999999999689e-01 1.886633454899997175e-01 2.160970755507615575e-03
8.499999999999999778e-01 1.904713986400000392e-01 2.335337941908183657e-03
8.599999999999999867e-01 1.928203824100000741e-01 2.381935647325067202e-03
8.699999999999999956e-01 1.963071975700000360e-01 2.549599050491154276e-03
8.800000000000000044e-01 1.982815581799999283e-01 2.572558743067080485e-03
8.900000000000000133e-01 2.006521811099999664e-01 2.727146131373391503e-03
9.000000000000000222e-01 2.049002451099998789e-01 3.018231206668003583e-03
9.100000000000000311e-01 2.080285975799998355e-01 3.214278544898650173e-03
9.200000000000000400e-01 2.107791600799997778e-01 3.247767507132275772e-03
9.300000000000000488e-01 2.133730551299995448e-01 3.375712366336174833e-03
9.399999999999999467e-01 2.158998929199999195e-01 3.459005667215111525e-03
9.499999999999999556e-01 2.190381398700000370e-01 3.400296118661328294e-03
9.599999999999999645e-01 2.219317351099996671e-01 3.639984945648537529e-03
9.699999999999999734e-01 2.248234130099998340e-01 3.747554671863003763e-03
9.799999999999999822e-01 2.277694844700003107e-01 3.901966210585188811e-03
9.899999999999999911e-01 2.314763329899999778e-01 4.052729218548031809e-03
1.000000000000000000e+00 2.339044603800001232e-01 4.170904568740175199e-03
1.010000000000000009e+00 2.368717164600001590e-01 4.213801665608864558e-03
1.020000000000000018e+00 2.414062969900002131e-01 4.297772564484150445e-03
1.030000000000000027e+00 2.415437657100000524e-01 4.420887528310635771e-03
1.040000000000000036e+00 2.462312110300000634e-01 4.569528076641966863e-03
1.050000000000000044e+00 2.486817855500002283e-01 4.654564332162514431e-03
1.060000000000000053e+00 2.513951716799996405e-01 4.655806252244562224e-03
1.070000000000000062e+00 2.542917443799996846e-01 4.648839095365553224e-03
1.080000000000000071e+00 2.563974752600001183e-01 4.774104367444153597e-03
1.090000000000000080e+00 2.615439350200002289e-01 4.717908133320659891e-03
1.100000000000000089e+00 2.628984435699996958e-01 4.864709307627328172e-03
1.110000000000000098e+00 2.674168822099998732e-01 4.870082366862045486e-03
1.120000000000000107e+00 2.698761556600000056e-01 4.977537869651576206e-03
1.129999999999999893e+00 2.731822356100001570e-01 5.082863488920433617e-03
1.139999999999999902e+00 2.769769779700004264e-01 5.355120823521006268e-03
1.149999999999999911e+00 2.811192091499999934e-01 5.600695552633700239e-03
1.159999999999999920e+00 2.862230645999999656e-01 5.517965891332770288e-03
1.169999999999999929e+00 2.887915249199998757e-01 5.652551995250210820e-03
1.179999999999999938e+00 2.933778737699996864e-01 6.038623172125267939e-03
1.189999999999999947e+00 2.978252683599997841e-01 6.048502417342445196e-03
1.199999999999999956e+00 3.023708181900005565e-01 6.508082421237963884e-03
1.209999999999999964e+00 3.070874378899999813e-01 6.545947041618782082e-03
1.219999999999999973e+00 3.136046837099996099e-01 6.786273221460257035e-03
1.229999999999999982e+00 3.167421054100002520e-01 6.670476786614494731e-03
1.239999999999999991e+00 3.208646641800000365e-01 7.034401081988324138e-03
1.250000000000000000e+00 3.269396133300001006e-01 7.343787262472804833e-03
1.260000000000000009e+00 3.324499791799997994e-01 7.433895094435856096e-03
1.270000000000000018e+00 3.385497338399998668e-01 7.772948628577457456e-03
1.280000000000000027e+00 3.426404209499999687e-01 7.790423087394306514e-03
1.290000000000000036e+00 3.472120508099999503e-01 8.106418478308131600e-03
1.300000000000000044e+00 3.562745778200002156e-01 8.424454832314878100e-03
1.310000000000000053e+00 3.606404527699997864e-01 8.725748848473395894e-03
1.320000000000000062e+00 3.661400974199996439e-01 8.916987267330780259e-03
1.330000000000000071e+00 3.717398747300000306e-01 9.264086171309776629e-03
1.340000000000000080e+00 3.792656825600000392e-01 9.362123273406713908e-03
1.350000000000000089e+00 3.834953345799997360e-01 9.705817566735209373e-03
1.360000000000000098e+00 3.910881211799999146e-01 1.009712134476694820e-02
1.370000000000000107e+00 3.971956189900007761e-01 1.029084609921657005e-02
1.379999999999999893e+00 4.029747064399989420e-01 1.047135892343409660e-02
1.389999999999999902e+00 4.097322845700000493e-01 1.082367137388083600e-02
1.399999999999999911e+00 4.158164968199998257e-01 1.104481810090965702e-02
1.409999999999999920e+00 4.223754204400000378e-01 1.108463599221909054e-02
1.419999999999999929e+00 4.291980727800005502e-01 1.123217465867278747e-02
1.429999999999999938e+00 4.341689091100008335e-01 1.139679403236923405e-02
1.439999999999999947e+00 4.413346181399994683e-01 1.149847352748954374e-02
1.449999999999999956e+00 4.489532949099999115e-01 1.181492679342179344e-02
1.459999999999999964e+00 4.550472436199999304e-01 1.208309398676701146e-02
1.469999999999999973e+00 4.636421914700002977e-01 1.206517415336985644e-02
1.479999999999999982e+00 4.695158516100004231e-01 1.223447049298734268e-02
1.489999999999999991e+00 4.748924770000006457e-01 1.245644995596011453e-02
1.500000000000000000e+00 4.811623841000000068e-01 1.264117822607286994e-02
1.510000000000000009e+00 4.877330262799997040e-01 1.286232087499544936e-02
1.520000000000000018e+00 4.959676899799998484e-01 1.300472784417882124e-02
1.530000000000000027e+00 5.013810922300001582e-01 1.314285584568681241e-02
1.540000000000000036e+00 5.078957489500002254e-01 1.347177335195057571e-02
1.550000000000000044e+00 5.136914063800004371e-01 1.358013152467051760e-02
1.560000000000000053e+00 5.202579688900003108e-01 1.370450091995350887e-02
1.570000000000000062e+00 5.254539559200005483e-01 1.400542851268818563e-02
1.580000000000000071e+00 5.306797879900002624e-01 1.414920788991181136e-02
1.590000000000000080e+00 5.366317322399999368e-01 1.414839055952496483e-02
1.600000000000000089e+00 5.418442351599994655e-01 1.421442378972174840e-02
1.610000000000000098e+00 5.471070397200001878e-01 1.434600410950496313e-02
1.620000000000000107e+00 5.535095210400003962e-01 1.435472430856262437e-02
1.629999999999999893e+00 5.591400225400003920e-01 1.455220797305682365e-02
1.639999999999999902e+00 5.650184235099998675e-01 1.454005156164917684e-02
1.649999999999999911e+00 5.700909535300007214e-01 1.459603354008824801e-02
1.659999999999999920e+00 5.753822622700006661e-01 1.474671488958670396e-02
1.669999999999999929e+00 5.805259383900007730e-01 1.471992709211459444e-02
1.679999999999999938e+00 5.857817195599996918e-01 1.480454795813830951e-02
1.689999999999999947e+00 5.912992163900001596e-01 1.477062655813268094e-02
1.699999999999999956e+00 5.970198879399998271e-01 1.500215033208890381e-02
1.709999999999999964e+00 6.030917414399997734e-01 1.499097270583052074e-02
1.719999999999999973e+00 6.092492534700009177e-01 1.487981532520107029e-02
1.729999999999999982e+00 6.153526363599992610e-01 1.484500807260621599e-02
1.739999999999999991e+00 6.195262095799998203e-01 1.499605063173509341e-02
1.750000000000000000e+00 6.248542643499993554e-01 1.502649750949574571e-02
1.760000000000000009e+00 6.306685989199998232e-01 1.501268133127328652e-02
1.770000000000000018e+00 6.349366479999992707e-01 1.501771007780704041e-02
1.780000000000000027e+00 6.394916880000004467e-01 1.506189773375079394e-02
1.790000000000000036e+00 6.442856695499999953e-01 1.495068091718640586e-02
1.800000000000000044e+00 6.483154252300000753e-01 1.500243156736962881e-02
1.810000000000000053e+00 6.527158985399992286e-01 1.493014959279123643e-02
1.820000000000000062e+00 6.563778259400002701e-01 1.500806234888338656e-02
1.830000000000000071e+00 6.613829457699993419e-01 1.500089164855310069e-02
1.840000000000000080e+00 6.654295842799992089e-01 1.494329242964843527e-02
1.850000000000000089e+00 6.682202483000011517e-01 1.491694804391229499e-02
1.860000000000000098e+00 6.727629912400000523e-01 1.480129257088047719e-02
1.870000000000000107e+00 6.756022912800000446e-01 1.472981688717563131e-02
1.879999999999999893e+00 6.793045446399996745e-01 1.472086360477391047e-02
1.889999999999999902e+00 6.831453114599999044e-01 1.484997652357100337e-02
1.899999999999999911e+00 6.867114308599990835e-01 1.483853366208002546e-02
1.909999999999999920e+00 6.902847242499996483e-01 1.475532014233461690e-02
1.919999999999999929e+00 6.934533194400007705e-01 1.465356666387390011e-02
1.929999999999999938e+00 6.969598905000000677e-01 1.457633697910967925e-02
1.939999999999999947e+00 7.007968685500000072e-01 1.447338927474132488e-02
1.949999999999999956e+00 7.044420606599989254e-01 1.436702987550619003e-02
1.959999999999999964e+00 7.076217857100005615e-01 1.435516534456339824e-02
1.969999999999999973e+00 7.121404488299997171e-01 1.417739874878259226e-02
1.979999999999999982e+00 7.158446532300012377e-01 1.399662874614076083e-02
1.989999999999999991e+00 7.196907564400001345e-01 1.388958195392911432e-02
2.000000000000000000e+00 7.230448105800004743e-01 1.379401627406054431e-02
2.009999999999999787e+00 7.265456662200009408e-01 1.369681234389681299e-02
2.020000000000000018e+00 7.308465940500000757e-01 1.349025327718479314e-02
2.029999999999999805e+00 7.339505623800003375e-01 1.349431071334873146e-02
2.040000000000000036e+00 7.382358900699993454e-01 1.325882682634935139e-02
2.049999999999999822e+00 7.409526289099994667e-01 1.327044346926490974e-02
2.060000000000000053e+00 7.450994181299998020e-01 1.313551374011388134e-02
2.069999999999999840e+00 7.478872503099999181e-01 1.320621237555046068e-02
2.080000000000000071e+00 7.514889543099999569e-01 1.305550539751944641e-02
2.089999999999999858e+00 7.549831318400004321e-01 1.293918605652079161e-02
2.100000000000000089e+00 7.575120185800000572e-01 1.298470742683949068e-02
2.109999999999999876e+00 7.623527494799996473e-01 1.264879817661495459e-02
2.120000000000000107e+00 7.651320709000003495e-01 1.262156461670697373e-02
2.129999999999999893e+00 7.685590908799992960e-01 1.251623470844007852e-02
2.140000000000000124e+00 7.727255016199994220e-01 1.217390330608069011e-02
2.149999999999999911e+00 7.759485238900002413e-01 1.201836795997349161e-02
2.160000000000000142e+00 7.785519800500000365e-01 1.190756140017022388e-02
2.169999999999999929e+00 7.815034486900003241e-01 1.179605108904913623e-02
2.180000000000000160e+00 7.846922447700002134e-01 1.159037380275324686e-02
2.189999999999999947e+00 7.875845392399994926e-01 1.144098215496793837e-02
2.200000000000000178e+00 7.895563937399998622e-01 1.145798864503045841e-02
2.209999999999999964e+00 7.917623321799999170e-01 1.148798472536641593e-02
2.220000000000000195e+00 7.943769638800010080e-01 1.134236998320919433e-02
2.229999999999999982e+00 7.969754680999996399e-01 1.123225342989125387e-02
2.240000000000000213e+00 7.994802052500000755e-01 1.117837942898723159e-02
2.250000000000000000e+00 8.018478873599999002e-01 1.108981410803820504e-02
2.259999999999999787e+00 8.042873943699997419e-01 1.098287463158638400e-02
2.270000000000000018e+00 8.063747945800007200e-01 1.092116626104924076e-02
2.279999999999999805e+00 8.089462340499995463e-01 1.081208318146383539e-02
2.290000000000000036e+00 8.114334175500007573e-01 1.067217233372018750e-02
2.299999999999999822e+00 8.132693061099994791e-01 1.065518912694612269e-02
2.310000000000000053e+00 8.157948244200002863e-01 1.049768491636059869e-02
2.319999999999999840e+00 8.181290236900008450e-01 1.033766339719515044e-02
2.330000000000000071e+00 8.205625083500003303e-01 1.020542994056927201e-02
2.339999999999999858e+00 8.227795651600013915e-01 1.008742735408701095e-02
2.350000000000000089e+00 8.248874165699996430e-01 9.993964770434857550e-03
2.359999999999999876e+00 8.272992954800001408e-01 9.884715955680450222e-03
2.370000000000000107e+00 8.294446831599993075e-01 9.774461441170556597e-03
2.379999999999999893e+00 8.317639136799999111e-01 9.655489373724103486e-03
2.390000000000000124e+00 8.339350157299995070e-01 9.549177093665952437e-03
2.399999999999999911e+00 8.358153145799996908e-01 9.476994874869580296e-03
2.410000000000000142e+00 8.376084794399992761e-01 9.402482079150785085e-03
2.419999999999999929e+00 8.393926184000002344e-01 9.315476836536440430e-03
2.430000000000000160e+00 8.413025871699999492e-01 9.188968951738839264e-03
2.439999999999999947e+00 8.427675794099998008e-01 9.204669391984278762e-03
2.450000000000000178e+00 8.445673004600000588e-01 9.112986275530164659e-03
2.459999999999999964e+00 8.462726188599998256e-01 9.016120626241104843e-03
2.470000000000000195e+00 8.481030286899996495e-01 8.905329050611669392e-03
2.479999999999999982e+00 8.498045455300012874e-01 8.827476766243924980e-03
2.490000000000000213e+00 8.515142525899989101e-01 8.691991347044694671e-03
2.500000000000000000e+00 8.531534369099997850e-01 8.612439548346745993e-03
2.509999999999999787e+00 8.546959185900002698e-01 8.550931269631207449e-03
2.520000000000000018e+00 8.561876896999988107e-01 8.513873897998569529e-03
2.529999999999999805e+00 8.576485869300002340e-01 8.448593373663937367e-03
2.540000000000000036e+00 8.591864353400007204e-01 8.356020815044292935e-03
2.549999999999999822e+00 8.606373912300003814e-01 8.298058315762314383e-03
2.560000000000000053e+00 8.622274485100001051e-01 8.193740937519651893e-03
2.569999999999999840e+00 8.636431692099988400e-01 8.122191001833416191e-03
2.580000000000000071e+00 8.649201431999996581e-01 8.083248940809847904e-03
2.589999999999999858e+00 8.664316860299994261e-01 7.995829779738112056e-03
2.600000000000000089e+00 8.677173267700005743e-01 7.950570285837288420e-03
2.609999999999999876e+00 8.690388442300004401e-01 7.883128602657895473e-03
2.620000000000000107e+00 8.703268544699997999e-01 7.813156358774005217e-03
2.629999999999999893e+00 8.717293002700005067e-01 7.720629822353160081e-03
2.640000000000000124e+00 8.729959701400000771e-01 7.632658836827429030e-03
2.649999999999999911e+00 8.743582870600008494e-01 7.556504550333008677e-03
2.660000000000000142e+00 8.755508748399997154e-01 7.493052475558967251e-03
2.669999999999999929e+00 8.767391959900003862e-01 7.430355155432022754e-03
2.680000000000000160e+00 8.778760172499988634e-01 7.366961572586842519e-03
2.689999999999999947e+00 8.789442131300005956e-01 7.330044678910426978e-03
2.700000000000000178e+00 8.799635883900007727e-01 7.311670590715171371e-03
2.709999999999999964e+00 8.810116924399988836e-01 7.275264958097038374e-03
2.720000000000000195e+00 8.820363433000000253e-01 7.274350656235447667e-03
2.729999999999999982e+00 8.832150087100000269e-01 7.184503537717669940e-03
2.740000000000000213e+00 8.844290504599994218e-01 7.041106867445102828e-03
2.750000000000000000e+00 8.854657472099999316e-01 6.980300012974700354e-03
2.759999999999999787e+00 8.864141326199994619e-01 6.951805142624128790e-03
2.770000000000000018e+00 8.874038228999999722e-01 6.899794955053521403e-03
2.779999999999999805e+00 8.883886057299977823e-01 6.845755636140490354e-03
2.790000000000000036e+00 8.893301026000000054e-01 6.800470237038971216e-03
2.799999999999999822e+00 8.902336267000000580e-01 6.764019947457050770e-03
2.810000000000000053e+00 8.911265717200014258e-01 6.730687067758403877e-03
2.819999999999999840e+00 8.919599611199997558e-01 6.719286425252675617e-03
2.830000000000000071e+00 8.928528316000010623e-01 6.667851024913955260e-03
2.839999999999999858e+00 8.936625655699981241e-01 6.652044400712906619e-03
2.850000000000000089e+00 8.945244751800015548e-01 6.613911545312217352e-03
2.859999999999999876e+00 8.952850597100004970e-01 6.613558877442955383e-03
2.870000000000000107e+00 8.960998412199988605e-01 6.581565101271519974e-03
2.879999999999999893e+00 8.969368212500000714e-01 6.539711837215272071e-03
2.890000000000000124e+00 8.977767008799997228e-01 6.497241456101109959e-03
2.899999999999999911e+00 8.986441305100004717e-01 6.430608421647166818e-03
2.910000000000000142e+00 8.994296180200008761e-01 6.392613649204663233e-03
2.919999999999999929e+00 9.003018513100004006e-01 6.311379704671627247e-03
2.930000000000000160e+00 9.010360382399988932e-01 6.299232226242717364e-03
2.939999999999999947e+00 9.017006136200000910e-01 6.317803727066425602e-03
2.950000000000000178e+00 9.024486586599992366e-01 6.283541930374067844e-03
2.959999999999999964e+00 9.033726209299992593e-01 6.158932290722009609e-03
2.970000000000000195e+00 9.040956676899998268e-01 6.136693009451556213e-03
2.979999999999999982e+00 9.047249743000003175e-01 6.152104763386402088e-03
2.990000000000000213e+00 9.054722948199995791e-01 6.110195993621034098e-03
3.000000000000000000e+00 9.060831927799996022e-01 6.128481255588245739e-03
3.009999999999999787e+00 9.068606483800008000e-01 6.046831275958148601e-03
3.020000000000000018e+00 9.074906183300007756e-01 6.044840038379417808e-03
3.029999999999999805e+00 9.081726913099997800e-01 6.006271227360550184e-03
3.040000000000000036e+00 9.088544245499996510e-01 5.961398333294598215e-03
3.049999999999999822e+00 9.095012036800005362e-01 5.939011464667146890e-03
3.060000000000000053e+00 9.101855476099999231e-01 5.889178864993727808e-03
3.069999999999999840e+00 9.108419882600010675e-01 5.846445206067001597e-03
3.080000000000000071e+00 9.115058969500005048e-01 5.802022037022234666e-03
3.089999999999999858e+00 9.121061103600003328e-01 5.784107254912736890e-03
3.100000000000000089e+00 9.126715385000010450e-01 5.779887598731328451e-03
3.109999999999999876e+00 9.132951576900000257e-01 5.743536817153808635e-03
3.120000000000000107e+00 9.138767025300004176e-01 5.726629787866747111e-03
3.129999999999999893e+00 9.144350478200002907e-01 5.718975227150467980e-03
3.140000000000000124e+00 9.150276170899992456e-01 5.687838887327846364e-03
3.149999999999999911e+00 9.155713870500012952e-01 5.678810805775697315e-03
3.160000000000000142e+00 9.161275218500001261e-01 5.664471562779277089e-03
3.169999999999999929e+00 9.167067757900011493e-01 5.630699233538609752e-03
3.180000000000000160e+00 9.172480838199997821e-01 5.611413229093756977e-03
3.189999999999999947e+00 9.177639674100001033e-01 5.610228145722906921e-03
3.200000000000000178e+00 9.183001830399984966e-01 5.587105628234931287e-03
3.209999999999999964e+00 9.188312090599990434e-01 5.571136813825168684e-03
3.220000000000000195e+00 9.193483984899990524e-01 5.551572170160759025e-03
3.229999999999999982e+00 9.198569906600008173e-01 5.537297570109693881e-03
3.240000000000000213e+00 9.204241801999999417e-01 5.490178552886965449e-03
3.250000000000000000e+00 9.209279863699997293e-01 5.476086051026426808e-03
3.259999999999999787e+00 9.214617925900003836e-01 5.441246738605254492e-03
3.270000000000000018e+00 9.219300032599997419e-01 5.443453137342013637e-03
3.279999999999999805e+00 9.224161236400011399e-01 5.424435239626762897e-03
3.290000000000000036e+00 9.228612845299991596e-01 5.433647958553088249e-03
3.299999999999999822e+00 9.233590483899989376e-01 5.397447318230936056e-03
3.310000000000000053e+00 9.238672966600002256e-01 5.372828798756640323e-03
3.319999999999999840e+00 9.243652829499999779e-01 5.347376428465563415e-03
