7.199999999999999734e-01 4.016134383949999942e-02 1.278271082230451438e-04
7.299999999999999822e-01 4.068362939250002447e-02 1.290504557429720265e-04
7.399999999999999911e-01 4.110195668700001442e-02 1.399638348900687562e-04
7.500000000000000000e-01 4.154265138249999684e-02 1.373032153649713229e-04
7.600000000000000089e-01 4.197134108400004532e-02 1.436547742925492976e-04
7.700000000000000178e-01 4.219267232800005124e-02 1.416597293158346194e-04
7.800000000000000266e-01 4.269502971899997307e-02 1.401921611362438901e-04
7.900000000000000355e-01 4.321653710150001604e-02 1.428632517316763204e-04
8.000000000000000444e-01 4.350617469549998562e-02 1.347387043947178707e-04
8.100000000000000533e-01 4.400942235349995096e-02 1.587448661441555537e-04
8.199999999999999512e-01 4.452138173149997047e-02 1.531339697049718235e-04
8.299999999999999600e-01 4.484884813300001744e-02 1.545100118821114883e-04
8.399999999999999689e-01 4.539174544649995924e-02 1.509444539356027536e-04
8.499999999999999778e-01 4.585532628349998224e-02 1.526449249723016443e-04
8.599999999999999867e-01 4.642572127549999400e-02 1.695399476586562906e-04
8.699999999999999956e-01 4.684903554500002149e-02 1.602950306436368481e-04
8.800000000000000044e-01 4.748379031849998128e-02 1.625924359122900742e-04
8.900000000000000133e-01 4.799911769200004841e-02 1.799134496138008854e-04
9.000000000000000222e-01 4.827144507050006722e-02 1.654345008692462810e-04
9.100000000000000311e-01 4.875468027899992896e-02 1.838732571285410131e-04
9.200000000000000400e-01 4.945919362300002509e-02 1.793795351922525402e-04
9.300000000000000488e-01 4.999244497399997489e-02 1.941304210811971320e-04
9.399999999999999467e-01 5.065155971300003279e-02 1.991758411536060540e-04
9.499999999999999556e-01 5.133748594100002310e-02 1.887405173626128326e-04
9.599999999999999645e-01 5.178337018050008234e-02 2.019425092812290716e-04
9.699999999999999734e-01 5.242178448450005718e-02 1.996489755818751011e-04
9.799999999999999822e-01 5.283864828849996892e-02 1.936966282995752735e-04
9.899999999999999911e-01 5.352330864950000794e-02 2.011488986889234420e-04
1.000000000000000000e+00 5.414034171100000348e-02 2.094670101601539601e-04
1.010000000000000009e+00 5.481795421499997822e-02 2.082445316127786805e-04
1.020000000000000018e+00 5.558139151349993090e-02 2.232229905437825210e-04
1.030000000000000027e+00 5.625311954250001439e-02 2.322362885495046878e-04
1.040000000000000036e+00 5.683070911249992613e-02 2.183533586689752044e-04
1.050000000000000044e+00 5.775269190550001708e-02 2.356711847117642087e-04
1.060000000000000053e+00 5.851143260349997433e-02 2.324283996178322517e-04
1.070000000000000062e+00 5.944187104899999879e-02 2.583481423622992906e-04
1.080000000000000071e+00 5.967228356549997281e-02 2.631309692193884320e-04
1.090000000000000080e+00 6.064086280399995366e-02 2.693658992395462498e-04
1.100000000000000089e+00 6.162225578699997985e-02 2.654598868276310318e-04
1.110000000000000098e+00 6.214564522099995381e-02 2.975767100058279192e-04
1.120000000000000107e+00 6.342693161400003721e-02 3.174435032441970633e-04
1.129999999999999893e+00 6.409450323999998922e-02 3.139219490252498162e-04
1.139999999999999902e+00 6.493216517850003422e-02 3.187885557049374404e-04
1.149999999999999911e+00 6.586505784099999650e-02 3.151734819080687067e-04
1.159999999999999920e+00 6.714033720499995583e-02 3.482476095578589288e-04
1.169999999999999929e+00 6.796561494899998335e-02 3.375310499383736042e-04
1.179999999999999938e+00 6.903889292550000056e-02 3.727427358039308225e-04
1.189999999999999947e+00 6.998419813149993340e-02 3.480713283191023554e-04
1.199999999999999956e+00 7.118779900350002965e-02 3.803147449734656520e-04
1.209999999999999964e+00 7.234229733749997227e-02 4.116886889279357557e-04
1.219999999999999973e+00 7.332177002500010754e-02 4.301821785972810433e-04
1.229999999999999982e+00 7.467215896299990441e-02 4.316039562223332698e-04
1.239999999999999991e+00 7.579782005699994829e-02 4.691539037659212983e-04
1.250000000000000000e+00 7.688339814050007548e-02 4.581030612712750152e-04
1.260000000000000009e+00 7.829693653549991972e-02 4.655461075805701621e-04
1.270000000000000018e+00 7.969656594400000016e-02 5.764951202685678934e-04
1.280000000000000027e+00 8.152822948300006423e-02 5.210937926768681883e-04
1.290000000000000036e+00 8.243287807650004351e-02 5.264012003446106019e-04
1.300000000000000044e+00 8.440615743700001505e-02 5.229517197128361094e-04
1.310000000000000053e+00 8.521992038700013095e-02 5.745668765437149860e-04
1.320000000000000062e+00 8.740552956049997546e-02 6.230536890979919244e-04
1.330000000000000071e+00 8.794440760950009150e-02 6.022426945271668009e-04
1.340000000000000080e+00 9.004481255049995303e-02 6.633169264605848475e-04
1.350000000000000089e+00 9.206809958299994046e-02 6.844270757270772085e-04
1.360000000000000098e+00 9.414351163400001832e-02 6.921765547536043494e-04
1.370000000000000107e+00 9.547852333550001236e-02 7.723383052985264945e-04
1.379999999999999893e+00 9.798536937550016146e-02 7.693992463619990898e-04
1.389999999999999902e+00 9.970974704399994393e-02 8.911167155043232813e-04
1.399999999999999911e+00 1.026583959304998156e-01 8.918285687504573208e-04
1.409999999999999920e+00 1.040974686439999908e-01 9.463724402682851655e-04
1.419999999999999929e+00 1.060519517804999062e-01 1.019876465517366698e-03
1.429999999999999938e+00 1.092538650764999925e-01 1.097697434381340919e-03
1.439999999999999947e+00 1.115358405900000460e-01 1.213379955239890767e-03
1.449999999999999956e+00 1.141356877434999556e-01 1.229690976350582060e-03
1.459999999999999964e+00 1.165153705375000098e-01 1.289554878760900899e-03
1.469999999999999973e+00 1.205484032775001324e-01 1.491590110192464198e-03
1.479999999999999982e+00 1.231186277779998811e-01 1.506797622280252325e-03
1.489999999999999991e+00 1.257929009114999164e-01 1.626051297767512355e-03
1.500000000000000000e+00 1.297446833470000116e-01 1.823003990445723607e-03
1.510000000000000009e+00 1.330507814530000055e-01 1.786123126344193492e-03
1.520000000000000018e+00 1.369136830314999220e-01 2.000967753820555219e-03
1.530000000000000027e+00 1.400131781510000339e-01 2.039091314717124577e-03
1.540000000000000036e+00 1.449682644890002703e-01 2.338501775594775678e-03
1.550000000000000044e+00 1.485834126150000212e-01 2.496402074017117952e-03
1.560000000000000053e+00 1.531120202369998518e-01 2.625489758429613331e-03
1.570000000000000062e+00 1.578026868449999287e-01 2.778690927883390241e-03
1.580000000000000071e+00 1.634975252900000009e-01 3.013866189939989112e-03
1.590000000000000080e+00 1.673704861299999958e-01 3.110052893937583982e-03
1.600000000000000089e+00 1.731182825050000262e-01 3.362390720036090037e-03
1.610000000000000098e+00 1.792056061200003325e-01 3.580014226957249721e-03
1.620000000000000107e+00 1.848565680949999790e-01 3.741613414674570259e-03
1.629999999999999893e+00 1.901041548149999816e-01 3.897747746487763548e-03
1.639999999999999902e+00 1.972203292799996621e-01 4.061386635170909955e-03
1.649999999999999911e+00 2.053752378599998096e-01 4.423278325440086443e-03
1.659999999999999920e+00 2.119001406699999313e-01 4.673212764908609047e-03
1.669999999999999929e+00 2.192058493050000334e-01 5.075114159683886267e-03
1.679999999999999938e+00 2.259437329799998118e-01 5.267357723398601727e-03
1.689999999999999947e+00 2.337823036000000743e-01 5.531587725495253419e-03
1.699999999999999956e+00 2.431531055399998864e-01 5.826331529826145328e-03
1.709999999999999964e+00 2.497843152300000813e-01 6.135177969875576891e-03
1.719999999999999973e+00 2.576644928600002049e-01 6.306661339432085601e-03
1.729999999999999982e+00 2.676994953099999797e-01 6.554497766742957594e-03
1.739999999999999991e+00 2.771160732800000970e-01 6.723154371463699493e-03
1.750000000000000000e+00 2.870103377349998985e-01 6.944777441588934758e-03
1.760000000000000009e+00 2.949790065099997527e-01 7.037532677393846733e-03
1.770000000000000018e+00 3.055115390900001726e-01 7.174518902973482833e-03
1.780000000000000027e+00 3.158423430150001932e-01 7.415385371780318369e-03
1.790000000000000036e+00 3.263541325799999560e-01 7.478594022904687562e-03
1.800000000000000044e+00 3.354490760600005728e-01 7.636683087320240461e-03
1.810000000000000053e+00 3.439850607449999043e-01 7.919426844802641280e-03
1.820000000000000062e+00 3.556726332749998165e-01 7.906365699896542032e-03
1.830000000000000071e+00 3.668362033899997821e-01 8.001586089353061176e-03
1.840000000000000080e+00 3.788554430049999033e-01 8.023196833733153496e-03
1.850000000000000089e+00 3.886841470049993696e-01 8.170718243889487156e-03
1.860000000000000098e+00 4.002883913949996098e-01 8.196084971939495215e-03
1.870000000000000107e+00 4.106819278799993533e-01 8.301287816288140456e-03
1.879999999999999893e+00 4.223131395750005512e-01 8.263235834801489071e-03
1.889999999999999902e+00 4.317754292299997854e-01 8.287484409642508626e-03
1.899999999999999911e+00 4.434306313250000464e-01 8.232348662254468721e-03
1.909999999999999920e+00 4.546704977750001819e-01 8.100974123016390846e-03
1.919999999999999929e+00 4.652372775950006645e-01 8.124784702553747295e-03
1.929999999999999938e+00 4.767051485450004011e-01 8.025537742091977400e-03
1.939999999999999947e+00 4.865937932799997423e-01 8.016285074576549527e-03
1.949999999999999956e+00 4.975870031849998765e-01 7.845608243081947375e-03
1.959999999999999964e+00 5.078176473000000080e-01 7.749791790758001411e-03
1.969999999999999973e+00 5.174971248200003204e-01 7.678508879713865677e-03
1.979999999999999982e+00 5.280587099499997050e-01 7.599151796534786216e-03
1.989999999999999991e+00 5.379750802599999604e-01 7.509037476917188557e-03
2.000000000000000000e+00 5.485273683100003739e-01 7.192260941954835111e-03
2.009999999999999787e+00 5.582457751600004014e-01 7.127330550669819069e-03
2.020000000000000018e+00 5.680675586099988017e-01 6.875571388646979643e-03
2.029999999999999805e+00 5.774346900550009209e-01 6.671766314131847252e-03
2.040000000000000036e+00 5.867464428499999940e-01 6.559467861384639213e-03
2.049999999999999822e+00 5.964257259150000934e-01 6.239113157441597210e-03
2.060000000000000053e+00 6.046609896900001502e-01 6.162055009991824692e-03
2.069999999999999840e+00 6.127680072150000212e-01 5.928212486455523844e-03
2.080000000000000071e+00 6.198861680549994091e-01 5.840406071317486014e-03
2.089999999999999858e+00 6.277690531749993141e-01 5.600166286073618091e-03
2.100000000000000089e+00 6.343133030100003289e-01 5.551309791921530019e-03
2.109999999999999876e+00 6.419188764350006737e-01 5.368190602436086374e-03
2.120000000000000107e+00 6.481220925499993069e-01 5.330339068502204687e-03
2.129999999999999893e+00 6.546660531449994824e-01 5.159487889347466258e-03
2.140000000000000124e+00 6.609096471949985618e-01 5.050617357572656681e-03
2.149999999999999911e+00 6.669596884150000848e-01 4.961093250203182578e-03
2.160000000000000142e+00 6.729034114900006580e-01 4.822277102269538138e-03
2.169999999999999929e+00 6.790104438900000927e-01 4.676567143056006674e-03
2.180000000000000160e+00 6.844923965149992684e-01 4.649832915072025542e-03
2.189999999999999947e+00 6.901190711050004811e-01 4.521180377567138656e-03
2.200000000000000178e+00 6.950860785899997119e-01 4.439954006599146873e-03
2.209999999999999964e+00 7.002090008850003766e-01 4.282828165528782330e-03
2.220000000000000195e+00 7.053941475349998491e-01 4.115206685891732025e-03
2.229999999999999982e+00 7.103501943300006838e-01 3.991265046834611627e-03
2.240000000000000213e+00 7.149156608500000232e-01 3.907781221771835199e-03
2.250000000000000000e+00 7.195398190799999760e-01 3.809239478955393429e-03
2.259999999999999787e+00 7.239038803849994208e-01 3.690379849795936019e-03
2.270000000000000018e+00 7.279756924350000435e-01 3.624842740845544715e-03
2.279999999999999805e+00 7.323317597049995298e-01 3.532185395897829028e-03
2.290000000000000036e+00 7.364323357700002237e-01 3.457775495305346388e-03
2.299999999999999822e+00 7.405582281400001632e-01 3.353949491071900758e-03
2.310000000000000053e+00 7.443534339400003086e-01 3.295359546782844137e-03
