3.499999999999999778e-01 4.131581934649992960e-02 1.182114848259736085e-04
3.599999999999999867e-01 4.173273406050002216e-02 1.258098361567254030e-04
3.699999999999999956e-01 4.210566794700004029e-02 1.281188209694307924e-04
3.800000000000000044e-01 4.254221698949996189e-02 1.275390267235823041e-04
3.900000000000000133e-01 4.298061076949993148e-02 1.428145638483428856e-04
4.000000000000000222e-01 4.313584682099996098e-02 1.348170757606775101e-04
4.099999999999999756e-01 4.349925348650001550e-02 1.317100607005488601e-04
4.199999999999999845e-01 4.403804329549997759e-02 1.317149694807241407e-04
4.299999999999999933e-01 4.422640780499999258e-02 1.391414527261117685e-04
4.400000000000000022e-01 4.466200426849995658e-02 1.500313531256199594e-04
4.500000000000000111e-01 4.510626600699993438e-02 1.358512810488761316e-04
4.600000000000000200e-01 4.556595401150012603e-02 1.476993028599654016e-04
4.699999999999999734e-01 4.577244720649999848e-02 1.473885724095882403e-04
4.799999999999999822e-01 4.624379610649995836e-02 1.460224141264521169e-04
4.899999999999999911e-01 4.695539500149995688e-02 1.467314261664105259e-04
5.000000000000000000e-01 4.711953726900003359e-02 1.600404170779878615e-04
5.100000000000000089e-01 4.769904090600003005e-02 1.700304186442652471e-04
5.200000000000000178e-01 4.807652158050004093e-02 1.588791754778184819e-04
5.300000000000000266e-01 4.839247934999992701e-02 1.605156787620273416e-04
5.400000000000000355e-01 4.901361941500007036e-02 1.770506056184160330e-04
5.500000000000000444e-01 4.954399628000002997e-02 1.835864971274488665e-04
5.600000000000000533e-01 4.985089459150000846e-02 1.855840279178424396e-04
5.699999999999999512e-01 5.040876745150003196e-02 1.806647793610177558e-04
5.799999999999999600e-01 5.071791839650002798e-02 1.769554835612622830e-04
5.899999999999999689e-01 5.126911135899993310e-02 1.733419224806622035e-04
5.999999999999999778e-01 5.164252113200001187e-02 1.649987655663770784e-04
6.099999999999999867e-01 5.221618488900001825e-02 1.821169171221634396e-04
6.199999999999999956e-01 5.271301836000003710e-02 1.953902842012774320e-04
6.300000000000000044e-01 5.317555005749999980e-02 1.949223854913711257e-04
6.400000000000000133e-01 5.379645043049997161e-02 1.969981432305068143e-04
6.500000000000000222e-01 5.431364201899994970e-02 2.005095988600303595e-04
6.600000000000000311e-01 5.481472334550000630e-02 2.205788410785648420e-04
6.700000000000000400e-01 5.550189314099997218e-02 2.070204992016437334e-04
6.800000000000000488e-01 5.612573172700001389e-02 2.109021462675747202e-04
6.899999999999999467e-01 5.647574877950010258e-02 2.104099415414192637e-04
6.999999999999999556e-01 5.715353695149995306e-02 2.103956124380559380e-04
7.099999999999999645e-01 5.778096420399994604e-02 2.271410578696828270e-04
7.199999999999999734e-01 5.801620990100001679e-02 2.337786542316298323e-04
7.299999999999999822e-01 5.900056800249996181e-02 2.353870957981662895e-04
7.399999999999999911e-01 5.950560683100001441e-02 2.372803932491823276e-04
7.500000000000000000e-01 6.001672355499992895e-02 2.567236236314346214e-04
7.600000000000000089e-01 6.075150719299991786e-02 2.538353801533594733e-04
7.700000000000000178e-01 6.157516295099998288e-02 2.335693547525781563e-04
7.800000000000000266e-01 6.203675625100000396e-02 2.479349291452543355e-04
7.900000000000000355e-01 6.288547185499999970e-02 2.777922355989143055e-04
8.000000000000000444e-01 6.349945237450008162e-02 2.835282716117239026e-04
8.100000000000000533e-01 6.397330966000008834e-02 2.924807152218447128e-04
8.199999999999999512e-01 6.500302390149995113e-02 2.710224597022578086e-04
8.299999999999999600e-01 6.564997632600003130e-02 2.896398238882273452e-04
8.399999999999999689e-01 6.648843566800001492e-02 2.995637782363613994e-04
8.499999999999999778e-01 6.721740825999998614e-02 2.825162837112866316e-04
8.599999999999999867e-01 6.785964598900001699e-02 3.010393812750572235e-04
8.699999999999999956e-01 6.871197195300002281e-02 3.164066033594634445e-04
8.800000000000000044e-01 6.982103511500006854e-02 3.274385759629519109e-04
8.900000000000000133e-01 7.025283875099995468e-02 3.288126346258014496e-04
9.000000000000000222e-01 7.156246064900008419e-02 3.210669777127922431e-04
9.100000000000000311e-01 7.207382841249995731e-02 3.313345836569644705e-04
9.200000000000000400e-01 7.290535437650001727e-02 3.408252974739698856e-04
9.300000000000000488e-01 7.396144168400008156e-02 3.512312527174706197e-04
9.399999999999999467e-01 7.478480426099994027e-02 3.634639355064185466e-04
9.499999999999999556e-01 7.605824581399987794e-02 3.484711815748173474e-04
9.599999999999999645e-01 7.699263487949994933e-02 3.664600454104259466e-04
9.699999999999999734e-01 7.762781522650001598e-02 3.785082245067088527e-04
9.799999999999999822e-01 7.888845323450000002e-02 4.239460404070159185e-04
9.899999999999999911e-01 7.982619979849993330e-02 4.126266056574792230e-04
1.000000000000000000e+00 8.141022940049984224e-02 4.295465576636437756e-04
1.010000000000000009e+00 8.222745337050005321e-02 4.402137708988736620e-04
1.020000000000000018e+00 8.353426685599994739e-02 4.646476656029742110e-04
1.030000000000000027e+00 8.417940220999992063e-02 4.671583048121608246e-04
1.040000000000000036e+00 8.568139452249999566e-02 5.492389145965930830e-04
1.050000000000000044e+00 8.674380061999997782e-02 5.167570525363669254e-04
1.060000000000000053e+00 8.810838929850008105e-02 4.945084219792556315e-04
1.070000000000000062e+00 8.954366160299984112e-02 6.050310046261643754e-04
1.080000000000000071e+00 9.075270967599989580e-02 5.977802179943518578e-04
1.090000000000000080e+00 9.229739000050006525e-02 5.896640272694119323e-04
1.100000000000000089e+00 9.336206319450011948e-02 6.168670491148353554e-04
1.110000000000000098e+00 9.510691652999994639e-02 6.855837645974247876e-04
1.120000000000000107e+00 9.675998890249999651e-02 6.554638462328565840e-04
1.129999999999999893e+00 9.777772166850008662e-02 7.507114835679182816e-04
1.139999999999999902e+00 9.950683803049997778e-02 6.983484864964657280e-04
1.149999999999999911e+00 1.012350969265000539e-01 7.546566409186866459e-04
1.159999999999999920e+00 1.028192448825000355e-01 7.913461160501480702e-04
1.169999999999999929e+00 1.044268775620001005e-01 7.900182736874802013e-04
1.179999999999999938e+00 1.058475382295000905e-01 8.531677268991218937e-04
1.189999999999999947e+00 1.080610908129999576e-01 9.172321683153777244e-04
1.199999999999999956e+00 1.093147429760000650e-01 9.834746119629406320e-04
1.209999999999999964e+00 1.113699139150000350e-01 9.409141641567101951e-04
1.219999999999999973e+00 1.134821645010000712e-01 9.878104534062172922e-04
1.229999999999999982e+00 1.156948476745000565e-01 1.095446269188129172e-03
1.239999999999999991e+00 1.175208408745000294e-01 1.156636675434926254e-03
1.250000000000000000e+00 1.203924077494999550e-01 1.172549226886455097e-03
1.260000000000000009e+00 1.226777183274998934e-01 1.258399317053429623e-03
1.270000000000000018e+00 1.242390430079999969e-01 1.260791328902225372e-03
1.280000000000000027e+00 1.269700855795000138e-01 1.345491517836407743e-03
1.290000000000000036e+00 1.287049667859998803e-01 1.415468441195294295e-03
1.300000000000000044e+00 1.312896949510000411e-01 1.425719002813077016e-03
1.310000000000000053e+00 1.344934618249999381e-01 1.516318157700635109e-03
1.320000000000000062e+00 1.373108747299998655e-01 1.645664907138426683e-03
1.330000000000000071e+00 1.399840370649999555e-01 1.785856145259887397e-03
1.340000000000000080e+00 1.422836766775002204e-01 1.835230324981737896e-03
1.350000000000000089e+00 1.458377856199999656e-01 1.884569084846640348e-03
1.360000000000000098e+00 1.492125226199998711e-01 1.975902884596579881e-03
1.370000000000000107e+00 1.512675960800003994e-01 2.039602948818513076e-03
1.379999999999999893e+00 1.560455612800001612e-01 2.210549726253829665e-03
1.389999999999999902e+00 1.579538306449997653e-01 2.225769230847728358e-03
1.399999999999999911e+00 1.620859065849999114e-01 2.457925324204294614e-03
1.409999999999999920e+00 1.654025011999998851e-01 2.458199553972604656e-03
1.419999999999999929e+00 1.693906480750000110e-01 2.603589135274216211e-03
1.429999999999999938e+00 1.731034203700002883e-01 2.764125801742904794e-03
1.439999999999999947e+00 1.772155246249998706e-01 2.924165619932457636e-03
1.449999999999999956e+00 1.817610911149998287e-01 3.078174200551603897e-03
1.459999999999999964e+00 1.868561157450001065e-01 3.241963113021099040e-03
1.469999999999999973e+00 1.921841572350000416e-01 3.360730601173173883e-03
1.479999999999999982e+00 1.955860169100002988e-01 3.517664443313389677e-03
1.489999999999999991e+00 2.005641580699999704e-01 3.769555649601341422e-03
1.500000000000000000e+00 2.074566554050003286e-01 3.976783184324165533e-03
1.510000000000000009e+00 2.123174581700001118e-01 4.273433073830579763e-03
1.520000000000000018e+00 2.177418508000004138e-01 4.234355589199318218e-03
1.530000000000000027e+00 2.234727167250000757e-01 4.518469746956399295e-03
1.540000000000000036e+00 2.292517572499999934e-01 4.588244699865694047e-03
1.550000000000000044e+00 2.358485991799998960e-01 4.850238546092358605e-03
1.560000000000000053e+00 2.410946822449997751e-01 5.087228608642682323e-03
1.570000000000000062e+00 2.496645737849999824e-01 5.291397455866476279e-03
1.580000000000000071e+00 2.568567184999998032e-01 5.453981222689436442e-03
1.590000000000000080e+00 2.632317252649994388e-01 5.661788054552751269e-03
1.600000000000000089e+00 2.700370338949998894e-01 5.942228879817099303e-03
1.610000000000000098e+00 2.770514927800002969e-01 6.029156696309833502e-03
1.620000000000000107e+00 2.842036762599997601e-01 6.289896338861629410e-03
1.629999999999999893e+00 2.934736088349998995e-01 6.462368529008649838e-03
1.639999999999999902e+00 2.997033506050002516e-01 6.701771804383590582e-03
1.649999999999999911e+00 3.080997510299998132e-01 6.805116352138177067e-03
1.659999999999999920e+00 3.157614362599994173e-01 7.039959373697115066e-03
1.669999999999999929e+00 3.251699474149995495e-01 7.196716260456641201e-03
1.679999999999999938e+00 3.329256426349998521e-01 7.291508118777860308e-03
1.689999999999999947e+00 3.409974193899998340e-01 7.399531213638598989e-03
1.699999999999999956e+00 3.493431386250003268e-01 7.594070999591855109e-03
1.709999999999999964e+00 3.587008418299998946e-01 7.753411276309764115e-03
1.719999999999999973e+00 3.670986684199998296e-01 7.972813386732570048e-03
1.729999999999999982e+00 3.776842072200003453e-01 8.035329890078176870e-03
1.739999999999999991e+00 3.876373791200002916e-01 8.062511196890095877e-03
1.750000000000000000e+00 3.960178090349998348e-01 8.189552043290941261e-03
1.760000000000000009e+00 4.047562793499995815e-01 8.394319703032728300e-03
1.770000000000000018e+00 4.141271431549998772e-01 8.485436420654602144e-03
1.780000000000000027e+00 4.245865933599998754e-01 8.494430635145698918e-03
1.790000000000000036e+00 4.346026485949997520e-01 8.522213964666952926e-03
1.800000000000000044e+00 4.444055524349998509e-01 8.536348633564548941e-03
1.810000000000000053e+00 4.534461335849997998e-01 8.687076078847440902e-03
1.820000000000000062e+00 4.624633922100006012e-01 8.781444501819156770e-03
1.830000000000000071e+00 4.729645168200006800e-01 8.662233835337122476e-03
1.840000000000000080e+00 4.820788651399993685e-01 8.658817453800990785e-03
1.850000000000000089e+00 4.908087150699999568e-01 8.674809426032444037e-03
1.860000000000000098e+00 4.998721531749993341e-01 8.661613184363774545e-03
1.870000000000000107e+00 5.091360326200001785e-01 8.606962722710418540e-03
1.879999999999999893e+00 5.193124260050008267e-01 8.508268380769410180e-03
1.889999999999999902e+00 5.274679969549995739e-01 8.520400182923952917e-03
1.899999999999999911e+00 5.366253955849994428e-01 8.343641538821115061e-03
1.909999999999999920e+00 5.454376198049997182e-01 8.225455295932439584e-03
1.919999999999999929e+00 5.529508509499997393e-01 8.215006634027114188e-03
1.929999999999999938e+00 5.619224075450003353e-01 8.018147946414241889e-03
1.939999999999999947e+00 5.700429786800003118e-01 7.993813944011515446e-03
1.949999999999999956e+00 5.792591327899992981e-01 7.795891528263613514e-03
1.959999999999999964e+00 5.864599249450002105e-01 7.720951513715946721e-03
1.969999999999999973e+00 5.948766932800001461e-01 7.545482153689541185e-03
1.979999999999999982e+00 6.020824128550005261e-01 7.421237693154097287e-03
1.989999999999999991e+00 6.094902128950006048e-01 7.304403197669573529e-03
2.000000000000000000e+00 6.165039507700004195e-01 7.211206384832030344e-03
2.009999999999999787e+00 6.243534587249988110e-01 7.018690590493720065e-03
2.020000000000000018e+00 6.306307816450005266e-01 6.922421589538218373e-03
2.029999999999999805e+00 6.374473952450002701e-01 6.726458606360929612e-03
2.040000000000000036e+00 6.442881283999996045e-01 6.580623000764695453e-03
2.049999999999999822e+00 6.500551240950006582e-01 6.547000432183263871e-03
2.060000000000000053e+00 6.560305061000006877e-01 6.447175606297245350e-03
2.069999999999999840e+00 6.615951437049996109e-01 6.394577351041028090e-03
2.080000000000000071e+00 6.671962964849997846e-01 6.289016533327957889e-03
2.089999999999999858e+00 6.731449695050013560e-01 6.090761261337985198e-03
2.100000000000000089e+00 6.789216278249994296e-01 5.971687723063215901e-03
2.109999999999999876e+00 6.844541501149996598e-01 5.908102505017705751e-03
2.120000000000000107e+00 6.902704124050000889e-01 5.731793883516506267e-03
2.129999999999999893e+00 6.947098975699997903e-01 5.745917777275929943e-03
2.140000000000000124e+00 7.000691151649999222e-01 5.587934155110612852e-03
2.149999999999999911e+00 7.053980439900009447e-01 5.401922460650291323e-03
2.160000000000000142e+00 7.104294366899994717e-01 5.285772248560002655e-03
2.169999999999999929e+00 7.143923630149995319e-01 5.326486180211777860e-03
2.180000000000000160e+00 7.191997856449999782e-01 5.174435848532994535e-03
2.189999999999999947e+00 7.234377450050004654e-01 5.068695761198476445e-03
2.200000000000000178e+00 7.283249257550009625e-01 4.905311726139971809e-03
2.209999999999999964e+00 7.324558455900004317e-01 4.873240281315349524e-03
2.220000000000000195e+00 7.367813286799996808e-01 4.736795041503431142e-03
2.229999999999999982e+00 7.405885195850008262e-01 4.702752207266839256e-03
2.240000000000000213e+00 7.443361490299997829e-01 4.621346952400255149e-03
2.250000000000000000e+00 7.480720607299997660e-01 4.542004218550985128e-03
2.259999999999999787e+00 7.516478280500004105e-01 4.496166895944081303e-03
2.270000000000000018e+00 7.553727123849997005e-01 4.382433240962425175e-03
2.279999999999999805e+00 7.590627983100006748e-01 4.300072488682826245e-03
2.290000000000000036e+00 7.623665612099997935e-01 4.208252581464596957e-03
2.299999999999999822e+00 7.658308155400000983e-01 4.095059438212659587e-03
2.310000000000000053e+00 7.690695690200011203e-01 4.038114946268268370e-03
2.319999999999999840e+00 7.720471095649988902e-01 3.971238485374613096e-03
2.330000000000000071e+00 7.753787899699993158e-01 3.886995650442510043e-03
2.339999999999999858e+00 7.784562682050003568e-01 3.829780351778776758e-03
2.350000000000000089e+00 7.815192751299990803e-01 3.725693716098441369e-03
2.359999999999999876e+00 7.842909747050006430e-01 3.644766629363225836e-03
2.370000000000000107e+00 7.870452122050004551e-01 3.633224675187621527e-03
2.379999999999999893e+00 7.898752137199993584e-01 3.565577782066131803e-03
2.390000000000000124e+00 7.924351242849999588e-01 3.519103288825034623e-03
2.399999999999999911e+00 7.947932507850010708e-01 3.491530196348018207e-03
2.410000000000000142e+00 7.974816051850008858e-01 3.399941978866420286e-03
2.419999999999999929e+00 8.000398553499995513e-01 3.305434308108414973e-03
