1.900000000000000022e-01 1.025866133030000349e-01 5.527428986323011141e-04
2.000000000000000111e-01 1.038123569059999363e-01 5.138882196976373579e-04
2.099999999999999922e-01 1.044588257299998574e-01 5.070577279606350166e-04
2.200000000000000011e-01 1.051572861340000498e-01 5.751664066882969731e-04
2.300000000000000100e-01 1.061770877389997397e-01 5.705990216618530599e-04
2.399999999999999911e-01 1.067431860610001809e-01 5.598128804382027307e-04
2.500000000000000000e-01 1.073627882129999517e-01 5.640243822571419478e-04
2.600000000000000089e-01 1.084834581449999752e-01 5.974053125352632573e-04
2.700000000000000178e-01 1.088720244139999849e-01 6.393720498700680667e-04
2.800000000000000266e-01 1.105425113320001040e-01 6.249494148175060515e-04
2.899999999999999800e-01 1.110840963029999240e-01 6.615142025204693438e-04
2.999999999999999889e-01 1.121328962110001021e-01 7.181370077019902896e-04
3.099999999999999978e-01 1.128294888269998492e-01 6.717552060643817123e-04
3.200000000000000067e-01 1.134076727590001554e-01 6.646668584806478524e-04
3.300000000000000155e-01 1.137146260040000217e-01 7.226564430935179459e-04
3.400000000000000244e-01 1.151023222630000037e-01 6.931040427508897931e-04
3.499999999999999778e-01 1.161840121060001424e-01 7.158411343501848868e-04
3.599999999999999867e-01 1.168809853800000659e-01 7.407551310374149191e-04
3.699999999999999956e-01 1.179849502140001422e-01 7.664025018247028979e-04
3.800000000000000044e-01 1.195141708599999769e-01 7.943985190862736185e-04
3.900000000000000133e-01 1.203823837099998739e-01 8.569444671624502170e-04
4.000000000000000222e-01 1.213737330400001674e-01 8.068129537091987043e-04
4.099999999999999756e-01 1.228164066900000878e-01 8.675832648679566734e-04
4.199999999999999845e-01 1.235408807799998898e-01 9.034389963249265382e-04
4.299999999999999933e-01 1.250895314600000419e-01 8.918115611691035394e-04
4.400000000000000022e-01 1.258768057599999046e-01 9.233385294012268511e-04
4.500000000000000111e-01 1.267183547300000379e-01 9.806709833960244437e-04
4.600000000000000200e-01 1.278340205300000643e-01 1.006019919991059386e-03
4.699999999999999734e-01 1.288642449000000911e-01 9.869268654863908377e-04
4.799999999999999822e-01 1.302712214799999213e-01 1.022716502663181598e-03
4.899999999999999911e-01 1.313539768900000571e-01 1.034492242889734938e-03
5.000000000000000000e-01 1.327009378099999193e-01 1.089252413926499819e-03
5.100000000000000089e-01 1.335352769499998371e-01 1.136582812296314761e-03
5.200000000000000178e-01 1.350310790799999494e-01 1.138279871708514903e-03
5.300000000000000266e-01 1.366141786800000035e-01 1.228985754708105836e-03
5.400000000000000355e-01 1.373443342300000591e-01 1.153680521660222424e-03
5.500000000000000444e-01 1.388329483099999817e-01 1.220905866002965079e-03
5.600000000000000533e-01 1.396122133399999576e-01 1.241736636048258995e-03
5.699999999999999512e-01 1.414856328099999838e-01 1.310473617149767855e-03
5.799999999999999600e-01 1.433215967900001442e-01 1.387246016147746300e-03
5.899999999999999689e-01 1.449434439400000274e-01 1.407834548679668708e-03
5.999999999999999778e-01 1.453382629399999071e-01 1.455309236769063673e-03
6.099999999999999867e-01 1.466401201500001361e-01 1.566832198491168154e-03
6.199999999999999956e-01 1.483691604399997865e-01 1.523931502674447276e-03
6.300000000000000044e-01 1.498036810000000219e-01 1.513186820596318241e-03
6.400000000000000133e-01 1.520531857500001527e-01 1.534191800204991749e-03
6.500000000000000222e-01 1.538662085900000254e-01 1.656606578971097548e-03
6.600000000000000311e-01 1.546160963699998725e-01 1.630217028885087242e-03
6.700000000000000400e-01 1.558119633499998324e-01 1.601500079823870663e-03
6.800000000000000488e-01 1.578826142199999116e-01 1.665113911026509623e-03
6.899999999999999467e-01 1.600601094200000407e-01 1.730471130883107873e-03
6.999999999999999556e-01 1.607174483799999332e-01 1.748975452707030769e-03
7.099999999999999645e-01 1.629348325799999664e-01 1.681624427279331544e-03
7.199999999999999734e-01 1.651808984699998373e-01 1.696451512230621713e-03
7.299999999999999822e-01 1.672688250200000393e-01 1.839419205394359196e-03
7.399999999999999911e-01 1.682019897600000313e-01 1.865547960268868063e-03
7.500000000000000000e-01 1.705722582000000209e-01 1.914964156167882564e-03
7.600000000000000089e-01 1.722958710599999110e-01 1.788254210765763755e-03
7.700000000000000178e-01 1.742471865700002120e-01 1.979180536306814151e-03
7.800000000000000266e-01 1.770528550000001478e-01 1.962815063846105185e-03
7.900000000000000355e-01 1.784434488900001337e-01 2.103010247692406291e-03
8.000000000000000444e-01 1.808166437299999763e-01 2.027227458457185345e-03
8.100000000000000533e-01 1.827495516500001749e-01 2.225603423161053550e-03
8.199999999999999512e-01 1.844740500899998414e-01 2.238670322283850978e-03
8.299999999999999600e-01 1.864163723399998029e-01 2.261538019997388731e-03
8.399999999999999689e-01 1.883598602700001512e-01 2.421426204152431465e-03
8.499999999999999778e-01 1.912902105299997269e-01 2.361469526495524850e-03
8.599999999999999867e-01 1.932927319499998797e-01 2.357951288673172663e-03
8.699999999999999956e-01 1.954380363600001780e-01 2.604089695756184406e-03
8.800000000000000044e-01 1.974857391500002834e-01 2.593360369704755374e-03
8.900000000000000133e-01 2.000907136599998914e-01 2.677113523890645337e-03
9.000000000000000222e-01 2.021506601599999675e-01 2.643822899681365964e-03
9.100000000000000311e-01 2.048337915799997022e-01 2.773268449894154657e-03
9.200000000000000400e-01 2.067103417800001397e-01 2.805891483890784674e-03
9.300000000000000488e-01 2.086727484799998644e-01 2.904117147198347158e-03
9.399999999999999467e-01 2.115025423999998544e-01 2.925160154188903398e-03
9.499999999999999556e-01 2.148333139199998243e-01 3.126618456756123654e-03
9.599999999999999645e-01 2.178036674800002681e-01 3.184951140793629027e-03
9.699999999999999734e-01 2.196773781500001854e-01 3.361279287788130135e-03
9.799999999999999822e-01 2.216119199500001247e-01 3.522779333469967106e-03
9.899999999999999911e-01 2.244853529699997463e-01 3.656122279693646213e-03
1.000000000000000000e+00 2.282323480499997004e-01 3.687959698629917574e-03
1.010000000000000009e+00 2.318346893600001235e-01 3.908496558755220063e-03
1.020000000000000018e+00 2.337994294000002860e-01 4.010596795951777531e-03
1.030000000000000027e+00 2.367744895900002200e-01 4.142634752755781392e-03
1.040000000000000036e+00 2.404321891900001451e-01 4.277988001389721601e-03
1.050000000000000044e+00 2.436694133299998621e-01 4.410314779087179567e-03
1.060000000000000053e+00 2.475607671500002771e-01 4.637576686935479010e-03
1.070000000000000062e+00 2.497380555499998378e-01 4.741844784874078324e-03
1.080000000000000071e+00 2.544760046299998635e-01 5.067342389746260292e-03
1.090000000000000080e+00 2.588352547699999118e-01 5.256085326328591503e-03
1.100000000000000089e+00 2.618618063900001736e-01 5.475330059927975383e-03
1.110000000000000098e+00 2.676434973600000378e-01 5.794539505072987366e-03
1.120000000000000107e+00 2.708042128100003332e-01 5.822840644906041030e-03
1.129999999999999893e+00 2.752131030299999059e-01 6.013733484101885587e-03
1.139999999999999902e+00 2.779978332699996058e-01 6.195613186053825980e-03
1.149999999999999911e+00 2.826615914100004123e-01 6.274572015914108535e-03
1.159999999999999920e+00 2.860432044300001420e-01 6.513524324955365270e-03
1.169999999999999929e+00 2.886138372899997862e-01 6.564931697555518968e-03
1.179999999999999938e+00 2.923253113000001679e-01 6.684466058748709909e-03
1.189999999999999947e+00 2.980859486599999331e-01 6.881217942819049631e-03
1.199999999999999956e+00 3.012877890499997546e-01 6.960010915202869200e-03
1.209999999999999964e+00 3.051279404599999689e-01 7.119129851316359503e-03
1.219999999999999973e+00 3.095904667399995147e-01 7.146381546485317329e-03
1.229999999999999982e+00 3.139672735899998735e-01 7.318239480049577167e-03
1.239999999999999991e+00 3.176845517199997637e-01 7.459682209191804969e-03
1.250000000000000000e+00 3.229061898099999106e-01 7.608027701015568356e-03
1.260000000000000009e+00 3.270780189100001567e-01 7.807445311739153251e-03
1.270000000000000018e+00 3.315150813699999088e-01 8.038632333092966820e-03
1.280000000000000027e+00 3.346191144699993680e-01 7.892555026831050285e-03
1.290000000000000036e+00 3.391770823799998280e-01 8.288903383404525385e-03
1.300000000000000044e+00 3.456894461100002980e-01 8.362548590670973100e-03
1.310000000000000053e+00 3.481390092000000158e-01 8.505872120835596129e-03
1.320000000000000062e+00 3.530843360200001113e-01 8.665440166617587731e-03
1.330000000000000071e+00 3.576336061900000085e-01 8.783309128922306419e-03
1.340000000000000080e+00 3.630552057799995014e-01 9.020147970846601956e-03
1.350000000000000089e+00 3.684925687299998032e-01 9.145273302824254158e-03
1.360000000000000098e+00 3.741540415700000954e-01 9.432597628671855056e-03
1.370000000000000107e+00 3.792594491999999318e-01 9.871784483098691027e-03
1.379999999999999893e+00 3.842632366899996210e-01 1.008612159594009759e-02
1.389999999999999902e+00 3.890393199100000143e-01 1.036851917121267910e-02
1.399999999999999911e+00 3.967894048499999160e-01 1.074007415394764853e-02
1.409999999999999920e+00 4.006043332599999451e-01 1.087081718616594340e-02
1.419999999999999929e+00 4.061256060300001969e-01 1.105903214500357674e-02
1.429999999999999938e+00 4.101335540899994636e-01 1.136932705562469607e-02
1.439999999999999947e+00 4.154344843899999140e-01 1.144768522838072317e-02
1.449999999999999956e+00 4.216644104299998586e-01 1.174705310237069908e-02
1.459999999999999964e+00 4.270101118999997669e-01 1.187137522527746333e-02
1.469999999999999973e+00 4.313803102299996750e-01 1.214272179270249608e-02
1.479999999999999982e+00 4.376794036099997398e-01 1.236268875295746215e-02
1.489999999999999991e+00 4.430622413199999943e-01 1.248265554134135764e-02
1.500000000000000000e+00 4.478275398600001234e-01 1.262629851469783231e-02
1.510000000000000009e+00 4.542023159699997703e-01 1.283464282188702746e-02
1.520000000000000018e+00 4.602801700800000506e-01 1.288681052222298735e-02
1.530000000000000027e+00 4.649481006700002528e-01 1.310214144877668019e-02
1.540000000000000036e+00 4.714690188899995915e-01 1.318502678559776813e-02
1.550000000000000044e+00 4.765118060600000982e-01 1.343124511380638410e-02
1.560000000000000053e+00 4.831244901300004169e-01 1.346882752973778581e-02
1.570000000000000062e+00 4.884619503699996756e-01 1.366797462269175693e-02
1.580000000000000071e+00 4.936417109600000352e-01 1.385896438797851529e-02
1.590000000000000080e+00 4.997542325700002896e-01 1.398668382644266232e-02
1.600000000000000089e+00 5.050663773000001466e-01 1.401815876464729445e-02
1.610000000000000098e+00 5.107841596799996831e-01 1.420121092417560640e-02
1.620000000000000107e+00 5.172792269899993967e-01 1.417479182941659178e-02
1.629999999999999893e+00 5.228326312800005704e-01 1.428067845773767046e-02
1.639999999999999902e+00 5.284934293399999872e-01 1.426724212214191753e-02
1.649999999999999911e+00 5.353429903300003234e-01 1.437783495339758216e-02
1.659999999999999920e+00 5.395559133100003013e-01 1.444190713407053107e-02
1.669999999999999929e+00 5.455899531999996999e-01 1.454852467047544444e-02
1.679999999999999938e+00 5.525760075200000232e-01 1.436872722674465037e-02
1.689999999999999947e+00 5.582181878500007688e-01 1.452907617505850429e-02
1.699999999999999956e+00 5.641643713400005256e-01 1.456311672894418201e-02
1.709999999999999964e+00 5.681503138900007022e-01 1.462055971589449992e-02
1.719999999999999973e+00 5.758376476099997809e-01 1.460457513462655975e-02
1.729999999999999982e+00 5.822879267699996308e-01 1.449146747318672511e-02
1.739999999999999991e+00 5.862775112500003827e-01 1.481320422226802339e-02
1.750000000000000000e+00 5.931022275300000812e-01 1.455776997456960722e-02
1.760000000000000009e+00 5.986670717000005526e-01 1.460167657977563295e-02
1.770000000000000018e+00 6.026130274800001185e-01 1.473542679075100226e-02
1.780000000000000027e+00 6.091267178999990595e-01 1.454690618116662518e-02
1.790000000000000036e+00 6.143609212899994176e-01 1.467333793001611604e-02
1.800000000000000044e+00 6.210419770099996351e-01 1.460690919300298637e-02
1.810000000000000053e+00 6.243275422499996452e-01 1.477142603010288442e-02
1.820000000000000062e+00 6.295262235100003156e-01 1.467415024208122178e-02
1.830000000000000071e+00 6.358398091599998248e-01 1.458473478488688489e-02
1.840000000000000080e+00 6.401173782400003676e-01 1.460533317790229518e-02
1.850000000000000089e+00 6.447398209099990396e-01 1.457164611582690943e-02
1.860000000000000098e+00 6.499950921299998408e-01 1.445325034923291944e-02
1.870000000000000107e+00 6.554152296300005398e-01 1.443794457034531555e-02
1.879999999999999893e+00 6.599621341200004876e-01 1.442493917639849077e-02
1.889999999999999902e+00 6.640028694599992010e-01 1.436103831672714062e-02
1.899999999999999911e+00 6.693142488200000129e-01 1.425808623796784302e-02
1.909999999999999920e+00 6.727055146499998362e-01 1.429130976239118868e-02
1.919999999999999929e+00 6.774194138899997109e-01 1.415050659320537911e-02
1.929999999999999938e+00 6.812149820899996433e-01 1.416340553486505026e-02
1.939999999999999947e+00 6.855918305300008342e-01 1.395061427704720643e-02
1.949999999999999956e+00 6.899077594000003755e-01 1.383695441503297527e-02
1.959999999999999964e+00 6.924634188700015125e-01 1.390553354938035488e-02
1.969999999999999973e+00 6.964934800099999990e-01 1.389984476073655162e-02
1.979999999999999982e+00 7.005910166699991226e-01 1.375604214183037168e-02
1.989999999999999991e+00 7.049344745899996934e-01 1.375470717695789942e-02
2.000000000000000000e+00 7.087811775700016970e-01 1.372622658921344996e-02
2.009999999999999787e+00 7.121472105199995184e-01 1.374892742929136914e-02
2.020000000000000018e+00 7.159714011799989120e-01 1.368313184016439754e-02
2.029999999999999805e+00 7.197544438800004274e-01 1.366406171747965720e-02
2.040000000000000036e+00 7.239639672999992337e-01 1.352275998124082002e-02
2.049999999999999822e+00 7.273086690200000204e-01 1.338314524030805898e-02
2.060000000000000053e+00 7.296334776500001951e-01 1.352754762047146501e-02
2.069999999999999840e+00 7.330955884399994460e-01 1.337575568439295162e-02
2.080000000000000071e+00 7.372139482000004129e-01 1.318877319997195825e-02
2.089999999999999858e+00 7.402174975199995455e-01 1.314811656108713644e-02
2.100000000000000089e+00 7.432628334299997697e-01 1.306761501486958937e-02
2.109999999999999876e+00 7.461649057300003829e-01 1.297832612222846876e-02
2.120000000000000107e+00 7.490507948500001456e-01 1.289527307118991904e-02
2.129999999999999893e+00 7.524885288699997288e-01 1.281245623548424306e-02
2.140000000000000124e+00 7.552162488200006019e-01 1.273353241430748468e-02
2.149999999999999911e+00 7.580741006000012439e-01 1.263861080690022176e-02
2.160000000000000142e+00 7.607381920700002631e-01 1.258882730617667464e-02
2.169999999999999929e+00 7.638963697299986366e-01 1.241214271466544068e-02
2.180000000000000160e+00 7.664881504300004034e-01 1.245249962009192801e-02
2.189999999999999947e+00 7.696606281299991359e-01 1.239432807996705514e-02
2.200000000000000178e+00 7.732717594899988223e-01 1.217764438160836432e-02
2.209999999999999964e+00 7.761053015300012348e-01 1.204952344575731422e-02
2.220000000000000195e+00 7.782161356699992538e-01 1.218184444344299656e-02
2.229999999999999982e+00 7.808299208700000271e-01 1.197262308668180925e-02
2.240000000000000213e+00 7.828713525799996242e-01 1.198780702227411794e-02
2.250000000000000000e+00 7.851810491699998673e-01 1.191517472767643880e-02
2.259999999999999787e+00 7.873535676500001967e-01 1.190494425622510948e-02
2.270000000000000018e+00 7.897206750600005432e-01 1.176589886316386536e-02
2.279999999999999805e+00 7.915836440600005908e-01 1.181369431277169355e-02
2.290000000000000036e+00 7.937189506999989819e-01 1.181806182967946525e-02
2.299999999999999822e+00 7.959983374199995909e-01 1.172103787573307819e-02
2.310000000000000053e+00 7.979205460599992916e-01 1.166828769833548433e-02
2.319999999999999840e+00 7.997372003600013990e-01 1.166656606968288941e-02
2.330000000000000071e+00 8.020773640800007431e-01 1.156616766279781189e-02
2.339999999999999858e+00 8.052435162199995666e-01 1.132903417057904913e-02
2.350000000000000089e+00 8.075430068700004682e-01 1.127119488564474505e-02
2.359999999999999876e+00 8.096683793400012430e-01 1.124411510326516796e-02
2.370000000000000107e+00 8.119021846799995279e-01 1.111159374766818204e-02
2.379999999999999893e+00 8.139232302199997937e-01 1.106326773332695461e-02
2.390000000000000124e+00 8.167640157100001241e-01 1.087364429676092835e-02
2.399999999999999911e+00 8.184144511300013303e-01 1.086558237149794735e-02
2.410000000000000142e+00 8.201003763999998863e-01 1.084704818012217735e-02
2.419999999999999929e+00 8.223281898100001097e-01 1.068116383555790978e-02
2.430000000000000160e+00 8.243750502299992400e-01 1.060637573937545444e-02
2.439999999999999947e+00 8.261938555299997988e-01 1.058074302165584561e-02
2.450000000000000178e+00 8.281426095300000734e-01 1.040335313632839882e-02
2.459999999999999964e+00 8.298332912699991626e-01 1.032524378353400808e-02
2.470000000000000195e+00 8.314517470199999094e-01 1.027476016416531586e-02
2.479999999999999982e+00 8.329616027299998615e-01 1.025151908194420376e-02
2.490000000000000213e+00 8.346895745200004768e-01 1.016946080378301753e-02
2.500000000000000000e+00 8.364254601200008521e-01 1.009528448984935330e-02
2.509999999999999787e+00 8.381746785400003841e-01 1.002834803653751723e-02
2.520000000000000018e+00 8.399225795399998251e-01 9.897570748191189191e-03
2.529999999999999805e+00 8.413075327999997022e-01 9.910219106550993348e-03
2.540000000000000036e+00 8.427571426900003493e-01 9.870329028915242331e-03
2.549999999999999822e+00 8.443608143900003249e-01 9.762424202219441294e-03
2.560000000000000053e+00 8.458090282400000381e-01 9.701620928102101457e-03
2.569999999999999840e+00 8.470832954700006079e-01 9.681418641318577031e-03
2.580000000000000071e+00 8.485212690500008037e-01 9.601813192781697565e-03
2.589999999999999858e+00 8.499984499999996279e-01 9.519172628855026436e-03
2.600000000000000089e+00 8.512324488500011554e-01 9.488133281620587250e-03
2.609999999999999876e+00 8.527821584600004945e-01 9.444327995587418687e-03
2.620000000000000107e+00 8.541612924399992757e-01 9.435903935702016562e-03
2.629999999999999893e+00 8.555328272600001283e-01 9.383036994410367398e-03
2.640000000000000124e+00 8.568376647300003368e-01 9.339898428667310973e-03
2.649999999999999911e+00 8.580675024299989628e-01 9.318561886683536868e-03
2.660000000000000142e+00 8.591784909600009845e-01 9.349814401034287070e-03
2.669999999999999929e+00 8.604817826000001890e-01 9.280639760799255442e-03
2.680000000000000160e+00 8.613859744799997609e-01 9.369653985788818987e-03
2.689999999999999947e+00 8.625711184699994538e-01 9.319413072060111700e-03
2.700000000000000178e+00 8.636609540999994339e-01 9.324549747291188684e-03
2.709999999999999964e+00 8.646544740099993964e-01 9.331801722965242171e-03
2.720000000000000195e+00 8.657495310100008501e-01 9.305053605215407933e-03
2.729999999999999982e+00 8.671654605399998772e-01 9.114424383114548209e-03
2.740000000000000213e+00 8.685090493699992864e-01 8.991082574704455099e-03
2.750000000000000000e+00 8.699083085299986751e-01 8.865761677198942536e-03
2.759999999999999787e+00 8.712039538799996041e-01 8.757916510902810647e-03
2.770000000000000018e+00 8.724228237100024597e-01 8.661722789920674181e-03
2.779999999999999805e+00 8.735196368500001141e-01 8.617753474920596471e-03
2.790000000000000036e+00 8.744542749900001688e-01 8.670259694161942809e-03
2.799999999999999822e+00 8.752453618799990176e-01 8.750925134615797352e-03
2.810000000000000053e+00 8.762362960199984174e-01 8.705232583389571274e-03
2.819999999999999840e+00 8.774767891299991573e-01 8.579972674742343541e-03
2.830000000000000071e+00 8.783600691200005306e-01 8.613792212439522894e-03
2.839999999999999858e+00 8.795363082700010660e-01 8.479555314747349443e-03
2.850000000000000089e+00 8.805297004200000055e-01 8.438586239320085974e-03
2.859999999999999876e+00 8.813911914200004416e-01 8.454605198932676341e-03
2.870000000000000107e+00 8.825175972400008950e-01 8.360388810894559680e-03
2.879999999999999893e+00 8.836938118499996220e-01 8.286675772255966063e-03
2.890000000000000124e+00 8.848444669100000715e-01 8.210409566093448269e-03
2.899999999999999911e+00 8.856681925000001732e-01 8.222018110407082123e-03
2.910000000000000142e+00 8.866683289100005805e-01 8.113064487376522513e-03
2.919999999999999929e+00 8.875220773699989962e-01 8.084102948238327396e-03
2.930000000000000160e+00 8.884022103599997777e-01 8.061625103838204742e-03
2.939999999999999947e+00 8.893109685400005793e-01 7.979277368012651500e-03
2.950000000000000178e+00 8.898909481299996926e-01 8.085575433939376847e-03
2.959999999999999964e+00 8.908238197800000258e-01 7.963172688440265864e-03
2.970000000000000195e+00 8.916761968500003244e-01 7.924278040541415588e-03
2.979999999999999982e+00 8.927775442800007788e-01 7.717076292275536036e-03
2.990000000000000213e+00 8.936757210100013671e-01 7.638007151970651817e-03
3.000000000000000000e+00 8.944310661999997913e-01 7.629609198096708178e-03
3.009999999999999787e+00 8.951839341600003053e-01 7.617030081885573303e-03
3.020000000000000018e+00 8.960351062999998284e-01 7.541077468656756828e-03
3.029999999999999805e+00 8.967831755200007526e-01 7.544710564301176578e-03
3.040000000000000036e+00 8.975177676700000218e-01 7.544384483444348255e-03
3.049999999999999822e+00 8.980896510100011554e-01 7.637650853233487504e-03
3.060000000000000053e+00 8.988172126700010311e-01 7.611005322154206637e-03
3.069999999999999840e+00 8.996315400500003445e-01 7.527817336043772685e-03
3.080000000000000071e+00 9.003622577000004457e-01 7.499609021679495835e-03
3.089999999999999858e+00 9.011223346099985765e-01 7.439403161214302139e-03
3.100000000000000089e+00 9.019940943799995559e-01 7.363503238183312892e-03
3.109999999999999876e+00 9.027112798399998805e-01 7.324037085918510409e-03
3.120000000000000107e+00 9.034741153899984445e-01 7.250579041907511367e-03
3.129999999999999893e+00 9.042139028000002465e-01 7.182712039267024479e-03
3.140000000000000124e+00 9.048862245300001161e-01 7.147840477099677396e-03
3.149999999999999911e+00 9.055775028199989363e-01 7.102993721418576073e-03
3.160000000000000142e+00 9.061865661300003705e-01 7.103598077474750604e-03
3.169999999999999929e+00 9.068237862700003760e-01 7.078807529555464911e-03
3.180000000000000160e+00 9.074373123600005808e-01 7.065191621077275726e-03
3.189999999999999947e+00 9.081162209799995555e-01 7.003536897185170217e-03
3.200000000000000178e+00 9.087033479900002986e-01 6.994899163055092600e-03
3.209999999999999964e+00 9.093687380600006254e-01 6.936351934520925376e-03
3.220000000000000195e+00 9.098216474599997161e-01 7.002609237229289949e-03
3.229999999999999982e+00 9.104840436999992459e-01 6.934400573743809693e-03
3.240000000000000213e+00 9.111086283600002833e-01 6.888718826555322722e-03
3.250000000000000000e+00 9.117282408900009294e-01 6.843979286858237719e-03
3.259999999999999787e+00 9.123952375900002965e-01 6.762681349347444623e-03
3.270000000000000018e+00 9.130068976000011993e-01 6.713203597778004232e-03
3.279999999999999805e+00 9.136046443599984412e-01 6.672245980604598649e-03
3.290000000000000036e+00 9.141988780599984432e-01 6.624454007565290514e-03
3.299999999999999822e+00 9.147965701800011562e-01 6.575727350527237405e-03
3.310000000000000053e+00 9.153405369599998398e-01 6.551655478834937825e-03
3.319999999999999840e+00 9.157732057100004264e-01 6.561855248455022299e-03
3.330000000000000071e+00 9.163620192100004891e-01 6.510714475856561531e-03
3.339999999999999858e+00 9.168978242100009890e-01 6.487587130137596400e-03
3.350000000000000089e+00 9.174302166300011274e-01 6.479184173634094761e-03
3.359999999999999876e+00 9.179726905899994183e-01 6.446275049493349965e-03
3.370000000000000107e+00 9.185257940000004506e-01 6.402927637977390632e-03
