9.000000000000000222e-01 1.286809782099999078e-01 1.284474000109497556e-03
9.100000000000000311e-01 1.303382705999998614e-01 1.375252486732466166e-03
9.200000000000000400e-01 1.311088706299999296e-01 1.367407674865513036e-03
9.300000000000000488e-01 1.323950087600000158e-01 1.421069688633973911e-03
9.399999999999999467e-01 1.338852735500001001e-01 1.540906418690668597e-03
9.499999999999999556e-01 1.356585764700000418e-01 1.551302413613618028e-03
9.599999999999999645e-01 1.362454573400000146e-01 1.532861819527424384e-03
9.699999999999999734e-01 1.373270590500002275e-01 1.474543722102941495e-03
9.799999999999999822e-01 1.393772357299998543e-01 1.596754700681316278e-03
9.899999999999999911e-01 1.406738623299999824e-01 1.527661245237264343e-03
1.000000000000000000e+00 1.416896819500000626e-01 1.709769278182970455e-03
1.010000000000000009e+00 1.437544323600000451e-01 1.598034400746443321e-03
1.020000000000000018e+00 1.445334075200000457e-01 1.703623681968015509e-03
1.030000000000000027e+00 1.451531747700001151e-01 1.761766032504696964e-03
1.040000000000000036e+00 1.467844892900000975e-01 1.678838159449322224e-03
1.050000000000000044e+00 1.488199396300000366e-01 1.723416822354178644e-03
1.060000000000000053e+00 1.500609036800001073e-01 1.863475236415351342e-03
1.070000000000000062e+00 1.511409964599998990e-01 1.779183862487424082e-03
1.080000000000000071e+00 1.532509672699998715e-01 1.939900705161439051e-03
1.090000000000000080e+00 1.555875962899998244e-01 2.027540764732322157e-03
1.100000000000000089e+00 1.566975958199999241e-01 1.985550302128387835e-03
1.110000000000000098e+00 1.571568028400000538e-01 1.992707643802407898e-03
1.120000000000000107e+00 1.592222701499998450e-01 2.072247933742941191e-03
1.129999999999999893e+00 1.618098076200000235e-01 2.174453920349087976e-03
1.139999999999999902e+00 1.633925353299999494e-01 2.197653777623740940e-03
1.149999999999999911e+00 1.655096132300002965e-01 2.267274894504646247e-03
1.159999999999999920e+00 1.670645009299999706e-01 2.313704614297997213e-03
1.169999999999999929e+00 1.697525252599998979e-01 2.363659193493076755e-03
1.179999999999999938e+00 1.714956845699998900e-01 2.345650937501318235e-03
1.189999999999999947e+00 1.732844118000000655e-01 2.531813046647590250e-03
1.199999999999999956e+00 1.752493934299998446e-01 2.577193418135269656e-03
1.209999999999999964e+00 1.772478672599998306e-01 2.662897237850925594e-03
1.219999999999999973e+00 1.795191030000000409e-01 2.821903478553758858e-03
1.229999999999999982e+00 1.813863898499998850e-01 2.893200385709338018e-03
1.239999999999999991e+00 1.832984797399997978e-01 2.786014516840165135e-03
1.250000000000000000e+00 1.861974968299998923e-01 2.965573624395629812e-03
1.260000000000000009e+00 1.878350743699998271e-01 3.122043160795151626e-03
1.270000000000000018e+00 1.898061809699999047e-01 3.210153490436355901e-03
1.280000000000000027e+00 1.925904563700001348e-01 3.172585584834317594e-03
1.290000000000000036e+00 1.935048723700001916e-01 3.337890012918655336e-03
1.300000000000000044e+00 1.962054376099999498e-01 3.392798935503574601e-03
1.310000000000000053e+00 1.992693616399996426e-01 3.627918971368585769e-03
1.320000000000000062e+00 2.015942843800000717e-01 3.580036328965592162e-03
1.330000000000000071e+00 2.031663682499996737e-01 3.577892946395321971e-03
1.340000000000000080e+00 2.055913403399999839e-01 3.636974379640289540e-03
1.350000000000000089e+00 2.087301129800001598e-01 3.773373548693730647e-03
1.360000000000000098e+00 2.103586383400003479e-01 3.879007052296541084e-03
1.370000000000000107e+00 2.125496881000003557e-01 3.800943220118926762e-03
1.379999999999999893e+00 2.155876359499998285e-01 4.073334661159694337e-03
1.389999999999999902e+00 2.185024854599997013e-01 4.106219278944098217e-03
1.399999999999999911e+00 2.219581606699998211e-01 4.205821011008583146e-03
1.409999999999999920e+00 2.232418341099999259e-01 4.367766999571295883e-03
1.419999999999999929e+00 2.277626150299997265e-01 4.683338388040947896e-03
1.429999999999999938e+00 2.286376369899999483e-01 4.527964208163907760e-03
1.439999999999999947e+00 2.325412340100002084e-01 4.715243647556112937e-03
1.449999999999999956e+00 2.357599451900001253e-01 4.803259024067054600e-03
1.459999999999999964e+00 2.376316607299999162e-01 4.884823241353400750e-03
1.469999999999999973e+00 2.412671737300001173e-01 5.041142164315802476e-03
1.479999999999999982e+00 2.452828938700002404e-01 5.197590897596992589e-03
1.489999999999999991e+00 2.484299055100000209e-01 5.401533016028632443e-03
1.500000000000000000e+00 2.518606473899998588e-01 5.593947223151862595e-03
1.510000000000000009e+00 2.564501874399998660e-01 5.744267003385623328e-03
1.520000000000000018e+00 2.603014934599997554e-01 5.808832736400744087e-03
1.530000000000000027e+00 2.622148358800002743e-01 6.031178342576369936e-03
1.540000000000000036e+00 2.663257285400001950e-01 6.252206213739997659e-03
1.550000000000000044e+00 2.694858351299994625e-01 6.422665106583180794e-03
1.560000000000000053e+00 2.727333324599998665e-01 6.734715468139495544e-03
1.570000000000000062e+00 2.769112085699999559e-01 6.763306421638031092e-03
1.580000000000000071e+00 2.813982822399999084e-01 6.881167603056796873e-03
1.590000000000000080e+00 2.836425056599998218e-01 7.126747288908568193e-03
1.600000000000000089e+00 2.900347121900000991e-01 7.148664383048179867e-03
1.610000000000000098e+00 2.927592122900000149e-01 7.460395690900632586e-03
1.620000000000000107e+00 2.971504385700001194e-01 7.682045084862895550e-03
1.629999999999999893e+00 2.996957235499999039e-01 7.970742641393111644e-03
1.639999999999999902e+00 3.046343910999996796e-01 8.078636993418633963e-03
1.649999999999999911e+00 3.099402241000002167e-01 8.410707180502779295e-03
1.659999999999999920e+00 3.139306134399999504e-01 8.568648214594251980e-03
1.669999999999999929e+00 3.178986466099996133e-01 8.808168677935154095e-03
1.679999999999999938e+00 3.226915981700000380e-01 8.986344433484999908e-03
1.689999999999999947e+00 3.267276854499999716e-01 9.625080225364105249e-03
1.699999999999999956e+00 3.326096622099997124e-01 9.866687133409633020e-03
1.709999999999999964e+00 3.363108688799995583e-01 1.010467501662754529e-02
1.719999999999999973e+00 3.408375187400000117e-01 1.032932309172670919e-02
1.729999999999999982e+00 3.453401225999997437e-01 1.057275953555488444e-02
1.739999999999999991e+00 3.489495587399999432e-01 1.063840832602940337e-02
1.750000000000000000e+00 3.530952497600003959e-01 1.081746631786522327e-02
1.760000000000000009e+00 3.581631813400005804e-01 1.106500841831362797e-02
1.770000000000000018e+00 3.621029386600000399e-01 1.108920380559049769e-02
1.780000000000000027e+00 3.663583325500008314e-01 1.137276838588744711e-02
1.790000000000000036e+00 3.696350058099998614e-01 1.151042086044842816e-02
1.800000000000000044e+00 3.741243397000001414e-01 1.175423809937642221e-02
1.810000000000000053e+00 3.795969844399991189e-01 1.175413399231064332e-02
1.820000000000000062e+00 3.851276017900003290e-01 1.190833657621994182e-02
1.830000000000000071e+00 3.887494765699996968e-01 1.215073113948161865e-02
1.840000000000000080e+00 3.946804164299992923e-01 1.215983738967790426e-02
1.850000000000000089e+00 3.973050892399994649e-01 1.237409928290841322e-02
1.860000000000000098e+00 4.031005944200004021e-01 1.246925459465730857e-02
1.870000000000000107e+00 4.064464561700000811e-01 1.264274952974969203e-02
1.879999999999999893e+00 4.119102277000005752e-01 1.271919512367485246e-02
1.889999999999999902e+00 4.154425062299993976e-01 1.280719534756435789e-02
1.899999999999999911e+00 4.191613258199994307e-01 1.281672005846765279e-02
1.909999999999999920e+00 4.234932933299997426e-01 1.294333823065612656e-02
1.919999999999999929e+00 4.286004776400001437e-01 1.306870707889544632e-02
1.929999999999999938e+00 4.333821977099998057e-01 1.307705810461070456e-02
1.939999999999999947e+00 4.371347972999996001e-01 1.322456978642069444e-02
1.949999999999999956e+00 4.420444766900002431e-01 1.339050301512536255e-02
1.959999999999999964e+00 4.471831978800001051e-01 1.347101492716495583e-02
1.969999999999999973e+00 4.538431330900002392e-01 1.345538094761872770e-02
1.979999999999999982e+00 4.586325343100007834e-01 1.350123101548618074e-02
1.989999999999999991e+00 4.625558199899995615e-01 1.371276297061957590e-02
2.000000000000000000e+00 4.674921400799999516e-01 1.391141604315411333e-02
2.009999999999999787e+00 4.737437806000002749e-01 1.392246713192871709e-02
2.020000000000000018e+00 4.794331422500003881e-01 1.396711808196300121e-02
2.029999999999999805e+00 4.841196374099999700e-01 1.396646991964751658e-02
2.040000000000000036e+00 4.894754176300002979e-01 1.398379196787954623e-02
2.049999999999999822e+00 4.922701475999999854e-01 1.421774020730320366e-02
2.060000000000000053e+00 4.978991487800000781e-01 1.406972934818680535e-02
2.069999999999999840e+00 5.023814280699999690e-01 1.411497534945453658e-02
2.080000000000000071e+00 5.058984054500000882e-01 1.420368086948576788e-02
2.089999999999999858e+00 5.105672202700003437e-01 1.416580216214471076e-02
2.100000000000000089e+00 5.154694472300004326e-01 1.418324112597845778e-02
2.109999999999999876e+00 5.182792828199997981e-01 1.419922311624484575e-02
2.120000000000000107e+00 5.233681932799999492e-01 1.418827472847531898e-02
2.129999999999999893e+00 5.264348462499996995e-01 1.442027483723643325e-02
2.140000000000000124e+00 5.317133210899999129e-01 1.430735525102193664e-02
2.149999999999999911e+00 5.356485520999991756e-01 1.436132059355731128e-02
2.160000000000000142e+00 5.394554207900004172e-01 1.444079098902183514e-02
2.169999999999999929e+00 5.426248663099998426e-01 1.446992195107953127e-02
2.180000000000000160e+00 5.460464507900004705e-01 1.451556386544985110e-02
2.189999999999999947e+00 5.523551157899992958e-01 1.431975700701478352e-02
2.200000000000000178e+00 5.560783153799991885e-01 1.447131346180474849e-02
2.209999999999999964e+00 5.611988422000000476e-01 1.437986067406489196e-02
2.220000000000000195e+00 5.653633919800001850e-01 1.430146259036684485e-02
2.229999999999999982e+00 5.693150026700001254e-01 1.429904536398220530e-02
2.240000000000000213e+00 5.743253215499997122e-01 1.431451188915273086e-02
2.250000000000000000e+00 5.783953069099987410e-01 1.436263886496174161e-02
2.259999999999999787e+00 5.834949168299999878e-01 1.429303146046950919e-02
2.270000000000000018e+00 5.868923722799995746e-01 1.425611381020126453e-02
2.279999999999999805e+00 5.903841605900004286e-01 1.439029639149452290e-02
2.290000000000000036e+00 5.951805155599997343e-01 1.434939256938316463e-02
2.299999999999999822e+00 6.000394492500006338e-01 1.415602581010851936e-02
2.310000000000000053e+00 6.029817419100013121e-01 1.418514340218427795e-02
2.319999999999999840e+00 6.066705618600001237e-01 1.417500534042611705e-02
2.330000000000000071e+00 6.096146788000004202e-01 1.423334440491178486e-02
2.339999999999999858e+00 6.155757841499998051e-01 1.401961819139968708e-02
2.350000000000000089e+00 6.187969166699999191e-01 1.400801065783113808e-02
2.359999999999999876e+00 6.214553336500001635e-01 1.408406626216019558e-02
2.370000000000000107e+00 6.259910191899999976e-01 1.405446355812221479e-02
2.379999999999999893e+00 6.298609700899998609e-01 1.404864810870735253e-02
2.390000000000000124e+00 6.329067356800006650e-01 1.398707060508072066e-02
2.399999999999999911e+00 6.367302947799995394e-01 1.394977463555324183e-02
2.410000000000000142e+00 6.411394281100000203e-01 1.382637355968426365e-02
2.419999999999999929e+00 6.452216274199997770e-01 1.380522674664309314e-02
2.430000000000000160e+00 6.496035541299992611e-01 1.366380744205524661e-02
2.439999999999999947e+00 6.546951589199987431e-01 1.355623102364625528e-02
2.450000000000000178e+00 6.575262444499994086e-01 1.355818001915023302e-02
2.459999999999999964e+00 6.615196445100000044e-01 1.350232622279687149e-02
2.470000000000000195e+00 6.645315181499996671e-01 1.347192379164553755e-02
2.479999999999999982e+00 6.691805268600007350e-01 1.324300986868783003e-02
2.490000000000000213e+00 6.722265307099992704e-01 1.325206484586068448e-02
2.500000000000000000e+00 6.763802297000005570e-01 1.308086463805144262e-02
2.509999999999999787e+00 6.792957736700011573e-01 1.295950084892143715e-02
2.520000000000000018e+00 6.834723736100000169e-01 1.286461515307543019e-02
2.529999999999999805e+00 6.867333759999998399e-01 1.273231957747110281e-02
2.540000000000000036e+00 6.907393332999994806e-01 1.261049213883194860e-02
2.549999999999999822e+00 6.946372781000001995e-01 1.252672554064227645e-02
2.560000000000000053e+00 6.978133489199999095e-01 1.247672652158882817e-02
2.569999999999999840e+00 7.017701064000001487e-01 1.240559627736608460e-02
2.580000000000000071e+00 7.050580527600008862e-01 1.237247336208879486e-02
2.589999999999999858e+00 7.086822911200015840e-01 1.219905909709361087e-02
2.600000000000000089e+00 7.117504062100005191e-01 1.201166541942139988e-02
2.609999999999999876e+00 7.144208094199996362e-01 1.198032399304237508e-02
2.620000000000000107e+00 7.168995103699997706e-01 1.193363271134935920e-02
2.629999999999999893e+00 7.206800627400010706e-01 1.176970361730339185e-02
2.640000000000000124e+00 7.229545615799994884e-01 1.173309940144057727e-02
2.649999999999999911e+00 7.261615763799995626e-01 1.152619062573050079e-02
2.660000000000000142e+00 7.290179421599993770e-01 1.142011460973873897e-02
2.669999999999999929e+00 7.311340899000000615e-01 1.138759744734938600e-02
2.680000000000000160e+00 7.351323585100011382e-01 1.112724725397903035e-02
2.689999999999999947e+00 7.385313513100006944e-01 1.099641673904218353e-02
2.700000000000000178e+00 7.419079553199998678e-01 1.093316827268862174e-02
2.709999999999999964e+00 7.447700390500009426e-01 1.084226732400233977e-02
2.720000000000000195e+00 7.470072111700004625e-01 1.072520581094087329e-02
2.729999999999999982e+00 7.493833587399996166e-01 1.070618437698702720e-02
2.740000000000000213e+00 7.521445921799997381e-01 1.051610306050011941e-02
2.750000000000000000e+00 7.549494228899999992e-01 1.040276986837033665e-02
2.759999999999999787e+00 7.574927934300007548e-01 1.025376261737426763e-02
2.770000000000000018e+00 7.599280338400008494e-01 1.020704963510735315e-02
2.779999999999999805e+00 7.627759343799985770e-01 9.959707239553078698e-03
2.790000000000000036e+00 7.646892735400000474e-01 9.995327567210037650e-03
2.799999999999999822e+00 7.675395261399997615e-01 9.708546203734437496e-03
2.810000000000000053e+00 7.695061096700003267e-01 9.717234234536470047e-03
2.819999999999999840e+00 7.718197151900012543e-01 9.611085743293498046e-03
2.830000000000000071e+00 7.737865915100001768e-01 9.592427897771592035e-03
2.839999999999999858e+00 7.762580118000003138e-01 9.510778660684516758e-03
2.850000000000000089e+00 7.790958656099988833e-01 9.280857354263890788e-03
2.859999999999999876e+00 7.815195893300003194e-01 9.136695442561989025e-03
2.870000000000000107e+00 7.840052751099984008e-01 8.914011615332081626e-03
2.879999999999999893e+00 7.859781277499989782e-01 8.892475283101872185e-03
2.890000000000000124e+00 7.884898041800013635e-01 8.696998105025515249e-03
2.899999999999999911e+00 7.907007877999997492e-01 8.617573662041480564e-03
2.910000000000000142e+00 7.936756617900001531e-01 8.445531504451739974e-03
2.919999999999999929e+00 7.946351661399999600e-01 8.442592239425703721e-03
2.930000000000000160e+00 7.970772908299997850e-01 8.349925610110678353e-03
2.939999999999999947e+00 7.993038292700004321e-01 8.211563106218990049e-03
2.950000000000000178e+00 8.012541410900009264e-01 8.185023091154821143e-03
2.959999999999999964e+00 8.027565476400004840e-01 8.188106521838912910e-03
2.970000000000000195e+00 8.044413070400010524e-01 8.143328316466349678e-03
2.979999999999999982e+00 8.063655641800000495e-01 7.998214979374047157e-03
2.990000000000000213e+00 8.091298799999996350e-01 7.880292420450711252e-03
3.000000000000000000e+00 8.112671065099998913e-01 7.725456164795487489e-03
3.009999999999999787e+00 8.131207074399994239e-01 7.638665206255898857e-03
3.020000000000000018e+00 8.150623357899998700e-01 7.541845551676831967e-03
3.029999999999999805e+00 8.171052518099989337e-01 7.377099103398148360e-03
3.040000000000000036e+00 8.187611980900001418e-01 7.349825349367133248e-03
3.049999999999999822e+00 8.198878762199999226e-01 7.252335753969069848e-03
3.060000000000000053e+00 8.224880772099998349e-01 7.058553271859333185e-03
3.069999999999999840e+00 8.244381981000002968e-01 6.911857556844297652e-03
3.080000000000000071e+00 8.260565965499987451e-01 6.862910123851994476e-03
3.089999999999999858e+00 8.276150721400004073e-01 6.854565050869390261e-03
3.100000000000000089e+00 8.292459175700012119e-01 6.704705859522690908e-03
3.109999999999999876e+00 8.307076871600007628e-01 6.659360444600433311e-03
3.120000000000000107e+00 8.319371487400014642e-01 6.711745926438242825e-03
3.129999999999999893e+00 8.334892614300020153e-01 6.617939656865185274e-03
3.140000000000000124e+00 8.347757508899996681e-01 6.632391962460923093e-03
3.149999999999999911e+00 8.364962016099992681e-01 6.433836183620246681e-03
3.160000000000000142e+00 8.376702039700008040e-01 6.466109807777534364e-03
3.169999999999999929e+00 8.393827898500002549e-01 6.351638375625036879e-03
3.180000000000000160e+00 8.409732736400004072e-01 6.223188507055767323e-03
3.189999999999999947e+00 8.420766561700007147e-01 6.299328246102247827e-03
3.200000000000000178e+00 8.437219997200003929e-01 6.067005733634341091e-03
3.209999999999999964e+00 8.452585199699995666e-01 5.971164404740531180e-03
3.220000000000000195e+00 8.467876444599989894e-01 5.804448278740519628e-03
3.229999999999999982e+00 8.478739460699989960e-01 5.792989364979865899e-03
3.240000000000000213e+00 8.490280644699990109e-01 5.779244759750429457e-03
3.250000000000000000e+00 8.502845258700004738e-01 5.716422394994441318e-03
3.259999999999999787e+00 8.517677719400009728e-01 5.558480666131850392e-03
3.270000000000000018e+00 8.529973982700010948e-01 5.487802546258925204e-03
3.279999999999999805e+00 8.543542816999994960e-01 5.360253757268599109e-03
3.290000000000000036e+00 8.555165829799999955e-01 5.294458587389415036e-03
3.299999999999999822e+00 8.566155109900001063e-01 5.251524844019620289e-03
3.310000000000000053e+00 8.577793971099992865e-01 5.205369599088361006e-03
3.319999999999999840e+00 8.588790655900001569e-01 5.154005385106997204e-03
