9.799999999999999822e-01 3.739661516399998137e-02 1.359057524721511245e-04
9.899999999999999911e-01 3.778481663850000172e-02 1.325537702503817221e-04
1.000000000000000000e+00 3.835068230750002943e-02 1.448982114969327270e-04
1.010000000000000009e+00 3.862128669249997870e-02 1.476383285571745074e-04
1.020000000000000018e+00 3.916160263949995668e-02 1.427897759471129235e-04
1.030000000000000027e+00 3.969328338199995532e-02 1.474901762481594714e-04
1.040000000000000036e+00 4.022582825650004162e-02 1.571746699539360470e-04
1.050000000000000044e+00 4.064282155100001903e-02 1.580780538812527310e-04
1.060000000000000053e+00 4.120002648200002393e-02 1.627264743364435773e-04
1.070000000000000062e+00 4.163047821900000417e-02 1.676769477476718311e-04
1.080000000000000071e+00 4.222244100449996929e-02 1.717435628531634357e-04
1.090000000000000080e+00 4.291188771399993135e-02 1.688115713812347732e-04
1.100000000000000089e+00 4.344922248349996491e-02 1.798654764968928867e-04
1.110000000000000098e+00 4.402975237399998215e-02 1.898484236148525084e-04
1.120000000000000107e+00 4.468928511950004401e-02 1.821395676421799499e-04
1.129999999999999893e+00 4.531713074649999784e-02 1.744743464848422113e-04
1.139999999999999902e+00 4.581488834400000709e-02 1.946562503786185825e-04
1.149999999999999911e+00 4.657555026350007621e-02 1.896304806086121107e-04
1.159999999999999920e+00 4.729860053550005716e-02 2.305460786477053845e-04
1.169999999999999929e+00 4.806549230399995154e-02 2.191849921669211654e-04
1.179999999999999938e+00 4.883101751300005650e-02 2.093914809111391327e-04
1.189999999999999947e+00 4.925396019699999905e-02 2.250566648448089346e-04
1.199999999999999956e+00 5.019318679199997330e-02 2.281722130882675274e-04
1.209999999999999964e+00 5.092011509900000454e-02 2.188585965172076971e-04
1.219999999999999973e+00 5.154914188150001159e-02 2.473784261714954209e-04
1.229999999999999982e+00 5.238961578600005720e-02 2.375913260230857484e-04
1.239999999999999991e+00 5.328951583599997321e-02 2.829149242911756560e-04
1.250000000000000000e+00 5.454781018799999270e-02 2.672981420649687447e-04
1.260000000000000009e+00 5.531172315350002533e-02 2.555919335701014325e-04
1.270000000000000018e+00 5.587004058199992323e-02 2.991160732007051956e-04
1.280000000000000027e+00 5.705900908800003862e-02 2.795569083218813920e-04
1.290000000000000036e+00 5.824862814699999919e-02 3.071664991594418004e-04
1.300000000000000044e+00 5.897426401950005281e-02 3.152291675997687397e-04
1.310000000000000053e+00 6.038745183049997606e-02 3.243835977879975163e-04
1.320000000000000062e+00 6.131086133199998428e-02 3.561297445290773382e-04
1.330000000000000071e+00 6.264323580949997250e-02 4.051568644175148845e-04
1.340000000000000080e+00 6.380917556249991740e-02 3.901903121653135667e-04
1.350000000000000089e+00 6.507531964550000714e-02 3.913910331158496829e-04
1.360000000000000098e+00 6.639078941500005382e-02 4.303864228946958741e-04
1.370000000000000107e+00 6.797161433250005491e-02 4.343054584122201943e-04
1.379999999999999893e+00 6.909141342750009518e-02 4.255168081109795782e-04
1.389999999999999902e+00 7.046361725049989089e-02 5.037975998927210573e-04
1.399999999999999911e+00 7.214029776249997195e-02 5.792705953226297364e-04
1.409999999999999920e+00 7.421073906999998970e-02 5.898356836763973213e-04
1.419999999999999929e+00 7.597900402400009634e-02 6.390710818360128545e-04
1.429999999999999938e+00 7.743552798749997468e-02 6.819259265612527456e-04
1.439999999999999947e+00 7.930233917400009158e-02 6.815586552998721681e-04
1.449999999999999956e+00 8.073357350500000307e-02 6.998511056160657299e-04
1.459999999999999964e+00 8.325422081349995174e-02 7.634677070795726139e-04
1.469999999999999973e+00 8.554219750399998101e-02 8.850426031864079947e-04
1.479999999999999982e+00 8.751559134550014607e-02 9.325089553168705017e-04
1.489999999999999991e+00 8.964585260399994537e-02 9.310127027483631329e-04
1.500000000000000000e+00 9.222306611900008000e-02 9.657837999096399425e-04
1.510000000000000009e+00 9.551620562899999778e-02 1.212771580570171440e-03
1.520000000000000018e+00 9.914504699949995559e-02 1.264974927586051245e-03
1.530000000000000027e+00 1.014151060609998489e-01 1.363756224583013684e-03
1.540000000000000036e+00 1.046288605390000293e-01 1.441153704476931139e-03
1.550000000000000044e+00 1.069228011320000615e-01 1.445439732414433324e-03
1.560000000000000053e+00 1.118349391350000471e-01 1.667578293136135230e-03
1.570000000000000062e+00 1.151696421645000551e-01 1.743242376191086627e-03
1.580000000000000071e+00 1.186436487945001228e-01 1.870292876080145023e-03
1.590000000000000080e+00 1.221518536180000863e-01 2.017401141457451485e-03
1.600000000000000089e+00 1.273922934154998188e-01 2.189207465172152405e-03
1.610000000000000098e+00 1.320091032930001407e-01 2.449197272534587959e-03
1.620000000000000107e+00 1.384453405194999431e-01 2.627923411506112496e-03
1.629999999999999893e+00 1.422010833064997204e-01 2.778345535981528898e-03
1.639999999999999902e+00 1.493998773079998343e-01 3.027726658248029116e-03
1.649999999999999911e+00 1.551085300799998901e-01 3.214887107412008147e-03
1.659999999999999920e+00 1.636480321779998637e-01 3.384933625487649648e-03
1.669999999999999929e+00 1.711984537559999020e-01 3.835481508429078312e-03
1.679999999999999938e+00 1.766609612315000188e-01 3.900704181216952532e-03
1.689999999999999947e+00 1.873810846469999569e-01 4.258313289916960780e-03
1.699999999999999956e+00 1.946711251900003214e-01 4.575712373455102788e-03
1.709999999999999964e+00 2.037601130214998779e-01 4.883191979214366110e-03
1.719999999999999973e+00 2.147883637399997103e-01 5.189748505757041386e-03
1.729999999999999982e+00 2.235101274799999038e-01 5.432342206589780599e-03
1.739999999999999991e+00 2.353153526999998968e-01 5.703905022329668929e-03
1.750000000000000000e+00 2.469757712299998631e-01 5.931061897848452329e-03
1.760000000000000009e+00 2.585576449200003846e-01 6.207947394469678394e-03
1.770000000000000018e+00 2.714101864799998709e-01 6.265396671821970784e-03
1.780000000000000027e+00 2.828416273449999574e-01 6.583908352102842837e-03
1.790000000000000036e+00 2.941750193699995686e-01 6.706563688862774569e-03
1.800000000000000044e+00 3.081479483799998143e-01 6.838795252677038958e-03
1.810000000000000053e+00 3.206900161150003647e-01 6.844742002848521779e-03
1.820000000000000062e+00 3.323445022599998966e-01 7.035843408002584801e-03
1.830000000000000071e+00 3.454842760949997649e-01 7.192146242289945007e-03
1.840000000000000080e+00 3.599701304499998700e-01 7.081294912901431662e-03
1.850000000000000089e+00 3.737076517749995941e-01 7.128507095813319157e-03
1.860000000000000098e+00 3.861161769550006673e-01 7.048757992784554331e-03
1.870000000000000107e+00 3.997783427149999014e-01 7.054759910247475341e-03
1.879999999999999893e+00 4.121554771399998929e-01 6.975895721652565148e-03
1.889999999999999902e+00 4.258476683199998725e-01 6.905368122319436967e-03
1.899999999999999911e+00 4.391868766200003882e-01 6.681364063068428484e-03
1.909999999999999920e+00 4.512235597550001143e-01 6.718140797803844738e-03
1.919999999999999929e+00 4.644614251199998822e-01 6.383055736445602743e-03
1.929999999999999938e+00 4.762165026349998165e-01 6.259606653506616034e-03
1.939999999999999947e+00 4.880935069800002579e-01 6.109530250169931814e-03
1.949999999999999956e+00 4.996392832249996752e-01 5.939550402903450224e-03
1.959999999999999964e+00 5.117999286500000133e-01 5.745114805171680147e-03
1.969999999999999973e+00 5.233895399200002574e-01 5.547817945505805620e-03
1.979999999999999982e+00 5.344205470249995260e-01 5.329796026390241914e-03
1.989999999999999991e+00 5.445210730800004173e-01 5.196588358579312325e-03
2.000000000000000000e+00 5.547639798549995893e-01 5.048270706973551417e-03
2.009999999999999787e+00 5.645377789899997945e-01 4.895057791239589874e-03
2.020000000000000018e+00 5.736547684850001882e-01 4.727568147900210009e-03
2.029999999999999805e+00 5.828199381700006620e-01 4.582794245437324387e-03
2.040000000000000036e+00 5.914175542900003135e-01 4.470339774016826584e-03
2.049999999999999822e+00 5.999726862550001094e-01 4.312631538104446348e-03
2.060000000000000053e+00 6.079522783150000942e-01 4.188386544892103332e-03
2.069999999999999840e+00 6.162372499750001786e-01 4.051144614349500538e-03
2.080000000000000071e+00 6.243406033750000805e-01 3.860938285275714900e-03
2.089999999999999858e+00 6.315944183100002940e-01 3.753218172790984651e-03
2.100000000000000089e+00 6.392237845300005050e-01 3.631258493372430639e-03
2.109999999999999876e+00 6.459706781750009785e-01 3.530013033371634263e-03
2.120000000000000107e+00 6.525084285750002433e-01 3.433499657314021802e-03
2.129999999999999893e+00 6.587232396949999069e-01 3.369624847066361381e-03
2.140000000000000124e+00 6.646142017649994127e-01 3.260001849196471607e-03
2.149999999999999911e+00 6.705289403450002128e-01 3.192691281220605068e-03
2.160000000000000142e+00 6.764499380299993092e-01 3.087751324982725316e-03
2.169999999999999929e+00 6.818782388499996516e-01 3.027234169776287821e-03
2.180000000000000160e+00 6.872012653500005896e-01 2.960088553513462103e-03
