5.699999999999999512e-01 1.003876950780000082e-01 7.027956171317456448e-04
5.799999999999999600e-01 1.010828020720000303e-01 7.316014927205778976e-04
5.899999999999999689e-01 1.023360244859998769e-01 7.536880048251972872e-04
5.999999999999999778e-01 1.029734533880000136e-01 7.632789863724550065e-04
6.099999999999999867e-01 1.037841154440000552e-01 7.386166294131875755e-04
6.199999999999999956e-01 1.051434115779999456e-01 7.420993398346982213e-04
6.300000000000000044e-01 1.059589516229999945e-01 7.681010188345302730e-04
6.400000000000000133e-01 1.064038363210001031e-01 7.908086982541540902e-04
6.500000000000000222e-01 1.077386990940000927e-01 8.007659169688987558e-04
6.600000000000000311e-01 1.090849461420000110e-01 8.171268133462860966e-04
6.700000000000000400e-01 1.100993641010000190e-01 8.625992159317899446e-04
6.800000000000000488e-01 1.108317919130000634e-01 8.407672938523304577e-04
6.899999999999999467e-01 1.118895574559999329e-01 8.795856790986576268e-04
6.999999999999999556e-01 1.129135298119999659e-01 8.410024332914499022e-04
7.099999999999999645e-01 1.144665271599998868e-01 9.008730135311546639e-04
7.199999999999999734e-01 1.156689578740000973e-01 9.226035276359073264e-04
7.299999999999999822e-01 1.175030618379999531e-01 9.034605704044294458e-04
7.399999999999999911e-01 1.180884100499999673e-01 9.278006925883919113e-04
7.500000000000000000e-01 1.189583975290001289e-01 9.794555753841970545e-04
7.600000000000000089e-01 1.195682007839999478e-01 9.138135419744132385e-04
7.700000000000000178e-01 1.211694089799999902e-01 9.445844881136681312e-04
7.800000000000000266e-01 1.220851293699998091e-01 9.554071923622388992e-04
7.900000000000000355e-01 1.231787468700000221e-01 9.688513150708443714e-04
8.000000000000000444e-01 1.238493455400000443e-01 9.368111864765005410e-04
8.100000000000000533e-01 1.257784408199999759e-01 9.680280519074481839e-04
8.199999999999999512e-01 1.271986934900000144e-01 9.768296124181116875e-04
8.299999999999999600e-01 1.283339495100001004e-01 9.654276429213477090e-04
8.399999999999999689e-01 1.296357141399999136e-01 1.026461450338036823e-03
8.499999999999999778e-01 1.300932311600000446e-01 1.083038703765128131e-03
8.599999999999999867e-01 1.323209705599999730e-01 1.041633135005068465e-03
8.699999999999999956e-01 1.330467324399998985e-01 1.087916799840434306e-03
8.800000000000000044e-01 1.344938708700000596e-01 1.137307154384842962e-03
8.900000000000000133e-01 1.360228315600001403e-01 1.045723574553317822e-03
9.000000000000000222e-01 1.376032701900001265e-01 1.180673658802320778e-03
9.100000000000000311e-01 1.393637989099999475e-01 1.266432319179084049e-03
9.200000000000000400e-01 1.404835062799998646e-01 1.232109845283184705e-03
9.300000000000000488e-01 1.414612651299998192e-01 1.257938309792331222e-03
9.399999999999999467e-01 1.430959851299999919e-01 1.354336388175989871e-03
9.499999999999999556e-01 1.450319942000001527e-01 1.357031591896356226e-03
9.599999999999999645e-01 1.470418363199998690e-01 1.317300558679852795e-03
9.699999999999999734e-01 1.479169328700001285e-01 1.405922838460866913e-03
9.799999999999999822e-01 1.494825771200002096e-01 1.428051999440815107e-03
9.899999999999999911e-01 1.522249477099998638e-01 1.447476150234763923e-03
1.000000000000000000e+00 1.535313259900000782e-01 1.490004837918263271e-03
1.010000000000000009e+00 1.551093647999998437e-01 1.542646140241618613e-03
1.020000000000000018e+00 1.563650839300000928e-01 1.516373402342331657e-03
1.030000000000000027e+00 1.589834084500002520e-01 1.588257030842201659e-03
1.040000000000000036e+00 1.613343336600000510e-01 1.601258935202860617e-03
1.050000000000000044e+00 1.637473894500000582e-01 1.680364939719163975e-03
1.060000000000000053e+00 1.644054132899999410e-01 1.797842613054070849e-03
1.070000000000000062e+00 1.673017200300000173e-01 1.780490432178082625e-03
1.080000000000000071e+00 1.681140227399998688e-01 1.756804218790667706e-03
1.090000000000000080e+00 1.707495699700000702e-01 1.757890713028057404e-03
1.100000000000000089e+00 1.729122159400001690e-01 1.856713931392961958e-03
1.110000000000000098e+00 1.753502920499998841e-01 2.005567977868985205e-03
1.120000000000000107e+00 1.767568820700000098e-01 1.964547137739434523e-03
1.129999999999999893e+00 1.785220588199999681e-01 2.159038743059978841e-03
1.139999999999999902e+00 1.817050985800002239e-01 2.241613076591852157e-03
1.149999999999999911e+00 1.848626544300000785e-01 2.275996729581369026e-03
1.159999999999999920e+00 1.874276050099999980e-01 2.295166338821088333e-03
1.169999999999999929e+00 1.885325412399999068e-01 2.390415591670342829e-03
1.179999999999999938e+00 1.926875786200000218e-01 2.498556309208756123e-03
1.189999999999999947e+00 1.939663251599999250e-01 2.686119665145872241e-03
1.199999999999999956e+00 1.976349355999995616e-01 2.594002993452020935e-03
1.209999999999999964e+00 2.007024908699999721e-01 2.718869005714570804e-03
1.219999999999999973e+00 2.040333034799994560e-01 2.964071560725595276e-03
1.229999999999999982e+00 2.061072903399999157e-01 2.996915080206130535e-03
1.239999999999999991e+00 2.090262666900002675e-01 3.325824391031812193e-03
1.250000000000000000e+00 2.131940823400000351e-01 3.321174661834620182e-03
1.260000000000000009e+00 2.167069091800001013e-01 3.667292235498385497e-03
1.270000000000000018e+00 2.193569673999998526e-01 3.790541509563993133e-03
1.280000000000000027e+00 2.228242395600000536e-01 4.129723545166046929e-03
1.290000000000000036e+00 2.265202448799998602e-01 4.198593772806864105e-03
1.300000000000000044e+00 2.310618266600002191e-01 4.619349197411620929e-03
1.310000000000000053e+00 2.345495930900000081e-01 5.255374316696115669e-03
1.320000000000000062e+00 2.412045283199998613e-01 5.348851504320607797e-03
1.330000000000000071e+00 2.452493655600001266e-01 5.360316081018006058e-03
1.340000000000000080e+00 2.482420754299996535e-01 5.755525988238167565e-03
1.350000000000000089e+00 2.521625120900000683e-01 5.903551696509471564e-03
1.360000000000000098e+00 2.581109654299997835e-01 6.291491614405815037e-03
1.370000000000000107e+00 2.638417731900000174e-01 6.620883585446087592e-03
1.379999999999999893e+00 2.677528208100000140e-01 6.833198840295132484e-03
1.389999999999999902e+00 2.720587075000001631e-01 6.929498394183390003e-03
1.399999999999999911e+00 2.771516029999995800e-01 7.132712209594960565e-03
1.409999999999999920e+00 2.827777819500001955e-01 7.327687616613651027e-03
1.419999999999999929e+00 2.857009025000000202e-01 7.674241749043310933e-03
1.429999999999999938e+00 2.905404964300000170e-01 7.651755486211346893e-03
1.439999999999999947e+00 2.981695266800000743e-01 8.095525313470554318e-03
1.449999999999999956e+00 3.019891441499997220e-01 8.153097448577773659e-03
1.459999999999999964e+00 3.070200974900000324e-01 8.312314051323063321e-03
1.469999999999999973e+00 3.126871044200001948e-01 8.676653165659641703e-03
1.479999999999999982e+00 3.181783588700000109e-01 8.885780697773798184e-03
1.489999999999999991e+00 3.223329861100003857e-01 8.905647246854083224e-03
1.500000000000000000e+00 3.280279303099998822e-01 9.240826225001800773e-03
1.510000000000000009e+00 3.334512379200002541e-01 9.399133494987476842e-03
1.520000000000000018e+00 3.378815171999999811e-01 9.655689191754508391e-03
1.530000000000000027e+00 3.446957102799999006e-01 9.668550624770880578e-03
1.540000000000000036e+00 3.480054226600003409e-01 9.829206317148699718e-03
1.550000000000000044e+00 3.548797578600003111e-01 1.007037583629081384e-02
1.560000000000000053e+00 3.615871488200006478e-01 1.033362446492146897e-02
1.570000000000000062e+00 3.664470983500001111e-01 1.053192949647702679e-02
1.580000000000000071e+00 3.736640285199998024e-01 1.074488256246793061e-02
1.590000000000000080e+00 3.800769566299996849e-01 1.094704478074697354e-02
1.600000000000000089e+00 3.856903519099998401e-01 1.112543636825044473e-02
1.610000000000000098e+00 3.921375501999992408e-01 1.140152196026764445e-02
1.620000000000000107e+00 3.989716835099999526e-01 1.159941527495336744e-02
1.629999999999999893e+00 4.062651153000002568e-01 1.182524735599735193e-02
1.639999999999999902e+00 4.117767844300008195e-01 1.198544543542922128e-02
1.649999999999999911e+00 4.181629041300002347e-01 1.226916778987178526e-02
1.659999999999999920e+00 4.250774888399999618e-01 1.235191098837164735e-02
1.669999999999999929e+00 4.338514495699997697e-01 1.259304719742446350e-02
1.679999999999999938e+00 4.390466101699996293e-01 1.279431368710617217e-02
1.689999999999999947e+00 4.450488951600003462e-01 1.296680057373195659e-02
1.699999999999999956e+00 4.530600732800004193e-01 1.302474492921926012e-02
1.709999999999999964e+00 4.592703317899998194e-01 1.312393289833588966e-02
1.719999999999999973e+00 4.663522099200005377e-01 1.327707862993636988e-02
1.729999999999999982e+00 4.726933471599999437e-01 1.320753680190177304e-02
1.739999999999999991e+00 4.788652606899995723e-01 1.330677470399307082e-02
1.750000000000000000e+00 4.878273374900006232e-01 1.338033604741908390e-02
1.760000000000000009e+00 4.941053580200004403e-01 1.361789389757954091e-02
1.770000000000000018e+00 5.000278786800005371e-01 1.379243362670293238e-02
1.780000000000000027e+00 5.078655446299998877e-01 1.379277541473566959e-02
1.790000000000000036e+00 5.153178252200004694e-01 1.376740103720290771e-02
1.800000000000000044e+00 5.199714574500003961e-01 1.388195267542171978e-02
1.810000000000000053e+00 5.271760491200003784e-01 1.392296987181873731e-02
1.820000000000000062e+00 5.320928183000004363e-01 1.415906348300677124e-02
1.830000000000000071e+00 5.405793523900002118e-01 1.399241421347072883e-02
1.840000000000000080e+00 5.474824661199995113e-01 1.403619792339293182e-02
1.850000000000000089e+00 5.535799503300007363e-01 1.394851048642036483e-02
1.860000000000000098e+00 5.590721167899997956e-01 1.414965231845199782e-02
1.870000000000000107e+00 5.667621116000003401e-01 1.388983097035076386e-02
1.879999999999999893e+00 5.731973064699998899e-01 1.383155317239351603e-02
1.889999999999999902e+00 5.790571157000001801e-01 1.389232172196797239e-02
1.899999999999999911e+00 5.842572440400001232e-01 1.404282932625250564e-02
1.909999999999999920e+00 5.906645987399993247e-01 1.387735688801688440e-02
1.919999999999999929e+00 5.960328873500001512e-01 1.398795769654908108e-02
1.929999999999999938e+00 6.024379694800009455e-01 1.386121934015908073e-02
1.939999999999999947e+00 6.094993118000001653e-01 1.357726976821923594e-02
1.949999999999999956e+00 6.155705685300002505e-01 1.355180643544901670e-02
1.959999999999999964e+00 6.201495237099992064e-01 1.354896350115603054e-02
1.969999999999999973e+00 6.262108253999996155e-01 1.343297419158128066e-02
1.979999999999999982e+00 6.313744134799998964e-01 1.349532604301413412e-02
1.989999999999999991e+00 6.378672360799987340e-01 1.321975260475282202e-02
2.000000000000000000e+00 6.424935080499999396e-01 1.313934171310739488e-02
2.009999999999999787e+00 6.481481368800000586e-01 1.308922828184330527e-02
2.020000000000000018e+00 6.555412145099995813e-01 1.285427514684039409e-02
2.029999999999999805e+00 6.598061733399995799e-01 1.285273284785488912e-02
2.040000000000000036e+00 6.643176061800006860e-01 1.280201288338534554e-02
2.049999999999999822e+00 6.708403054400006171e-01 1.250601327323572556e-02
2.060000000000000053e+00 6.751292917700001395e-01 1.249833957779105352e-02
2.069999999999999840e+00 6.798937648399988598e-01 1.231275499533185901e-02
2.080000000000000071e+00 6.840162964499985065e-01 1.228864081428875620e-02
2.089999999999999858e+00 6.885171803600003138e-01 1.221050915323671979e-02
2.100000000000000089e+00 6.938549377000003959e-01 1.202903542809733231e-02
2.109999999999999876e+00 6.981579748400003060e-01 1.199336017862995436e-02
2.120000000000000107e+00 7.027982244799999556e-01 1.184040493606724337e-02
2.129999999999999893e+00 7.070198701300005606e-01 1.170424995972969319e-02
2.140000000000000124e+00 7.112422044300000801e-01 1.158814396257586664e-02
2.149999999999999911e+00 7.147633887400002273e-01 1.155218562045070077e-02
2.160000000000000142e+00 7.185304885200006764e-01 1.148717670631196203e-02
2.169999999999999929e+00 7.232727806200004439e-01 1.120483373671569104e-02
2.180000000000000160e+00 7.267317156099997177e-01 1.114592368306037071e-02
2.189999999999999947e+00 7.307405762600001076e-01 1.106984558693492431e-02
2.200000000000000178e+00 7.351203634500004247e-01 1.084285188661507186e-02
2.209999999999999964e+00 7.394444549199999939e-01 1.064160704285429040e-02
2.220000000000000195e+00 7.430542745200001686e-01 1.057275829128223772e-02
2.229999999999999982e+00 7.468055436299994021e-01 1.041603517615371025e-02
2.240000000000000213e+00 7.500046555800006232e-01 1.029716398771274299e-02
2.250000000000000000e+00 7.530104660300011021e-01 1.018388965327976688e-02
2.259999999999999787e+00 7.560440225899999200e-01 1.012075803571193047e-02
2.270000000000000018e+00 7.598831395799998667e-01 9.931044727303965300e-03
2.279999999999999805e+00 7.634824903300003740e-01 9.701337112862536138e-03
2.290000000000000036e+00 7.673711037400011703e-01 9.548917870261436347e-03
2.299999999999999822e+00 7.703597070599991214e-01 9.457670433972033275e-03
2.310000000000000053e+00 7.745969991199993521e-01 9.199146483759827395e-03
2.319999999999999840e+00 7.774040017900007982e-01 9.137801880883892822e-03
2.330000000000000071e+00 7.805089863999994382e-01 9.023730306770748333e-03
2.339999999999999858e+00 7.835638373399993473e-01 8.843441003799792574e-03
2.350000000000000089e+00 7.860839428200003809e-01 8.811190554243215553e-03
2.359999999999999876e+00 7.885506561800008640e-01 8.779204130583162860e-03
2.370000000000000107e+00 7.912439775400011976e-01 8.706596048404836169e-03
2.379999999999999893e+00 7.936235470199997089e-01 8.612893576255472097e-03
2.390000000000000124e+00 7.962489214199999221e-01 8.497977363571039902e-03
2.399999999999999911e+00 7.985433284000005294e-01 8.482882432196822350e-03
2.410000000000000142e+00 8.006533791700004565e-01 8.449740023402544514e-03
2.419999999999999929e+00 8.028245672800011778e-01 8.375116161036352813e-03
2.430000000000000160e+00 8.046376929800000966e-01 8.437049323602939868e-03
2.439999999999999947e+00 8.073887566400002047e-01 8.173025460775786011e-03
2.450000000000000178e+00 8.096860944699985074e-01 8.029529164676876829e-03
2.459999999999999964e+00 8.121887466699994063e-01 7.901032656444879898e-03
2.470000000000000195e+00 8.146030097099985490e-01 7.777026507030629539e-03
2.479999999999999982e+00 8.164478174799988386e-01 7.738107621681420897e-03
2.490000000000000213e+00 8.186808400800004160e-01 7.622420565754771567e-03
2.500000000000000000e+00 8.206981045300003608e-01 7.551444443429455519e-03
2.509999999999999787e+00 8.228731952199996869e-01 7.463866921161405391e-03
2.520000000000000018e+00 8.248278743000007074e-01 7.366575094483050062e-03
2.529999999999999805e+00 8.270317381599998630e-01 7.228574652029543836e-03
2.540000000000000036e+00 8.289081213300008022e-01 7.205320153412921556e-03
2.549999999999999822e+00 8.306355939999987559e-01 7.149138730288185153e-03
2.560000000000000053e+00 8.330446679900008755e-01 6.999764182721635898e-03
2.569999999999999840e+00 8.345768870100006565e-01 6.951624349134689039e-03
2.580000000000000071e+00 8.362747944999986416e-01 6.885725081103245306e-03
2.589999999999999858e+00 8.377848901200006804e-01 6.895660058571748650e-03
2.600000000000000089e+00 8.394929374000003053e-01 6.865085097343424925e-03
2.609999999999999876e+00 8.412059162000008472e-01 6.754376235659813148e-03
2.620000000000000107e+00 8.429039239999993605e-01 6.678748975724108257e-03
2.629999999999999893e+00 8.445874443099987694e-01 6.571889890411780795e-03
2.640000000000000124e+00 8.460851908900005602e-01 6.583666087599451301e-03
2.649999999999999911e+00 8.477843659500009510e-01 6.430597725245176983e-03
2.660000000000000142e+00 8.492506443899996427e-01 6.427912218598614939e-03
2.669999999999999929e+00 8.506858830599989263e-01 6.335045933019909682e-03
2.680000000000000160e+00 8.521320434099998176e-01 6.268966282106007773e-03
2.689999999999999947e+00 8.534318606199993162e-01 6.259179737653209480e-03
2.700000000000000178e+00 8.549331757999997228e-01 6.145074992042290699e-03
2.709999999999999964e+00 8.562107294299996507e-01 6.152339871584402466e-03
2.720000000000000195e+00 8.574997153099989111e-01 6.136260868562511128e-03
2.729999999999999982e+00 8.588889727500007565e-01 6.045859932370611922e-03
2.740000000000000213e+00 8.601949030599990165e-01 6.015172327906962921e-03
2.750000000000000000e+00 8.615638004000001349e-01 5.949919417146318917e-03
2.759999999999999787e+00 8.629536615199997485e-01 5.872604425941288335e-03
2.770000000000000018e+00 8.642055498200000851e-01 5.837795603478018215e-03
2.779999999999999805e+00 8.654629370499999919e-01 5.781120605462214054e-03
2.790000000000000036e+00 8.668104035200008273e-01 5.638614315710045038e-03
2.799999999999999822e+00 8.681089726000009721e-01 5.558629597966887638e-03
2.810000000000000053e+00 8.692617261100021864e-01 5.500485936815614936e-03
2.819999999999999840e+00 8.703013541699990974e-01 5.434414819960193752e-03
2.830000000000000071e+00 8.709861484099993278e-01 5.388174541753366041e-03
2.839999999999999858e+00 8.721000884400009756e-01 5.346692322145363448e-03
2.850000000000000089e+00 8.738133461599993934e-01 5.327558833825215071e-03
2.859999999999999876e+00 8.748410533000011702e-01 5.305111469370352856e-03
2.870000000000000107e+00 8.758776992199990286e-01 5.282998373809778825e-03
2.879999999999999893e+00 8.768717209700002124e-01 5.267291213165569731e-03
2.890000000000000124e+00 8.779556677600006687e-01 5.221598529210566900e-03
2.899999999999999911e+00 8.791451618799991374e-01 5.189855222168247503e-03
2.910000000000000142e+00 8.801830694800004684e-01 5.142490465120217076e-03
2.919999999999999929e+00 8.811762977799998398e-01 5.103144292537244858e-03
2.930000000000000160e+00 8.823330851699998645e-01 4.998186269752557045e-03
2.939999999999999947e+00 8.833560716900007437e-01 4.947575015659573527e-03
2.950000000000000178e+00 8.842632104200007781e-01 4.925158222035021238e-03
2.959999999999999964e+00 8.852273178600006398e-01 4.876915039754279625e-03
2.970000000000000195e+00 8.861769651000004355e-01 4.829539966901465892e-03
2.979999999999999982e+00 8.870844419500001354e-01 4.805467729347839834e-03
2.990000000000000213e+00 8.879962421399993922e-01 4.760297624009256733e-03
