1.310000000000000053e+00 5.056491726300003237e-02 2.846315432856635604e-04
1.320000000000000062e+00 5.132781012699995371e-02 2.856094335641342838e-04
1.330000000000000071e+00 5.199934333199997954e-02 3.012116506543406950e-04
1.340000000000000080e+00 5.259466721550003915e-02 3.053874032942664263e-04
1.350000000000000089e+00 5.327677139099996212e-02 3.025873132951030172e-04
1.360000000000000098e+00 5.392879694399996260e-02 3.439381836793639407e-04
1.370000000000000107e+00 5.495328765800002596e-02 3.333917995508568852e-04
1.379999999999999893e+00 5.549001558699997311e-02 3.450332608008255578e-04
1.389999999999999902e+00 5.631482774900006816e-02 3.387163916592503070e-04
1.399999999999999911e+00 5.732177086549999218e-02 4.007748183300348203e-04
1.409999999999999920e+00 5.794859098849992202e-02 3.710270199431643721e-04
1.419999999999999929e+00 5.905216961249995511e-02 4.036423874844198849e-04
1.429999999999999938e+00 5.965248840999996804e-02 3.759830249713271792e-04
1.439999999999999947e+00 6.097207627349996578e-02 4.080163930507520794e-04
1.449999999999999956e+00 6.141130519600003501e-02 4.165707860055414195e-04
1.459999999999999964e+00 6.245098050549997143e-02 4.322393730953975736e-04
1.469999999999999973e+00 6.309196456149994414e-02 4.701041532557179549e-04
1.479999999999999982e+00 6.402747598450003741e-02 4.474411277510350932e-04
1.489999999999999991e+00 6.496528888700003890e-02 4.718245621201188180e-04
1.500000000000000000e+00 6.664627151150000206e-02 5.080212443737658996e-04
1.510000000000000009e+00 6.734296006000001222e-02 5.223567054962810485e-04
1.520000000000000018e+00 6.843242394099989523e-02 5.328491724981340022e-04
1.530000000000000027e+00 6.966795171699993738e-02 5.752245850604379698e-04
1.540000000000000036e+00 7.065765938699991588e-02 5.922100816764102335e-04
1.550000000000000044e+00 7.134565946700001382e-02 6.084966231150061361e-04
1.560000000000000053e+00 7.252063236449979300e-02 6.258195053007453712e-04
1.570000000000000062e+00 7.426501930199996826e-02 5.989925226688555841e-04
1.580000000000000071e+00 7.493148872000005012e-02 6.925784996044555795e-04
1.590000000000000080e+00 7.645100615849996506e-02 7.004780321651898206e-04
1.600000000000000089e+00 7.786153618249995467e-02 6.969381230841367693e-04
1.610000000000000098e+00 7.906833111500000122e-02 8.048107091479212534e-04
1.620000000000000107e+00 8.051301796749993356e-02 7.928827567806709690e-04
1.629999999999999893e+00 8.145778900999998962e-02 7.779112458677341036e-04
1.639999999999999902e+00 8.339225649849994759e-02 8.278967616407271069e-04
1.649999999999999911e+00 8.508880547550010109e-02 8.530177773139226149e-04
1.659999999999999920e+00 8.618541757449992013e-02 9.123097026715106406e-04
1.669999999999999929e+00 8.845175793700012223e-02 9.526598295795787657e-04
1.679999999999999938e+00 9.065407248050004474e-02 1.083628492810624882e-03
1.689999999999999947e+00 9.283358230749991225e-02 1.146478045423860673e-03
1.699999999999999956e+00 9.346702994349993798e-02 1.164487960617985405e-03
1.709999999999999964e+00 9.525037234499980632e-02 1.257797815512806325e-03
1.719999999999999973e+00 9.812431581349996546e-02 1.195667583260407287e-03
1.729999999999999982e+00 1.001325262800001059e-01 1.303226896508819432e-03
1.739999999999999991e+00 1.019115643004999822e-01 1.463157719606499691e-03
1.750000000000000000e+00 1.046224897505001333e-01 1.622414687514832365e-03
1.760000000000000009e+00 1.074638400550000789e-01 1.739842089542859797e-03
1.770000000000000018e+00 1.099391032780000221e-01 1.737503190439819781e-03
1.780000000000000027e+00 1.124507576429999850e-01 1.862207490176293273e-03
1.790000000000000036e+00 1.152070764469999009e-01 1.874309703214325096e-03
1.800000000000000044e+00 1.173659323830000267e-01 1.986634038481913979e-03
1.810000000000000053e+00 1.203906259240000581e-01 2.140290151377605317e-03
1.820000000000000062e+00 1.243423560979998593e-01 2.309683293668740242e-03
1.830000000000000071e+00 1.272672361560001075e-01 2.369609986171731467e-03
1.840000000000000080e+00 1.318003900535000272e-01 2.550098903658703630e-03
1.850000000000000089e+00 1.349947238129999560e-01 2.761389614090314134e-03
1.860000000000000098e+00 1.385742462860001800e-01 2.931733446961627167e-03
1.870000000000000107e+00 1.423212942769996048e-01 2.974071632661930229e-03
1.879999999999999893e+00 1.464183122785002178e-01 3.136454596684209745e-03
1.889999999999999902e+00 1.505732415600001262e-01 3.295964411479903721e-03
1.899999999999999911e+00 1.551205287144999667e-01 3.463635789666937373e-03
1.909999999999999920e+00 1.588566081179998424e-01 3.576439589902881151e-03
1.919999999999999929e+00 1.643661441605000217e-01 3.822595192581257177e-03
1.929999999999999938e+00 1.688524394315001065e-01 3.957511769016346624e-03
1.939999999999999947e+00 1.749775567424999845e-01 4.096851814651272967e-03
1.949999999999999956e+00 1.799946813105000598e-01 4.165299555640862225e-03
1.959999999999999964e+00 1.861793513764997965e-01 4.536894865979027719e-03
1.969999999999999973e+00 1.917660688599998886e-01 4.616255774734644157e-03
1.979999999999999982e+00 1.978203682420000553e-01 4.786594797311575188e-03
1.989999999999999991e+00 2.057683174350000421e-01 4.944424544142905428e-03
2.000000000000000000e+00 2.110559991200000041e-01 5.177831449404340924e-03
2.009999999999999787e+00 2.187140586949999355e-01 5.203707689990308936e-03
2.020000000000000018e+00 2.258524655700000217e-01 5.525241601176704084e-03
2.029999999999999805e+00 2.331974640049999381e-01 5.598395268225452200e-03
2.040000000000000036e+00 2.382193188049998578e-01 5.750981043467101941e-03
2.049999999999999822e+00 2.483471135550003872e-01 5.972831249029184920e-03
2.060000000000000053e+00 2.566746676500001878e-01 6.172325793913789084e-03
2.069999999999999840e+00 2.663404432350003348e-01 6.180035887401165093e-03
2.080000000000000071e+00 2.738053642800000742e-01 6.339034571194665686e-03
2.089999999999999858e+00 2.825607180500001037e-01 6.439359750949097579e-03
2.100000000000000089e+00 2.910027104599998693e-01 6.490751959977065187e-03
2.109999999999999876e+00 3.019348709150003196e-01 6.608144718820505546e-03
2.120000000000000107e+00 3.106296404550000223e-01 6.703032909386306970e-03
2.129999999999999893e+00 3.193023704150000919e-01 6.865572679723224228e-03
2.140000000000000124e+00 3.300750060599998981e-01 6.858191423768622216e-03
2.149999999999999911e+00 3.398048046699996827e-01 6.914826524096844701e-03
2.160000000000000142e+00 3.506855192649995234e-01 6.816358926890298681e-03
2.169999999999999929e+00 3.593408994800001977e-01 6.829747633797973033e-03
2.180000000000000160e+00 3.684684951100000716e-01 6.884029441113003606e-03
2.189999999999999947e+00 3.787338490949994085e-01 6.914279677779948223e-03
2.200000000000000178e+00 3.890062155500002006e-01 6.902573282832256268e-03
2.209999999999999964e+00 3.986872220350005103e-01 6.829581799950664237e-03
2.220000000000000195e+00 4.078247804450000902e-01 6.714813541560404192e-03
2.229999999999999982e+00 4.185564659100006191e-01 6.640075731385556776e-03
2.240000000000000213e+00 4.275514381850001322e-01 6.491422170724757412e-03
2.250000000000000000e+00 4.377814895000001760e-01 6.378722616885091484e-03
2.259999999999999787e+00 4.459436102449994554e-01 6.420163609565106289e-03
2.270000000000000018e+00 4.561921413200000774e-01 6.324577224539697229e-03
2.279999999999999805e+00 4.656267298700005330e-01 6.076270106634819833e-03
2.290000000000000036e+00 4.737222649949999753e-01 6.044360026082886209e-03
2.299999999999999822e+00 4.829153599449998446e-01 5.826150919480468753e-03
2.310000000000000053e+00 4.914305897749998708e-01 5.727017734553558649e-03
2.319999999999999840e+00 4.994053647600000811e-01 5.589273245701792750e-03
2.330000000000000071e+00 5.078787192799999461e-01 5.412840949640113433e-03
2.339999999999999858e+00 5.163123694200008051e-01 5.257265527986731274e-03
2.350000000000000089e+00 5.234418145899992769e-01 5.162614834137286418e-03
2.359999999999999876e+00 5.313808465950000670e-01 4.995039090093951993e-03
2.370000000000000107e+00 5.391233478749998254e-01 4.908278122865156710e-03
2.379999999999999893e+00 5.459082194299995638e-01 4.791026043021083536e-03
2.390000000000000124e+00 5.534653438150002325e-01 4.642612019491628751e-03
2.399999999999999911e+00 5.601917042900009802e-01 4.580205449016895233e-03
2.410000000000000142e+00 5.674648878249997086e-01 4.369337789294827461e-03
2.419999999999999929e+00 5.741447621400002088e-01 4.265465897674265185e-03
2.430000000000000160e+00 5.805130410500003446e-01 4.175945563563107990e-03
2.439999999999999947e+00 5.865709064599995415e-01 4.100041824265475768e-03
2.450000000000000178e+00 5.928824762449995678e-01 3.977408733662413792e-03
2.459999999999999964e+00 5.985824556700010124e-01 3.910382588632466995e-03
2.470000000000000195e+00 6.044040059500003226e-01 3.815912980593756231e-03
2.479999999999999982e+00 6.103387494650006628e-01 3.688438568197474794e-03
2.490000000000000213e+00 6.158656495850004520e-01 3.607187067471244284e-03
2.500000000000000000e+00 6.214893149949995976e-01 3.501332701773853667e-03
2.509999999999999787e+00 6.269835051150006722e-01 3.385911828272292461e-03
