5.699999999999999512e-01 9.837216022800004955e-02 6.705309656001361097e-04
5.799999999999999600e-01 9.999384821400000845e-02 7.032649333490342304e-04
5.899999999999999689e-01 1.009605760770000416e-01 6.253336695066449456e-04
5.999999999999999778e-01 1.019566900369998641e-01 6.730157175607797901e-04
6.099999999999999867e-01 1.026835485109998114e-01 6.528027663800950887e-04
6.199999999999999956e-01 1.037562067989999254e-01 6.962870240967565690e-04
6.300000000000000044e-01 1.046792448180001028e-01 7.364138214670003235e-04
6.400000000000000133e-01 1.061328405400001340e-01 7.853170692462275700e-04
6.500000000000000222e-01 1.067218327869999539e-01 7.367187853047214548e-04
6.600000000000000311e-01 1.076715920949997823e-01 8.169936869581182273e-04
6.700000000000000400e-01 1.092733863300000136e-01 8.697323441008722672e-04
6.800000000000000488e-01 1.103331993300000202e-01 9.055349958290618380e-04
6.899999999999999467e-01 1.118719204809999201e-01 9.224458951704038760e-04
6.999999999999999556e-01 1.125679570070000218e-01 9.601114266359483951e-04
7.099999999999999645e-01 1.142489866770000639e-01 9.639438115332896618e-04
7.199999999999999734e-01 1.155875714030000084e-01 9.459695905573252189e-04
7.299999999999999822e-01 1.162411869479999110e-01 9.908658652325907142e-04
7.399999999999999911e-01 1.182662220660001401e-01 1.087420336489122339e-03
7.500000000000000000e-01 1.188041153639998737e-01 1.048801903017785361e-03
7.600000000000000089e-01 1.199493051290000667e-01 9.455921057889598224e-04
7.700000000000000178e-01 1.214639150820000096e-01 1.077438103419405642e-03
7.800000000000000266e-01 1.225628613200001327e-01 1.118356624561798367e-03
7.900000000000000355e-01 1.234215201099998493e-01 1.006772772852689360e-03
8.000000000000000444e-01 1.254536128179999099e-01 1.091009904992967057e-03
8.100000000000000533e-01 1.264450997999997939e-01 1.097296820981249988e-03
8.199999999999999512e-01 1.286226295499998951e-01 1.107327709491324813e-03
8.299999999999999600e-01 1.302276425159999973e-01 1.237962629548909751e-03
8.399999999999999689e-01 1.316744981699999595e-01 1.324706666858574151e-03
8.499999999999999778e-01 1.329743212399999708e-01 1.300646239732105181e-03
8.599999999999999867e-01 1.344512362099999359e-01 1.418632958823155170e-03
8.699999999999999956e-01 1.358867981200000685e-01 1.379803307635278989e-03
8.800000000000000044e-01 1.373930225299998809e-01 1.394151722728519550e-03
8.900000000000000133e-01 1.393232521999999696e-01 1.509377637827447874e-03
9.000000000000000222e-01 1.413167778199999058e-01 1.520907449427229318e-03
9.100000000000000311e-01 1.438092822200001675e-01 1.681463702756402345e-03
9.200000000000000400e-01 1.449244660699996745e-01 1.647774788030834017e-03
9.300000000000000488e-01 1.467508883000000486e-01 1.638539045754636896e-03
9.399999999999999467e-01 1.477114330400000342e-01 1.688655071850425409e-03
9.499999999999999556e-01 1.489357198000000604e-01 1.705687772674108942e-03
9.599999999999999645e-01 1.502299230399999352e-01 1.716147731692575350e-03
9.699999999999999734e-01 1.533479166600002497e-01 1.830736658209433263e-03
9.799999999999999822e-01 1.544145560199998990e-01 1.843385410501492292e-03
9.899999999999999911e-01 1.567623098800004500e-01 1.912253699422174083e-03
1.000000000000000000e+00 1.587842104900001605e-01 2.003855515007719329e-03
1.010000000000000009e+00 1.597113877899996870e-01 2.040641348885156598e-03
1.020000000000000018e+00 1.617146127899999342e-01 2.048685304030103786e-03
1.030000000000000027e+00 1.646326803400000038e-01 2.240825871029176412e-03
1.040000000000000036e+00 1.668881082499999724e-01 2.298198254778429685e-03
1.050000000000000044e+00 1.691720307399999512e-01 2.336931621182880298e-03
1.060000000000000053e+00 1.719384327499999254e-01 2.350097721624600997e-03
1.070000000000000062e+00 1.732706311599998550e-01 2.508858861893520191e-03
1.080000000000000071e+00 1.751528097799998629e-01 2.470445433525328416e-03
1.090000000000000080e+00 1.785723335000000689e-01 2.623400157805430306e-03
1.100000000000000089e+00 1.813130651699999818e-01 2.767138976219901941e-03
1.110000000000000098e+00 1.848135594200000786e-01 2.949312124973423911e-03
1.120000000000000107e+00 1.872923300999996266e-01 2.967230856473182694e-03
1.129999999999999893e+00 1.901270097499999367e-01 3.122155927908955558e-03
1.139999999999999902e+00 1.915231547399999790e-01 3.297748721298930392e-03
1.149999999999999911e+00 1.951408342000000851e-01 3.577684906413276279e-03
1.159999999999999920e+00 1.964103158699998519e-01 3.753719754749311639e-03
1.169999999999999929e+00 1.992131506100001115e-01 3.789428685801484679e-03
1.179999999999999938e+00 2.034886405099998463e-01 4.006475507799771643e-03
1.189999999999999947e+00 2.059648436299996166e-01 4.095689299620413129e-03
1.199999999999999956e+00 2.096207380899994532e-01 4.248943841048604710e-03
1.209999999999999964e+00 2.127563932299999516e-01 4.483331835542228409e-03
1.219999999999999973e+00 2.141870084600002166e-01 4.392234873203497425e-03
1.229999999999999982e+00 2.174730673099998235e-01 4.677791517209519724e-03
1.239999999999999991e+00 2.226301020699999189e-01 4.910924063371377261e-03
1.250000000000000000e+00 2.253655372699999715e-01 5.072578359730605009e-03
1.260000000000000009e+00 2.288877657999999482e-01 5.191224889158717500e-03
1.270000000000000018e+00 2.305606858899998945e-01 5.164781385200645052e-03
1.280000000000000027e+00 2.348306486900000323e-01 5.205757161982012098e-03
1.290000000000000036e+00 2.389070393600000730e-01 5.465724102184742368e-03
1.300000000000000044e+00 2.428462314700000069e-01 5.686597252010788806e-03
1.310000000000000053e+00 2.476197990999999543e-01 5.756644004949806187e-03
1.320000000000000062e+00 2.518143912999997180e-01 5.972132151457375075e-03
1.330000000000000071e+00 2.542556663800003003e-01 6.069634433236313978e-03
1.340000000000000080e+00 2.580738725899998642e-01 6.197640574829612649e-03
1.350000000000000089e+00 2.637202995700000385e-01 6.371309818727971183e-03
1.360000000000000098e+00 2.688694156100003285e-01 6.564098052240374334e-03
1.370000000000000107e+00 2.711523290099996375e-01 6.730633573923389470e-03
1.379999999999999893e+00 2.757614566200002892e-01 6.996529741144659129e-03
1.389999999999999902e+00 2.810336947199998381e-01 7.008292152666021485e-03
1.399999999999999911e+00 2.859895746900004698e-01 7.233406098012761486e-03
1.409999999999999920e+00 2.919742591499996931e-01 7.323936765078324120e-03
1.419999999999999929e+00 2.957236291999997824e-01 7.633733106734060143e-03
1.429999999999999938e+00 3.018258774199999994e-01 7.756981693300401062e-03
1.439999999999999947e+00 3.050263035999999928e-01 8.076436629400373171e-03
1.449999999999999956e+00 3.103222639599996224e-01 8.406599079983680112e-03
1.459999999999999964e+00 3.168540648299998930e-01 8.458608277609724543e-03
1.469999999999999973e+00 3.239750765600001303e-01 8.787566663950681020e-03
1.479999999999999982e+00 3.291040416800002921e-01 8.840498821691994413e-03
1.489999999999999991e+00 3.333311383700002795e-01 8.914381738763604845e-03
1.500000000000000000e+00 3.401883643100001020e-01 9.369850055792940460e-03
1.510000000000000009e+00 3.467614894799999625e-01 9.461975925644522042e-03
1.520000000000000018e+00 3.539327014900008339e-01 9.823567437485591219e-03
1.530000000000000027e+00 3.606528890899999285e-01 1.012295417754324571e-02
1.540000000000000036e+00 3.676846787699998287e-01 1.043137982286072504e-02
1.550000000000000044e+00 3.740352544300001858e-01 1.078112339516894107e-02
1.560000000000000053e+00 3.802380639300003140e-01 1.114602600474672890e-02
1.570000000000000062e+00 3.880865466600001423e-01 1.132529698630448806e-02
1.580000000000000071e+00 3.957337814600001558e-01 1.178597850422725100e-02
1.590000000000000080e+00 4.024264592299995336e-01 1.185868894263093429e-02
1.600000000000000089e+00 4.090076414800002946e-01 1.191241746504582803e-02
1.610000000000000098e+00 4.146045219599992504e-01 1.208486505391722157e-02
1.620000000000000107e+00 4.218057375799996733e-01 1.225327251850643132e-02
1.629999999999999893e+00 4.291405874200006076e-01 1.242400304476002845e-02
1.639999999999999902e+00 4.354653079499993806e-01 1.248086333700943601e-02
1.649999999999999911e+00 4.434939893400001720e-01 1.251040540677342966e-02
1.659999999999999920e+00 4.500280671900002694e-01 1.257880765398031869e-02
1.669999999999999929e+00 4.580118345399998292e-01 1.271391718258840092e-02
1.679999999999999938e+00 4.645455854099996840e-01 1.288946249242570175e-02
1.689999999999999947e+00 4.729224496100000175e-01 1.308809568328190946e-02
1.699999999999999956e+00 4.789238132999998343e-01 1.334857284228706427e-02
1.709999999999999964e+00 4.861310485399993331e-01 1.337139587621980104e-02
1.719999999999999973e+00 4.963564459300001674e-01 1.339839701186873455e-02
1.729999999999999982e+00 5.017082211700003569e-01 1.350763729736056788e-02
1.739999999999999991e+00 5.084111033599992835e-01 1.357487172868062329e-02
1.750000000000000000e+00 5.143229423699999803e-01 1.370502393170370745e-02
1.760000000000000009e+00 5.208824720500003780e-01 1.377745159535634194e-02
1.770000000000000018e+00 5.266698598800002573e-01 1.388025419945258972e-02
1.780000000000000027e+00 5.333123127099996807e-01 1.387295053728671533e-02
1.790000000000000036e+00 5.397595275600000075e-01 1.404605225478045526e-02
1.800000000000000044e+00 5.470094954800002185e-01 1.399466233025503485e-02
1.810000000000000053e+00 5.536190996100003314e-01 1.402700580442395664e-02
1.820000000000000062e+00 5.587758622600005332e-01 1.415689004556353048e-02
1.830000000000000071e+00 5.653248387399998354e-01 1.417750857746005559e-02
1.840000000000000080e+00 5.699406314999997392e-01 1.430183485208620653e-02
1.850000000000000089e+00 5.768934509900000007e-01 1.416677576538570398e-02
1.860000000000000098e+00 5.819853739500003842e-01 1.412583640675298992e-02
1.870000000000000107e+00 5.868908252599999154e-01 1.425582144523696027e-02
1.879999999999999893e+00 5.920132496699997970e-01 1.434870055895718852e-02
1.889999999999999902e+00 5.992443833699997446e-01 1.411569403614483173e-02
1.899999999999999911e+00 6.041858751600002186e-01 1.420994432936138231e-02
1.909999999999999920e+00 6.092642308899998138e-01 1.426526628900815635e-02
1.919999999999999929e+00 6.157707397400006277e-01 1.408030627092345458e-02
1.929999999999999938e+00 6.196933434700000465e-01 1.416513118769590837e-02
1.939999999999999947e+00 6.255200479200002661e-01 1.404587761306918224e-02
1.949999999999999956e+00 6.310071619300005041e-01 1.406480255959900207e-02
1.959999999999999964e+00 6.362473996799992149e-01 1.400675320044604717e-02
1.969999999999999973e+00 6.422184809499997815e-01 1.383635636193278340e-02
1.979999999999999982e+00 6.474821800999999155e-01 1.372546339738523954e-02
1.989999999999999991e+00 6.520391471200001066e-01 1.381077668224626326e-02
2.000000000000000000e+00 6.571827685700003530e-01 1.375613912247171389e-02
2.009999999999999787e+00 6.627618174500009562e-01 1.362211855146279460e-02
2.020000000000000018e+00 6.680329990800000228e-01 1.350327445168671842e-02
2.029999999999999805e+00 6.731185647800004279e-01 1.335738559009237020e-02
2.040000000000000036e+00 6.768115149400004693e-01 1.341667100755361726e-02
2.049999999999999822e+00 6.807103514499990293e-01 1.335488265919957188e-02
2.060000000000000053e+00 6.845681366699992720e-01 1.333648007841307589e-02
2.069999999999999840e+00 6.886257324199988039e-01 1.325042623747757844e-02
2.080000000000000071e+00 6.931857222900010829e-01 1.300087038299462851e-02
2.089999999999999858e+00 6.976445057399991434e-01 1.281733198937791245e-02
2.100000000000000089e+00 7.023389049200003953e-01 1.255754569740204392e-02
2.109999999999999876e+00 7.058660063399987417e-01 1.252153716818883017e-02
2.120000000000000107e+00 7.107961222699997750e-01 1.229624515276872901e-02
2.129999999999999893e+00 7.134199970100010280e-01 1.233065706716392380e-02
2.140000000000000124e+00 7.176475456299986622e-01 1.208759759191266846e-02
2.149999999999999911e+00 7.200861986400008963e-01 1.218346329079461957e-02
2.160000000000000142e+00 7.240995564399994588e-01 1.203261432681218372e-02
2.169999999999999929e+00 7.274280564399993043e-01 1.188183749904036732e-02
2.180000000000000160e+00 7.307703226600007484e-01 1.172948020994618590e-02
2.189999999999999947e+00 7.335388245300007437e-01 1.174967560300921136e-02
2.200000000000000178e+00 7.367598536799996323e-01 1.163269592718664015e-02
2.209999999999999964e+00 7.408454063600008466e-01 1.148796339301994852e-02
2.220000000000000195e+00 7.447476395800008975e-01 1.136395895390755056e-02
2.229999999999999982e+00 7.491098645999999528e-01 1.115571728431661094e-02
2.240000000000000213e+00 7.515464561699992663e-01 1.114026418857158758e-02
2.250000000000000000e+00 7.548522205800000107e-01 1.097091864638135260e-02
2.259999999999999787e+00 7.581311744400002217e-01 1.079353126336887563e-02
2.270000000000000018e+00 7.613870055599993858e-01 1.072104901635058394e-02
2.279999999999999805e+00 7.643862364900000372e-01 1.062069281904712108e-02
2.290000000000000036e+00 7.674935891700008783e-01 1.044076106982572832e-02
2.299999999999999822e+00 7.700392972000006386e-01 1.036380960432714722e-02
2.310000000000000053e+00 7.737514938299988598e-01 1.017364862184290050e-02
2.319999999999999840e+00 7.772777904600005616e-01 9.964668459227939840e-03
2.330000000000000071e+00 7.805132537299994677e-01 9.824834153341132498e-03
2.339999999999999858e+00 7.838421540599997961e-01 9.636869305441265326e-03
2.350000000000000089e+00 7.862139421699990693e-01 9.646014026331509519e-03
2.359999999999999876e+00 7.893325899700002202e-01 9.334574332022033127e-03
2.370000000000000107e+00 7.917626050800002924e-01 9.336086469100125448e-03
2.379999999999999893e+00 7.947486071799997331e-01 9.103497890148104857e-03
2.390000000000000124e+00 7.976464421499986912e-01 8.991890516099169256e-03
2.399999999999999911e+00 8.001515692199998586e-01 8.913017098706623245e-03
2.410000000000000142e+00 8.027430255900011025e-01 8.724764077628874986e-03
2.419999999999999929e+00 8.049453804699991943e-01 8.702032118991421053e-03
2.430000000000000160e+00 8.080527599200005850e-01 8.443365809263171651e-03
2.439999999999999947e+00 8.100756732000006233e-01 8.383051554448238060e-03
2.450000000000000178e+00 8.125584175899998041e-01 8.187898689669454236e-03
2.459999999999999964e+00 8.146360024500006736e-01 8.074271422188855976e-03
2.470000000000000195e+00 8.165660734300002055e-01 8.070545456650307994e-03
2.479999999999999982e+00 8.188940621300012657e-01 7.889041103578728342e-03
2.490000000000000213e+00 8.206746439499992274e-01 7.844852003725479375e-03
2.500000000000000000e+00 8.227287972800000349e-01 7.756416908906335096e-03
2.509999999999999787e+00 8.247585566199997498e-01 7.652272913450676103e-03
2.520000000000000018e+00 8.265951970499997303e-01 7.574790280197122097e-03
2.529999999999999805e+00 8.288083352300000817e-01 7.371075318241679906e-03
2.540000000000000036e+00 8.308235262400003318e-01 7.279889921378382769e-03
2.549999999999999822e+00 8.326896979199988058e-01 7.189726223962527793e-03
2.560000000000000053e+00 8.347862226099995731e-01 7.066928295249694583e-03
2.569999999999999840e+00 8.368268678100009295e-01 6.977329787849840918e-03
2.580000000000000071e+00 8.385712392200008747e-01 6.903267206710664468e-03
2.589999999999999858e+00 8.406866184100000305e-01 6.703839133037919722e-03
2.600000000000000089e+00 8.426417144400011328e-01 6.627075198621516436e-03
2.609999999999999876e+00 8.444431761500005296e-01 6.500863341441300534e-03
2.620000000000000107e+00 8.459858325899990428e-01 6.468568006000302746e-03
2.629999999999999893e+00 8.476368498400013163e-01 6.402604617337283831e-03
2.640000000000000124e+00 8.492536103600004660e-01 6.289948131787613875e-03
2.649999999999999911e+00 8.509576111199996795e-01 6.165225385874563944e-03
2.660000000000000142e+00 8.526590272800003145e-01 6.042258993073241699e-03
2.669999999999999929e+00 8.543524768299985972e-01 5.907317860649084588e-03
2.680000000000000160e+00 8.559854814200010820e-01 5.785170061712088634e-03
2.689999999999999947e+00 8.574789587100006827e-01 5.707558260663864354e-03
2.700000000000000178e+00 8.590018646299998339e-01 5.606791738701016013e-03
2.709999999999999964e+00 8.604351212999994392e-01 5.527638734144137492e-03
2.720000000000000195e+00 8.617287857099998893e-01 5.481296340826303896e-03
2.729999999999999982e+00 8.630281001200005297e-01 5.419733599983057523e-03
2.740000000000000213e+00 8.642931896900013511e-01 5.370356112303052015e-03
2.750000000000000000e+00 8.654725719800000494e-01 5.333004128313275499e-03
2.759999999999999787e+00 8.666855533299996361e-01 5.285933425518493309e-03
2.770000000000000018e+00 8.679842013299987613e-01 5.222945054466293993e-03
2.779999999999999805e+00 8.691272055699990062e-01 5.178569972051994506e-03
2.790000000000000036e+00 8.704605716899993517e-01 5.095923137069442201e-03
2.799999999999999822e+00 8.717606961999991855e-01 5.032721885092704406e-03
2.810000000000000053e+00 8.730216934199992451e-01 4.959245394467126644e-03
2.819999999999999840e+00 8.742343233899998456e-01 4.893954809420003084e-03
2.830000000000000071e+00 8.754467043099997126e-01 4.820962939218132771e-03
2.839999999999999858e+00 8.767357631399993467e-01 4.700995692598903056e-03
2.850000000000000089e+00 8.778699674300005640e-01 4.633021586277322017e-03
2.859999999999999876e+00 8.789820454299991370e-01 4.568933514074609119e-03
2.870000000000000107e+00 8.800561778200002294e-01 4.509453747559925493e-03
2.879999999999999893e+00 8.810919852700016541e-01 4.455278547917389427e-03
2.890000000000000124e+00 8.821488071500001027e-01 4.397735418335877063e-03
2.899999999999999911e+00 8.832147916199999393e-01 4.336291566357331623e-03
2.910000000000000142e+00 8.838588491599994601e-01 4.351376043690202179e-03
2.919999999999999929e+00 8.853020614299990099e-01 4.214612985479379917e-03
2.930000000000000160e+00 8.862880299100004411e-01 4.167846575340803869e-03
2.939999999999999947e+00 8.872779974100012401e-01 4.117738230088903786e-03
2.950000000000000178e+00 8.881791398399998538e-01 4.079970575246443833e-03
2.959999999999999964e+00 8.891782444600001556e-01 4.023461577368025663e-03
2.970000000000000195e+00 8.900973588800015213e-01 3.981421069890240909e-03
2.979999999999999982e+00 8.909727012899993914e-01 3.944094568076940942e-03
2.990000000000000213e+00 8.918645560900007041e-01 3.905544541521996892e-03
