7.299999999999999822e-01 5.408683571900006759e-02 2.262662918585497842e-04
7.399999999999999911e-01 5.462454695149995126e-02 2.212752051889997141e-04
7.500000000000000000e-01 5.517671269900010361e-02 2.315779535507073432e-04
7.600000000000000089e-01 5.556658570549992404e-02 2.291632871015479404e-04
7.700000000000000178e-01 5.609370494249998201e-02 2.340647189477244882e-04
7.800000000000000266e-01 5.673290846550001210e-02 2.476202986286844343e-04
7.900000000000000355e-01 5.714306636599997963e-02 2.359401824565824431e-04
8.000000000000000444e-01 5.768913084299998745e-02 2.399689753543185684e-04
8.100000000000000533e-01 5.809600249750000722e-02 2.507907617178862245e-04
8.199999999999999512e-01 5.888590555399993848e-02 2.648912631971608519e-04
8.299999999999999600e-01 5.937703743300008080e-02 2.723230795387403280e-04
8.399999999999999689e-01 6.009861594699998644e-02 2.750965745166237381e-04
8.499999999999999778e-01 6.069481926950000966e-02 2.685708107864867079e-04
8.599999999999999867e-01 6.126154030449999788e-02 3.036541849366011249e-04
8.699999999999999956e-01 6.201667890499998337e-02 2.710290682400615472e-04
8.800000000000000044e-01 6.239814931650006918e-02 3.116246461315890794e-04
8.900000000000000133e-01 6.318670711949998797e-02 2.848546381074528030e-04
9.000000000000000222e-01 6.368347578200006520e-02 3.000793127680085118e-04
9.100000000000000311e-01 6.425815363599993169e-02 3.108318233555485278e-04
9.200000000000000400e-01 6.479041606600008385e-02 3.085927270137826741e-04
9.300000000000000488e-01 6.569831516449994857e-02 3.139185060533001203e-04
9.399999999999999467e-01 6.656166526500000014e-02 3.284143784964455200e-04
9.499999999999999556e-01 6.721313445949994581e-02 3.439265422497553380e-04
9.599999999999999645e-01 6.762528691600004638e-02 3.707647792660352616e-04
9.699999999999999734e-01 6.830165108749994274e-02 3.801197750313358185e-04
9.799999999999999822e-01 6.918588731349997745e-02 3.812528797050925185e-04
9.899999999999999911e-01 7.000898617199999285e-02 4.045609609666423498e-04
1.000000000000000000e+00 7.049131827350008095e-02 3.956810192822786225e-04
1.010000000000000009e+00 7.146910375299989071e-02 4.203830808501270253e-04
1.020000000000000018e+00 7.206213810599984559e-02 4.209252743117586912e-04
1.030000000000000027e+00 7.282209160500002776e-02 3.939067042092740840e-04
1.040000000000000036e+00 7.400118759699997328e-02 4.302801609162482154e-04
1.050000000000000044e+00 7.442451248450004941e-02 4.532433112165344604e-04
1.060000000000000053e+00 7.520411612549997293e-02 4.577092731843802192e-04
1.070000000000000062e+00 7.615546276799999015e-02 4.174303547853184669e-04
1.080000000000000071e+00 7.677917765399994154e-02 4.768942228364344226e-04
1.090000000000000080e+00 7.777501804750006076e-02 4.837858843623410931e-04
1.100000000000000089e+00 7.867652789800005930e-02 5.108176888782229100e-04
1.110000000000000098e+00 7.958233055499988606e-02 5.135717222994089703e-04
1.120000000000000107e+00 8.044054649349993702e-02 4.989457573130194655e-04
1.129999999999999893e+00 8.095613034250015438e-02 5.244661415302409938e-04
1.139999999999999902e+00 8.262747695599995112e-02 5.681232877464781426e-04
1.149999999999999911e+00 8.294674466849992489e-02 5.331480871570225917e-04
1.159999999999999920e+00 8.402333770600002583e-02 5.684416033575226228e-04
1.169999999999999929e+00 8.546163002400000708e-02 5.813433155519349580e-04
1.179999999999999938e+00 8.614337771249987175e-02 5.310083108212817126e-04
1.189999999999999947e+00 8.725719807649998105e-02 6.107504803559896502e-04
1.199999999999999956e+00 8.812266806349995651e-02 6.201257620571554597e-04
1.209999999999999964e+00 8.912560724200015161e-02 6.289175404841741224e-04
1.219999999999999973e+00 8.993698862149983320e-02 6.395151679192293079e-04
1.229999999999999982e+00 9.100204256700007710e-02 6.610472876835128643e-04
1.239999999999999991e+00 9.213836566600007438e-02 6.502969321544470240e-04
1.250000000000000000e+00 9.366692950299992937e-02 6.882371215355145800e-04
1.260000000000000009e+00 9.513487203749995680e-02 7.356042724201313204e-04
1.270000000000000018e+00 9.544492414550004300e-02 6.978133583760108690e-04
1.280000000000000027e+00 9.727221217949995336e-02 7.025958158722233823e-04
1.290000000000000036e+00 9.844456748750012032e-02 7.562839533511934087e-04
1.300000000000000044e+00 1.000674039659998904e-01 7.706512623336054862e-04
1.310000000000000053e+00 1.005747997215000605e-01 8.266714304800121650e-04
1.320000000000000062e+00 1.024212723405000663e-01 9.066701108404003799e-04
1.330000000000000071e+00 1.032988929330000138e-01 8.332314011068044871e-04
1.340000000000000080e+00 1.046653496300000707e-01 9.345090693816822912e-04
1.350000000000000089e+00 1.059773742089999277e-01 8.820039416912319559e-04
1.360000000000000098e+00 1.079036255924999549e-01 1.001319229800873073e-03
1.370000000000000107e+00 1.091317605114999895e-01 9.942717342516457259e-04
1.379999999999999893e+00 1.110840711589998892e-01 1.071496945680496925e-03
1.389999999999999902e+00 1.127996679554998799e-01 1.115511994305875935e-03
1.399999999999999911e+00 1.140179409680001921e-01 1.138893757110292192e-03
1.409999999999999920e+00 1.154216139439999955e-01 1.178386737295695867e-03
1.419999999999999929e+00 1.179211636695001036e-01 1.294598729854934622e-03
1.429999999999999938e+00 1.183670944974999778e-01 1.332484626227443264e-03
1.439999999999999947e+00 1.204967684819998192e-01 1.360126323972476363e-03
1.449999999999999956e+00 1.217389339729998965e-01 1.382666883840043747e-03
1.459999999999999964e+00 1.245516658725000780e-01 1.510444052494751711e-03
1.469999999999999973e+00 1.263353083175000890e-01 1.580756426157240791e-03
1.479999999999999982e+00 1.270431376530002654e-01 1.548790170357208784e-03
1.489999999999999991e+00 1.299189940835001056e-01 1.631514607247867800e-03
1.500000000000000000e+00 1.311299241640001556e-01 1.747063255950732051e-03
1.510000000000000009e+00 1.326909023389998554e-01 1.777917669133853963e-03
1.520000000000000018e+00 1.352748541450000119e-01 1.912079966081167010e-03
1.530000000000000027e+00 1.374608429385001107e-01 1.960213406717119331e-03
1.540000000000000036e+00 1.400296397539999849e-01 2.102523167697309403e-03
1.550000000000000044e+00 1.414363986755001190e-01 2.094174201569373901e-03
1.560000000000000053e+00 1.437796608199999049e-01 2.150280071777919185e-03
1.570000000000000062e+00 1.458238443710000998e-01 2.069645961318923068e-03
1.580000000000000071e+00 1.484557141049997475e-01 2.237148317257914819e-03
1.590000000000000080e+00 1.501591901600001777e-01 2.361769241409653226e-03
1.600000000000000089e+00 1.527567214699998843e-01 2.491306337801460404e-03
1.610000000000000098e+00 1.556066121249997936e-01 2.579645013586282041e-03
1.620000000000000107e+00 1.584393622150000736e-01 2.663649302040907180e-03
1.629999999999999893e+00 1.610219431100001208e-01 2.725076668618468638e-03
1.639999999999999902e+00 1.641017571200000524e-01 2.818113765197582943e-03
1.649999999999999911e+00 1.665498246350000100e-01 2.901496021943933152e-03
1.659999999999999920e+00 1.692648739049999185e-01 3.044931218416065902e-03
1.669999999999999929e+00 1.717667929350001343e-01 3.190411982719726543e-03
1.679999999999999938e+00 1.752349945499998285e-01 3.260353246701865222e-03
1.689999999999999947e+00 1.785636030549997977e-01 3.431988284056494871e-03
1.699999999999999956e+00 1.808575117550000055e-01 3.487155170939118792e-03
1.709999999999999964e+00 1.852020682399999063e-01 3.651563630169196804e-03
1.719999999999999973e+00 1.889545097450000821e-01 3.651546550975702000e-03
1.729999999999999982e+00 1.925487303699998931e-01 3.875249847527002887e-03
1.739999999999999991e+00 1.944194206700000371e-01 3.997742185820466962e-03
1.750000000000000000e+00 1.989834929000001140e-01 4.191487977074574711e-03
1.760000000000000009e+00 2.022686330150001155e-01 4.279367612030228647e-03
1.770000000000000018e+00 2.066340244999997633e-01 4.354906761531804164e-03
1.780000000000000027e+00 2.101735606599999528e-01 4.525472186970753985e-03
1.790000000000000036e+00 2.138612038900000456e-01 4.632158747482739702e-03
1.800000000000000044e+00 2.182741380900000971e-01 4.690999839910209475e-03
1.810000000000000053e+00 2.205835649349999483e-01 4.779915354322481977e-03
1.820000000000000062e+00 2.259995002499998462e-01 4.964777749858828755e-03
1.830000000000000071e+00 2.297923227299999704e-01 5.100942473027433866e-03
1.840000000000000080e+00 2.324290110350002159e-01 5.108184110959587861e-03
1.850000000000000089e+00 2.376727785000000148e-01 5.361660218976578920e-03
1.860000000000000098e+00 2.432970538250004700e-01 5.525135974367404931e-03
1.870000000000000107e+00 2.464858736649997717e-01 5.646930404184988955e-03
1.879999999999999893e+00 2.515743792650001476e-01 5.718870688528094812e-03
1.889999999999999902e+00 2.571977050550001698e-01 5.885393195526424960e-03
1.899999999999999911e+00 2.619440010600000424e-01 6.035342024751976474e-03
1.909999999999999920e+00 2.664472296299998932e-01 6.187402616190429243e-03
1.919999999999999929e+00 2.716760515200003501e-01 6.269359247097299609e-03
1.929999999999999938e+00 2.768048290749998697e-01 6.447487108269747344e-03
1.939999999999999947e+00 2.815652724349997360e-01 6.526827116008624384e-03
1.949999999999999956e+00 2.884370901200000170e-01 6.681234020900596662e-03
1.959999999999999964e+00 2.933868264900002520e-01 6.740930059566133288e-03
1.969999999999999973e+00 3.001971839899998384e-01 6.846651594969898474e-03
1.979999999999999982e+00 3.060602293299998777e-01 7.073157994715540027e-03
1.989999999999999991e+00 3.126548485700000879e-01 7.169691613017477663e-03
2.000000000000000000e+00 3.180282546050003933e-01 7.333422275631678970e-03
2.009999999999999787e+00 3.255586601450000672e-01 7.515347926878829243e-03
2.020000000000000018e+00 3.316366102249996284e-01 7.683943623105200620e-03
2.029999999999999805e+00 3.375277193449998103e-01 7.771578525908783008e-03
2.040000000000000036e+00 3.424309262899993267e-01 7.870900390337446512e-03
2.049999999999999822e+00 3.496577703450000074e-01 8.032335518570467639e-03
2.060000000000000053e+00 3.563451157649998868e-01 8.101195108392862665e-03
2.069999999999999840e+00 3.625310641850001403e-01 8.157302945851947068e-03
2.080000000000000071e+00 3.690351558399997400e-01 8.159863184049402293e-03
2.089999999999999858e+00 3.753012617400003914e-01 8.324550921465801237e-03
2.100000000000000089e+00 3.803396873900002917e-01 8.336031318316460687e-03
2.109999999999999876e+00 3.874636362300003523e-01 8.295524639099048289e-03
2.120000000000000107e+00 3.928726769800000573e-01 8.523781726489461710e-03
2.129999999999999893e+00 3.995015250050001354e-01 8.445692464526383808e-03
2.140000000000000124e+00 4.058907953050003847e-01 8.553095159834971789e-03
2.149999999999999911e+00 4.128877760999996038e-01 8.523143732035642559e-03
2.160000000000000142e+00 4.201218672599991155e-01 8.527930160138164420e-03
2.169999999999999929e+00 4.264194245100000336e-01 8.567118202368155522e-03
2.180000000000000160e+00 4.334815885449999628e-01 8.525851833141655581e-03
2.189999999999999947e+00 4.392075222550005376e-01 8.577838201428815423e-03
2.200000000000000178e+00 4.463962543100001290e-01 8.589788962730601080e-03
2.209999999999999964e+00 4.524007643099997034e-01 8.750583076090584500e-03
2.220000000000000195e+00 4.612315299849995553e-01 8.676709464995657761e-03
2.229999999999999982e+00 4.672677434250002704e-01 8.634496499888802412e-03
2.240000000000000213e+00 4.739272856150001378e-01 8.618272505726812596e-03
2.250000000000000000e+00 4.814769332100005683e-01 8.656025849359190102e-03
2.259999999999999787e+00 4.878064054800002047e-01 8.548852016023318970e-03
2.270000000000000018e+00 4.948896688700008539e-01 8.553406594889184297e-03
2.279999999999999805e+00 5.007758785550002756e-01 8.499707677085625857e-03
2.290000000000000036e+00 5.080762999999998142e-01 8.496498557184357578e-03
2.299999999999999822e+00 5.137085860350004696e-01 8.426946863885041022e-03
2.310000000000000053e+00 5.210748142300011265e-01 8.335998519420075373e-03
2.319999999999999840e+00 5.271686786800000579e-01 8.334288472270164408e-03
2.330000000000000071e+00 5.330475556899998413e-01 8.250056052915961946e-03
2.339999999999999858e+00 5.399737082550001288e-01 8.194246847609934145e-03
2.350000000000000089e+00 5.471128332050003706e-01 8.112888535470050635e-03
2.359999999999999876e+00 5.523631261649991631e-01 8.087501546144107781e-03
2.370000000000000107e+00 5.588414510599998275e-01 7.937732760791483058e-03
2.379999999999999893e+00 5.650452023649995548e-01 7.890559412140145043e-03
2.390000000000000124e+00 5.708426650549998094e-01 7.818004278578802313e-03
2.399999999999999911e+00 5.761145819299994253e-01 7.708988267410940565e-03
2.410000000000000142e+00 5.819271558800001021e-01 7.592732931494051637e-03
2.419999999999999929e+00 5.872542133799999453e-01 7.568167436195758109e-03
2.430000000000000160e+00 5.930160504749997230e-01 7.520205866743391761e-03
2.439999999999999947e+00 5.980941662350005572e-01 7.399817447497725013e-03
2.450000000000000178e+00 6.031212178900001719e-01 7.360875893857252335e-03
2.459999999999999964e+00 6.086108336300000143e-01 7.183329487473568906e-03
2.470000000000000195e+00 6.132241720900000193e-01 7.132577064544068195e-03
2.479999999999999982e+00 6.179392056100003749e-01 7.066381205146281957e-03
2.490000000000000213e+00 6.231019579500006733e-01 6.876751124332896800e-03
2.500000000000000000e+00 6.274672183350000765e-01 6.876110419396761625e-03
2.509999999999999787e+00 6.323545885950005996e-01 6.800217759072250262e-03
2.520000000000000018e+00 6.363106682050008178e-01 6.752093800087613160e-03
2.529999999999999805e+00 6.409971582299995863e-01 6.655893280766243987e-03
2.540000000000000036e+00 6.455174341400001792e-01 6.528115885272389382e-03
2.549999999999999822e+00 6.498688501549999552e-01 6.523493003215468690e-03
2.560000000000000053e+00 6.542408915549992043e-01 6.395430323653035487e-03
2.569999999999999840e+00 6.586894975849990619e-01 6.274446981323058767e-03
2.580000000000000071e+00 6.628918874950004980e-01 6.212708894404877363e-03
2.589999999999999858e+00 6.675175178999994685e-01 6.099349352301197333e-03
2.600000000000000089e+00 6.716865790500009537e-01 6.018508641632846351e-03
2.609999999999999876e+00 6.756259184450010835e-01 6.002795627227527735e-03
2.620000000000000107e+00 6.799026566549988271e-01 5.852378845241740409e-03
2.629999999999999893e+00 6.836436707950002134e-01 5.818508352922226179e-03
2.640000000000000124e+00 6.879748853200001735e-01 5.723164422953011359e-03
2.649999999999999911e+00 6.918189298949998234e-01 5.698132534988441418e-03
2.660000000000000142e+00 6.953033890599999989e-01 5.644738430707898005e-03
2.669999999999999929e+00 6.991701773350003091e-01 5.585346849901462289e-03
2.680000000000000160e+00 7.024444989149998264e-01 5.507682387398765700e-03
2.689999999999999947e+00 7.055874074350002578e-01 5.488898330178055771e-03
2.700000000000000178e+00 7.088812225350002993e-01 5.435701420564675347e-03
2.709999999999999964e+00 7.122264274400001982e-01 5.349372392662645262e-03
2.720000000000000195e+00 7.157139054100003506e-01 5.222062087922780572e-03
2.729999999999999982e+00 7.190540998350000157e-01 5.162324099340464059e-03
2.740000000000000213e+00 7.220903690100000105e-01 5.103375612305711614e-03
2.750000000000000000e+00 7.253872375199998945e-01 5.041518584235378866e-03
2.759999999999999787e+00 7.282371936749993946e-01 4.972839737724353559e-03
2.770000000000000018e+00 7.314187262649998189e-01 4.864225319618042769e-03
2.779999999999999805e+00 7.345625162800012431e-01 4.775827755362179773e-03
2.790000000000000036e+00 7.376787240500011222e-01 4.696932738509225144e-03
2.799999999999999822e+00 7.407167120899988966e-01 4.625806723644058406e-03
