1.900000000000000022e-01 1.027362606520000887e-01 5.582322253932314000e-04
2.000000000000000111e-01 1.038178473540000146e-01 5.793054524081855776e-04
2.099999999999999922e-01 1.045048100940001029e-01 5.783156572457947165e-04
2.200000000000000011e-01 1.053496823169998153e-01 6.076886541374488518e-04
2.300000000000000100e-01 1.064944321699999863e-01 6.406837360729153658e-04
2.399999999999999911e-01 1.073910936129999771e-01 6.597435740770757687e-04
2.500000000000000000e-01 1.088423009810000758e-01 6.461793204271270869e-04
2.600000000000000089e-01 1.094350044900000568e-01 6.404502278891222684e-04
2.700000000000000178e-01 1.099460965249999811e-01 6.809213354537006465e-04
2.800000000000000266e-01 1.104035802240000003e-01 6.974875253799877771e-04
2.899999999999999800e-01 1.118137258939999878e-01 7.101778284475585880e-04
2.999999999999999889e-01 1.121943059729999803e-01 7.387867300056687181e-04
3.099999999999999978e-01 1.134887476360000869e-01 7.849886070167339967e-04
3.200000000000000067e-01 1.142387468210000617e-01 7.635043789301426079e-04
3.300000000000000155e-01 1.152776345900000249e-01 7.873850173254372383e-04
3.400000000000000244e-01 1.160597678000000327e-01 7.590091663123416620e-04
3.499999999999999778e-01 1.167474182360000584e-01 7.519726547929379184e-04
3.599999999999999867e-01 1.184703346899998455e-01 7.560220168680959699e-04
3.699999999999999956e-01 1.196023465899998806e-01 7.843331623848826808e-04
3.800000000000000044e-01 1.200430452900001083e-01 7.672552302609052851e-04
3.900000000000000133e-01 1.212507407699999484e-01 7.916082031162311513e-04
4.000000000000000222e-01 1.217711418800000583e-01 8.132275599950282386e-04
4.099999999999999756e-01 1.235062228299998316e-01 8.286414802807596852e-04
4.199999999999999845e-01 1.242544262710001540e-01 8.523504110588896003e-04
4.299999999999999933e-01 1.254351798800000806e-01 8.442084630178660646e-04
4.400000000000000022e-01 1.264331095199997534e-01 8.850317432236929748e-04
4.500000000000000111e-01 1.276145459000000149e-01 8.960789278841411803e-04
4.600000000000000200e-01 1.283536306399998828e-01 8.691676250599724308e-04
4.699999999999999734e-01 1.300069144499998997e-01 9.225011108782972622e-04
4.799999999999999822e-01 1.306875518899999200e-01 9.581064695352636612e-04
4.899999999999999911e-01 1.322606800999999166e-01 9.748779561578905725e-04
5.000000000000000000e-01 1.326711395499999835e-01 9.987354934551477808e-04
5.100000000000000089e-01 1.341703749000000001e-01 1.047187303219432840e-03
5.200000000000000178e-01 1.358902634199999626e-01 9.964059086781341598e-04
5.300000000000000266e-01 1.367030557099997712e-01 1.033747199393883140e-03
5.400000000000000355e-01 1.380308125799999119e-01 1.068115328075642731e-03
5.500000000000000444e-01 1.394902039600001142e-01 1.074125258984871736e-03
5.600000000000000533e-01 1.399552940400001499e-01 1.147504187783503953e-03
5.699999999999999512e-01 1.419532313700001269e-01 1.164799022289349619e-03
5.799999999999999600e-01 1.425947593999998264e-01 1.183175891024345087e-03
5.899999999999999689e-01 1.437081233000000180e-01 1.123302902061910696e-03
5.999999999999999778e-01 1.444043958200000033e-01 1.180578745101113890e-03
6.099999999999999867e-01 1.464908249499999315e-01 1.265363041078644861e-03
6.199999999999999956e-01 1.476881281200001228e-01 1.315477434928500342e-03
6.300000000000000044e-01 1.493238708599999021e-01 1.329881507517439304e-03
6.400000000000000133e-01 1.510724505099999837e-01 1.361893341527610967e-03
6.500000000000000222e-01 1.521988409700001099e-01 1.398940403250028197e-03
6.600000000000000311e-01 1.526781116599998933e-01 1.417020754165878790e-03
6.700000000000000400e-01 1.550298203399997909e-01 1.395712091179437389e-03
6.800000000000000488e-01 1.553828842699999380e-01 1.401241590515595525e-03
6.899999999999999467e-01 1.571178795799999806e-01 1.506488187932061027e-03
6.999999999999999556e-01 1.586825060800001741e-01 1.543580659131692494e-03
7.099999999999999645e-01 1.605458134200000719e-01 1.568320617718233553e-03
7.199999999999999734e-01 1.620704506699997827e-01 1.713711442229130192e-03
7.299999999999999822e-01 1.635733732599999879e-01 1.716545485500277010e-03
7.399999999999999911e-01 1.661678206699998550e-01 1.763126583096016626e-03
7.500000000000000000e-01 1.664806793499999382e-01 1.818165867110776903e-03
7.600000000000000089e-01 1.687548861499999220e-01 1.759272128500273882e-03
7.700000000000000178e-01 1.704595968399998385e-01 1.905105423060734051e-03
7.800000000000000266e-01 1.716201264599998833e-01 1.772601902012144182e-03
7.900000000000000355e-01 1.732352804900001986e-01 1.851384696593247033e-03
8.000000000000000444e-01 1.748065907200000157e-01 1.892438179873808966e-03
8.100000000000000533e-01 1.764723036899999153e-01 1.913719707733942121e-03
8.199999999999999512e-01 1.781442403499999549e-01 1.870100931878001605e-03
8.299999999999999600e-01 1.798024913899999855e-01 1.984254946638854076e-03
8.399999999999999689e-01 1.823066801099999523e-01 1.981624842320435596e-03
8.499999999999999778e-01 1.837631407600000266e-01 2.054148811815455136e-03
8.599999999999999867e-01 1.855837671000000744e-01 2.028756544557330701e-03
8.699999999999999956e-01 1.878736631100000332e-01 2.083912540639125746e-03
8.800000000000000044e-01 1.885396392599997251e-01 2.212690634591397022e-03
8.900000000000000133e-01 1.925095101800001207e-01 2.359081913594683697e-03
9.000000000000000222e-01 1.934305782200001766e-01 2.299938235052243363e-03
9.100000000000000311e-01 1.960100246600000318e-01 2.353809769498649371e-03
9.200000000000000400e-01 1.983730615300000333e-01 2.506233060482273775e-03
9.300000000000000488e-01 2.005235353500001705e-01 2.561499426585856550e-03
9.399999999999999467e-01 2.020406893900002221e-01 2.676816639168722988e-03
9.499999999999999556e-01 2.041603515800000934e-01 2.644061216703785626e-03
9.599999999999999645e-01 2.056823352200000399e-01 2.575077601532380165e-03
9.699999999999999734e-01 2.079314198800001345e-01 2.707381148193875164e-03
9.799999999999999822e-01 2.111004865799999408e-01 2.813694968055619871e-03
9.899999999999999911e-01 2.138732146700003667e-01 2.926808896200447114e-03
1.000000000000000000e+00 2.156307871700001155e-01 2.864671180104777937e-03
1.010000000000000009e+00 2.187202401900000814e-01 3.165509304587658859e-03
1.020000000000000018e+00 2.200369254300000854e-01 3.108174113284719285e-03
1.030000000000000027e+00 2.227461953700000941e-01 3.184333359007703469e-03
1.040000000000000036e+00 2.262640276799997574e-01 3.327900523417039267e-03
1.050000000000000044e+00 2.282109026600000756e-01 3.310104675054356942e-03
1.060000000000000053e+00 2.315175337899997854e-01 3.350554347871486337e-03
1.070000000000000062e+00 2.339696379600000320e-01 3.472267689524155890e-03
1.080000000000000071e+00 2.370004496300001096e-01 3.410386123118551004e-03
1.090000000000000080e+00 2.398044159300000144e-01 3.480969047940350031e-03
1.100000000000000089e+00 2.433289901600003136e-01 3.697261055834870445e-03
1.110000000000000098e+00 2.474304901699999615e-01 3.633980103800576403e-03
1.120000000000000107e+00 2.492658643799998686e-01 3.844339482283270180e-03
1.129999999999999893e+00 2.522302984699998918e-01 3.955416456299132820e-03
1.139999999999999902e+00 2.559985499799998787e-01 4.000901922799533252e-03
1.149999999999999911e+00 2.607114465699999495e-01 4.327383166458286141e-03
1.159999999999999920e+00 2.633832803599999717e-01 4.482458340907643189e-03
1.169999999999999929e+00 2.675810583800001807e-01 4.591621578916710300e-03
1.179999999999999938e+00 2.724317720399999088e-01 4.834664723827185491e-03
1.189999999999999947e+00 2.740212598800003674e-01 4.909288672345165153e-03
1.199999999999999956e+00 2.796110582200000971e-01 5.237022897679802051e-03
1.209999999999999964e+00 2.833652195900000503e-01 5.455707621186071075e-03
1.219999999999999973e+00 2.868995203800001059e-01 5.412852945196278132e-03
1.229999999999999982e+00 2.921317425999997441e-01 5.770326624660848322e-03
1.239999999999999991e+00 2.950993269499996852e-01 6.104938194016393954e-03
1.250000000000000000e+00 3.009281779000003154e-01 6.121224868058427852e-03
1.260000000000000009e+00 3.050644755499999916e-01 6.293435064890703055e-03
1.270000000000000018e+00 3.090170742000001303e-01 6.361888872259681589e-03
1.280000000000000027e+00 3.141953919800001827e-01 6.640957874900530779e-03
1.290000000000000036e+00 3.191754460699999241e-01 6.803149290462678737e-03
1.300000000000000044e+00 3.223477747199999244e-01 6.832390926080662494e-03
1.310000000000000053e+00 3.276746573300005627e-01 7.145177677061681845e-03
1.320000000000000062e+00 3.331253699900004195e-01 7.421734821609296366e-03
1.330000000000000071e+00 3.392439051399999128e-01 7.471746439454988488e-03
1.340000000000000080e+00 3.421457948500000179e-01 7.742680315589805205e-03
1.350000000000000089e+00 3.485181527899998688e-01 7.792100931527036652e-03
1.360000000000000098e+00 3.527369553100001554e-01 7.994413473166961034e-03
1.370000000000000107e+00 3.575905934200007130e-01 8.105442591124086341e-03
1.379999999999999893e+00 3.630333962599997522e-01 8.413019474830253988e-03
1.389999999999999902e+00 3.680853697599997809e-01 8.482177469899484373e-03
1.399999999999999911e+00 3.740629472100006070e-01 8.644370994984013762e-03
1.409999999999999920e+00 3.763641925400003085e-01 8.658462562280552430e-03
1.419999999999999929e+00 3.825126389799999860e-01 8.664309424471591803e-03
1.429999999999999938e+00 3.878549870799997690e-01 9.032224796475063142e-03
1.439999999999999947e+00 3.919392201599993242e-01 9.322610544710181746e-03
1.449999999999999956e+00 3.982221651500003068e-01 9.491411550717334528e-03
1.459999999999999964e+00 4.041163381200000293e-01 9.732188700171513773e-03
1.469999999999999973e+00 4.084767557000003046e-01 1.002822817522849852e-02
1.479999999999999982e+00 4.146740379499998519e-01 1.016482316292903303e-02
1.489999999999999991e+00 4.205010324100003083e-01 1.034047892581812372e-02
1.500000000000000000e+00 4.272950787999997280e-01 1.062852268995410562e-02
1.510000000000000009e+00 4.329296528099997321e-01 1.052627089163985820e-02
1.520000000000000018e+00 4.374810857600004987e-01 1.089729953060449529e-02
1.530000000000000027e+00 4.429836108399999306e-01 1.098595120801994576e-02
1.540000000000000036e+00 4.493128355700001797e-01 1.129476273892529581e-02
1.550000000000000044e+00 4.538116248500004279e-01 1.122262389618382261e-02
1.560000000000000053e+00 4.591319067999998782e-01 1.127790535285964381e-02
1.570000000000000062e+00 4.642310314299994412e-01 1.146279146737916310e-02
1.580000000000000071e+00 4.738104511899998150e-01 1.152657468674206376e-02
1.590000000000000080e+00 4.791020437200000925e-01 1.184105115961532617e-02
1.600000000000000089e+00 4.859683601000006070e-01 1.187638163493213647e-02
1.610000000000000098e+00 4.916925414900000790e-01 1.211778176762673236e-02
1.620000000000000107e+00 4.970655162500000057e-01 1.233054533894454609e-02
1.629999999999999893e+00 5.017491532499999130e-01 1.261589913553979973e-02
1.639999999999999902e+00 5.099141890399997434e-01 1.272563730413305005e-02
1.649999999999999911e+00 5.139166134100005001e-01 1.289516187985216902e-02
1.659999999999999920e+00 5.212690683600004204e-01 1.278262151361102619e-02
1.669999999999999929e+00 5.262681880200003048e-01 1.307288486030416981e-02
1.679999999999999938e+00 5.317574484199995011e-01 1.317411691677773493e-02
1.689999999999999947e+00 5.389040474500003119e-01 1.320240501066728689e-02
1.699999999999999956e+00 5.451293256400000509e-01 1.344826139356434386e-02
1.709999999999999964e+00 5.500288544399997148e-01 1.366884935235654526e-02
1.719999999999999973e+00 5.573870919999999174e-01 1.370031199576452960e-02
1.729999999999999982e+00 5.630950739299998009e-01 1.390822185162648994e-02
1.739999999999999991e+00 5.706773234499996628e-01 1.407132064626095795e-02
1.750000000000000000e+00 5.747884296199994303e-01 1.413673874059920114e-02
1.760000000000000009e+00 5.820234517800011442e-01 1.411729499678234488e-02
1.770000000000000018e+00 5.875218366700001305e-01 1.421955733959305926e-02
1.780000000000000027e+00 5.933310203999997423e-01 1.427752193519937415e-02
1.790000000000000036e+00 6.000507382499997711e-01 1.413635806190316133e-02
1.800000000000000044e+00 6.060178087800005553e-01 1.408341695894920788e-02
1.810000000000000053e+00 6.100590210799993196e-01 1.406515641103998904e-02
1.820000000000000062e+00 6.171480941700001610e-01 1.387724597858739847e-02
1.830000000000000071e+00 6.217806820999999262e-01 1.399298367784214056e-02
1.840000000000000080e+00 6.260538666999992952e-01 1.394859124736004541e-02
1.850000000000000089e+00 6.307879315099995665e-01 1.390805000329183201e-02
1.860000000000000098e+00 6.349690002400000255e-01 1.396519240490435437e-02
1.870000000000000107e+00 6.403052927200004740e-01 1.392854205010490322e-02
1.879999999999999893e+00 6.446219405300003258e-01 1.395478723186427752e-02
1.889999999999999902e+00 6.508176839399995028e-01 1.378342045557615948e-02
1.899999999999999911e+00 6.563044402600012317e-01 1.366137042637705253e-02
1.909999999999999920e+00 6.595987145799994122e-01 1.373152608955263525e-02
1.919999999999999929e+00 6.636767329600000709e-01 1.373725470934052117e-02
1.929999999999999938e+00 6.677432202299995456e-01 1.380779999784280225e-02
1.939999999999999947e+00 6.732067911200001475e-01 1.356505928224233277e-02
1.949999999999999956e+00 6.778666390500007743e-01 1.366724518324517051e-02
1.959999999999999964e+00 6.816031382599986310e-01 1.371154594447408434e-02
1.969999999999999973e+00 6.851254233000003691e-01 1.369011774455232075e-02
1.979999999999999982e+00 6.904539705999983568e-01 1.350348801257878276e-02
1.989999999999999991e+00 6.945140686899994309e-01 1.339003489261489377e-02
2.000000000000000000e+00 6.986879626200005466e-01 1.332395651914428970e-02
2.009999999999999787e+00 7.019261508199997612e-01 1.329358051348994256e-02
2.020000000000000018e+00 7.065743293499996414e-01 1.323441804574163397e-02
2.029999999999999805e+00 7.104381870300009449e-01 1.301140546966671543e-02
2.040000000000000036e+00 7.147461559999996883e-01 1.293015850969238441e-02
2.049999999999999822e+00 7.196695919099990180e-01 1.277383591437764206e-02
2.060000000000000053e+00 7.235739239699995329e-01 1.267054293676772754e-02
2.069999999999999840e+00 7.265054290400004833e-01 1.267536416035140723e-02
2.080000000000000071e+00 7.297481360200002154e-01 1.260301472905700840e-02
2.089999999999999858e+00 7.332711540599995415e-01 1.245808967559292567e-02
2.100000000000000089e+00 7.359499688199997447e-01 1.247664337277303026e-02
2.109999999999999876e+00 7.399905585800002905e-01 1.233504761341036420e-02
2.120000000000000107e+00 7.434313691400002977e-01 1.229201032906534173e-02
2.129999999999999893e+00 7.487058467099995118e-01 1.199106488866397320e-02
2.140000000000000124e+00 7.526474238199993838e-01 1.188450502453789262e-02
2.149999999999999911e+00 7.567930839499996676e-01 1.175273511277109828e-02
2.160000000000000142e+00 7.606325835199982954e-01 1.160919998537490727e-02
2.169999999999999929e+00 7.637545127900000619e-01 1.154548752161715236e-02
2.180000000000000160e+00 7.672118032599988258e-01 1.137687425474610652e-02
2.189999999999999947e+00 7.700016880200004632e-01 1.128000351918058940e-02
2.200000000000000178e+00 7.725756260100004047e-01 1.124693011040322523e-02
2.209999999999999964e+00 7.759060387700000838e-01 1.107129384040146311e-02
2.220000000000000195e+00 7.788531006199984619e-01 1.101089645905705718e-02
2.229999999999999982e+00 7.819777467800000936e-01 1.087033269800182118e-02
2.240000000000000213e+00 7.847777617400004679e-01 1.077155816549415883e-02
2.250000000000000000e+00 7.873252471499999627e-01 1.066137783535410326e-02
2.259999999999999787e+00 7.896948321299983586e-01 1.062992166232520387e-02
2.270000000000000018e+00 7.919399365900013921e-01 1.054971164831245561e-02
2.279999999999999805e+00 7.938389598199996344e-01 1.056921514502647333e-02
2.290000000000000036e+00 7.963714778700001773e-01 1.042352728592310131e-02
2.299999999999999822e+00 7.982423138600002188e-01 1.044176475186781722e-02
2.310000000000000053e+00 8.007047363999998391e-01 1.031769657222333936e-02
2.319999999999999840e+00 8.032018917300006722e-01 1.015561168829236596e-02
2.330000000000000071e+00 8.053807644400003962e-01 1.010258563978143342e-02
2.339999999999999858e+00 8.073506528699996299e-01 1.007796766913256550e-02
2.350000000000000089e+00 8.094799367200008477e-01 9.984642350309727576e-03
2.359999999999999876e+00 8.113353592599993336e-01 9.980655415101168451e-03
2.370000000000000107e+00 8.134415457600016053e-01 9.825008539405922364e-03
2.379999999999999893e+00 8.151780582699990063e-01 9.793150104618465399e-03
2.390000000000000124e+00 8.166970547799993208e-01 9.817852976128617348e-03
2.399999999999999911e+00 8.188438834100002506e-01 9.695297615250713513e-03
2.410000000000000142e+00 8.204925490300003510e-01 9.682456229116426227e-03
2.419999999999999929e+00 8.223074750300011226e-01 9.602192590590589300e-03
2.430000000000000160e+00 8.241119701599999292e-01 9.534360182658943930e-03
2.439999999999999947e+00 8.262389913999995672e-01 9.374809954287556535e-03
2.450000000000000178e+00 8.280112241200011658e-01 9.286535400516613206e-03
2.459999999999999964e+00 8.294939571199997363e-01 9.289271792451335441e-03
2.470000000000000195e+00 8.311658124699997652e-01 9.194861869213696165e-03
2.479999999999999982e+00 8.331309824700003919e-01 9.027043866537078423e-03
2.490000000000000213e+00 8.352947125199993161e-01 8.831538095905087579e-03
2.500000000000000000e+00 8.368710786300007642e-01 8.759601947907976610e-03
2.509999999999999787e+00 8.386690035600005144e-01 8.647382928991493439e-03
2.520000000000000018e+00 8.403776960599986801e-01 8.545444474870515436e-03
2.529999999999999805e+00 8.421754384899992063e-01 8.416241306114376555e-03
2.540000000000000036e+00 8.439974782800004904e-01 8.319087312322807556e-03
2.549999999999999822e+00 8.459662761900008654e-01 8.169319067962550057e-03
2.560000000000000053e+00 8.475590695100009286e-01 8.088970456181105925e-03
2.569999999999999840e+00 8.489441022800003900e-01 8.053795223313656507e-03
2.580000000000000071e+00 8.506087550999997804e-01 7.924252593893423707e-03
2.589999999999999858e+00 8.521204220800006057e-01 7.870948167733524126e-03
2.600000000000000089e+00 8.538110047299997118e-01 7.736378357630861041e-03
2.609999999999999876e+00 8.553296865499999679e-01 7.639796531400235360e-03
2.620000000000000107e+00 8.567616527500001578e-01 7.563416862942661661e-03
2.629999999999999893e+00 8.580401358800007205e-01 7.526022139526543364e-03
2.640000000000000124e+00 8.593735638900000806e-01 7.484439576653013383e-03
2.649999999999999911e+00 8.607673926600000192e-01 7.405922815740016880e-03
2.660000000000000142e+00 8.621097862599997885e-01 7.346334626146604554e-03
2.669999999999999929e+00 8.635983352299996252e-01 7.207599586589243622e-03
2.680000000000000160e+00 8.649078497999991288e-01 7.135740528373733446e-03
2.689999999999999947e+00 8.660881082300010414e-01 7.099637125529555289e-03
2.700000000000000178e+00 8.673014801200008561e-01 7.050749507965846721e-03
2.709999999999999964e+00 8.684391351700007089e-01 7.016609673330345513e-03
2.720000000000000195e+00 8.697654640099989898e-01 6.922095106694779384e-03
2.729999999999999982e+00 8.708674237199999224e-01 6.882661632205792912e-03
2.740000000000000213e+00 8.720420945099995880e-01 6.824304234681118075e-03
2.750000000000000000e+00 8.731685669300002228e-01 6.763635447565015044e-03
2.759999999999999787e+00 8.741718255500001700e-01 6.756274171307071440e-03
2.770000000000000018e+00 8.752636050000009993e-01 6.695934571733657553e-03
2.779999999999999805e+00 8.763286358500003148e-01 6.639602366911368132e-03
2.790000000000000036e+00 8.773181088399997218e-01 6.626205049571023964e-03
2.799999999999999822e+00 8.784665166499996403e-01 6.539680021760854375e-03
2.810000000000000053e+00 8.794586388900000884e-01 6.505702111125143301e-03
2.819999999999999840e+00 8.805149079099995335e-01 6.428208225486254160e-03
2.830000000000000071e+00 8.815724486400002835e-01 6.355152246156953524e-03
2.839999999999999858e+00 8.824448258399993916e-01 6.357800179327427297e-03
2.850000000000000089e+00 8.833771760499998793e-01 6.324298805612837623e-03
2.859999999999999876e+00 8.846095943700001962e-01 6.142482223352245009e-03
2.870000000000000107e+00 8.856913351899990960e-01 6.032177333418136528e-03
2.879999999999999893e+00 8.866058697299994407e-01 5.971789289312824482e-03
2.890000000000000124e+00 8.876912523900009067e-01 5.887373076807220738e-03
2.899999999999999911e+00 8.885341438699996264e-01 5.855012544074812697e-03
2.910000000000000142e+00 8.894191208200005194e-01 5.790358736911573219e-03
2.919999999999999929e+00 8.902621649699997697e-01 5.777276793652526103e-03
2.930000000000000160e+00 8.911556813199996707e-01 5.714692322059883485e-03
2.939999999999999947e+00 8.922043937499987143e-01 5.620243896930592759e-03
2.950000000000000178e+00 8.931559266500002092e-01 5.562387174266310817e-03
2.959999999999999964e+00 8.940834937399995130e-01 5.492973326134201195e-03
2.970000000000000195e+00 8.949681306199990249e-01 5.439674388074682010e-03
2.979999999999999982e+00 8.958869292100005710e-01 5.360931484743982137e-03
2.990000000000000213e+00 8.967339166000003470e-01 5.312566221522468241e-03
3.000000000000000000e+00 8.975614677700005650e-01 5.260743622027032329e-03
3.009999999999999787e+00 8.984813639899992266e-01 5.178546677801611729e-03
3.020000000000000018e+00 8.993925705800005499e-01 5.104198801560654551e-03
3.029999999999999805e+00 9.003746513199998303e-01 4.986984623681334737e-03
3.040000000000000036e+00 9.013177103399997447e-01 4.898371575309709049e-03
3.049999999999999822e+00 9.021404354599991127e-01 4.831481768985637637e-03
3.060000000000000053e+00 9.029437416100003500e-01 4.770415985633446460e-03
3.069999999999999840e+00 9.029193720300002779e-01 4.813236342547785526e-03
3.080000000000000071e+00 9.036997073000007097e-01 4.759201271430034061e-03
3.089999999999999858e+00 9.044701747000011283e-01 4.707046782351317731e-03
3.100000000000000089e+00 9.052210809199999764e-01 4.657823248122046518e-03
3.109999999999999876e+00 9.059570732699997464e-01 4.610736593270037958e-03
3.120000000000000107e+00 9.066798251600005631e-01 4.565409478820807096e-03
3.129999999999999893e+00 9.081802097600011336e-01 4.416094745637489001e-03
3.140000000000000124e+00 9.088793301999992247e-01 4.372379519051582120e-03
3.149999999999999911e+00 9.095676848899999500e-01 4.329903429261424547e-03
3.160000000000000142e+00 9.102459608999992069e-01 4.288562007979003846e-03
3.169999999999999929e+00 9.109144527800006053e-01 4.248263975295275482e-03
3.180000000000000160e+00 9.115735857599999159e-01 4.208938820686057916e-03
3.189999999999999947e+00 9.122237826000000327e-01 4.170516808722946230e-03
3.200000000000000178e+00 9.128650704699987628e-01 4.132944149017204333e-03
3.209999999999999964e+00 9.134979280400006285e-01 4.096170480629281706e-03
3.220000000000000195e+00 9.141225777099990513e-01 4.060159369297437933e-03
3.229999999999999982e+00 9.147392211699998388e-01 4.024863618768184312e-03
3.240000000000000213e+00 9.153480339099989704e-01 3.990250642538645427e-03
3.250000000000000000e+00 9.159492739400002526e-01 3.956300708843361880e-03
3.259999999999999787e+00 9.165430511400004532e-01 3.922968094941267289e-03
3.270000000000000018e+00 9.171295872200003751e-01 3.890236867466005319e-03
3.279999999999999805e+00 9.177091031099989804e-01 3.858085230867800818e-03
3.290000000000000036e+00 9.182816090199996673e-01 3.826487202123790305e-03
3.299999999999999822e+00 9.188473943999991844e-01 3.795409986494041425e-03
3.310000000000000053e+00 9.194065006899990733e-01 3.764854143782852582e-03
3.319999999999999840e+00 9.176441477899998089e-01 4.990697208229963322e-03
3.330000000000000071e+00 9.181925142400004791e-01 4.966486646051033842e-03
3.339999999999999858e+00 9.187345254399992278e-01 4.942709920523310346e-03
3.350000000000000089e+00 9.192704086300010902e-01 4.919347687084762479e-03
3.359999999999999876e+00 9.198002751100002872e-01 4.896390642166464566e-03
3.370000000000000107e+00 9.203241912500021993e-01 4.873812376372849489e-03
