1.159999999999999920e+00 3.529309010400000918e-02 1.650567078126615502e-04
1.169999999999999929e+00 3.583768925799998839e-02 1.717871238021089592e-04
1.179999999999999938e+00 3.627912594699995302e-02 1.774941202773015108e-04
1.189999999999999947e+00 3.679404402699999049e-02 1.733060423072131228e-04
1.199999999999999956e+00 3.764763526900005014e-02 1.852990653735555975e-04
1.209999999999999964e+00 3.836998032249996221e-02 2.110431983635915356e-04
1.219999999999999973e+00 3.891352604000000714e-02 2.037461860823366162e-04
1.229999999999999982e+00 3.941289895350005151e-02 2.187488298622429429e-04
1.239999999999999991e+00 4.006989597350004567e-02 2.100860440738194172e-04
1.250000000000000000e+00 4.098123209099999859e-02 2.235303679886642490e-04
1.260000000000000009e+00 4.138942434250004326e-02 2.208945786767974962e-04
1.270000000000000018e+00 4.226820407500000987e-02 2.221471829584885415e-04
1.280000000000000027e+00 4.302253797750000414e-02 2.558894671299020637e-04
1.290000000000000036e+00 4.362211222800002619e-02 2.579492827522097140e-04
1.300000000000000044e+00 4.484985269149999176e-02 2.616623518730920952e-04
1.310000000000000053e+00 4.550048410900001117e-02 2.785795976232429295e-04
1.320000000000000062e+00 4.663907446099994220e-02 2.676442089678770066e-04
1.330000000000000071e+00 4.743627451250000820e-02 2.724048711917759625e-04
1.340000000000000080e+00 4.870096604550000485e-02 3.022870069370170833e-04
1.350000000000000089e+00 4.915772325550008676e-02 2.956585773550419972e-04
1.360000000000000098e+00 5.029150309649996903e-02 3.210636557427043437e-04
1.370000000000000107e+00 5.165140434599997665e-02 3.745823958461240943e-04
1.379999999999999893e+00 5.216162102300005154e-02 3.712731637785965681e-04
1.389999999999999902e+00 5.348027245850001110e-02 3.854600597010010457e-04
1.399999999999999911e+00 5.479728907450005099e-02 3.883793644629307041e-04
1.409999999999999920e+00 5.615442438700000982e-02 4.440243405824652280e-04
1.419999999999999929e+00 5.736053334800007147e-02 4.369486981372774719e-04
1.429999999999999938e+00 5.861892910799994943e-02 5.270320177457221873e-04
1.439999999999999947e+00 5.984482411249995859e-02 5.148447378338446732e-04
1.449999999999999956e+00 6.089904174899996719e-02 4.965079876587422071e-04
1.459999999999999964e+00 6.359285571750011856e-02 6.335671772894358724e-04
1.469999999999999973e+00 6.419381820449995835e-02 5.946934653890858635e-04
1.479999999999999982e+00 6.669578086050007015e-02 5.813134264183049318e-04
1.489999999999999991e+00 6.864025088750004555e-02 7.485634575265904481e-04
1.500000000000000000e+00 7.053719936000002466e-02 7.841705960290178568e-04
1.510000000000000009e+00 7.235088662649996616e-02 7.456322342484631620e-04
1.520000000000000018e+00 7.443595907549994950e-02 8.316507415260332523e-04
1.530000000000000027e+00 7.648171136999992736e-02 9.626121503665207267e-04
1.540000000000000036e+00 8.010953567700000721e-02 9.817521534040308129e-04
1.550000000000000044e+00 8.241990292900001902e-02 1.081338057723248104e-03
1.560000000000000053e+00 8.497858049450003615e-02 1.162391723997348433e-03
1.570000000000000062e+00 8.793212960999993721e-02 1.234074045049437423e-03
1.580000000000000071e+00 9.224426166099997104e-02 1.391970041670493848e-03
1.590000000000000080e+00 9.592054570249999856e-02 1.653768799394502755e-03
1.600000000000000089e+00 9.992767370350000289e-02 1.833336738970851388e-03
1.610000000000000098e+00 1.041678214195000257e-01 1.885208218157373872e-03
1.620000000000000107e+00 1.088658709680001002e-01 2.188860016968995591e-03
1.629999999999999893e+00 1.135333967390000226e-01 2.396295273697203465e-03
1.639999999999999902e+00 1.200979074544999275e-01 2.772198618350844076e-03
1.649999999999999911e+00 1.254384506364999152e-01 2.873436078602063706e-03
1.659999999999999920e+00 1.332925625555000659e-01 3.230986159218654247e-03
1.669999999999999929e+00 1.396217268084999352e-01 3.449435611115817934e-03
1.679999999999999938e+00 1.474248957785001257e-01 3.718746008816263895e-03
1.689999999999999947e+00 1.560470408455001123e-01 4.061372822782798216e-03
1.699999999999999956e+00 1.647017510940000928e-01 4.317329003035519711e-03
1.709999999999999964e+00 1.744866085285000090e-01 4.610699138031526534e-03
1.719999999999999973e+00 1.860263577490001430e-01 4.842113977727088847e-03
1.729999999999999982e+00 1.956488490740000141e-01 5.104461229188234604e-03
1.739999999999999991e+00 2.073020019799998170e-01 5.283070398977543665e-03
1.750000000000000000e+00 2.194109425924999357e-01 5.488154809837620003e-03
1.760000000000000009e+00 2.338333933475002513e-01 5.624985630511503999e-03
1.770000000000000018e+00 2.473996785749999483e-01 5.786660623923476146e-03
1.780000000000000027e+00 2.602386754715000361e-01 6.031478532551065586e-03
1.790000000000000036e+00 2.743232562400001462e-01 6.017355537813318458e-03
1.800000000000000044e+00 2.895428425595001909e-01 6.152655579840938214e-03
1.810000000000000053e+00 3.041721933049998938e-01 6.289154922547602472e-03
1.820000000000000062e+00 3.183300649149999884e-01 6.292884541677310969e-03
1.830000000000000071e+00 3.337043421500000551e-01 6.264287082793047919e-03
1.840000000000000080e+00 3.483999099900004226e-01 6.359423796173982978e-03
1.850000000000000089e+00 3.644002421899997790e-01 6.153298168351894679e-03
1.860000000000000098e+00 3.778979254349999484e-01 6.104793778544113578e-03
1.870000000000000107e+00 3.934537337349992558e-01 6.047951411464023638e-03
1.879999999999999893e+00 4.077663829050001132e-01 5.869543305887760937e-03
1.889999999999999902e+00 4.210097567799991891e-01 5.784344090180704341e-03
1.899999999999999911e+00 4.346721770399997187e-01 5.567026072618237037e-03
1.909999999999999920e+00 4.481842707000007753e-01 5.325772890397544208e-03
1.919999999999999929e+00 4.613361682749998471e-01 5.153172537154593509e-03
1.929999999999999938e+00 4.745041453050003466e-01 4.805592506560020516e-03
1.939999999999999947e+00 4.853582066549999019e-01 4.869624945861661044e-03
1.949999999999999956e+00 4.977187581300003272e-01 4.573900294623587347e-03
1.959999999999999964e+00 5.091675242799993395e-01 4.348158920340378965e-03
1.969999999999999973e+00 5.207754699550004585e-01 4.068027389934549161e-03
1.979999999999999982e+00 5.313651941600008310e-01 3.939471016667073049e-03
1.989999999999999991e+00 5.417471683300002505e-01 3.760501761724019659e-03
2.000000000000000000e+00 5.514848532850006313e-01 3.607255688874329725e-03
2.009999999999999787e+00 5.606807418250000508e-01 3.534486365443804002e-03
2.020000000000000018e+00 5.701719524150007379e-01 3.280862400798447657e-03
2.029999999999999805e+00 5.790943778749999549e-01 3.139695637967065533e-03
2.040000000000000036e+00 5.876102698949998704e-01 3.007548717616004025e-03
2.049999999999999822e+00 5.958646806149988651e-01 2.886507403246513399e-03
2.060000000000000053e+00 6.036865886949999149e-01 2.793200011900019188e-03
2.069999999999999840e+00 6.114917888600001072e-01 2.703481717384433741e-03
2.080000000000000071e+00 6.189264581749999161e-01 2.596746738604150100e-03
2.089999999999999858e+00 6.260931272649996604e-01 2.540680329166121899e-03
