1.750000000000000000e+00 3.768936720200001533e-02 3.174791668387577756e-04
1.760000000000000009e+00 3.870493443050002785e-02 3.338231626319051407e-04
1.770000000000000018e+00 3.996437673799998341e-02 3.670204766554158952e-04
1.780000000000000027e+00 4.097711266299994270e-02 3.606080505379764736e-04
1.790000000000000036e+00 4.211535784449996905e-02 3.756290734442298013e-04
1.800000000000000044e+00 4.301907599550001265e-02 3.883557567329262174e-04
1.810000000000000053e+00 4.463123122100001033e-02 4.413478498722518120e-04
1.820000000000000062e+00 4.568901286699997288e-02 4.687159990662164485e-04
1.830000000000000071e+00 4.757703833400003801e-02 5.096694807294677642e-04
1.840000000000000080e+00 4.875622093850001670e-02 5.484756065043274289e-04
1.850000000000000089e+00 5.103692437750000782e-02 5.786537170695665302e-04
1.860000000000000098e+00 5.260836976799999204e-02 7.284620979493047332e-04
1.870000000000000107e+00 5.532268735750004579e-02 7.643262805246323456e-04
1.879999999999999893e+00 5.714609722200000852e-02 7.983874283962376578e-04
1.889999999999999902e+00 5.938262731100001079e-02 9.146412652653476650e-04
1.899999999999999911e+00 6.265518945749999624e-02 1.018030593970743313e-03
1.909999999999999920e+00 6.522439335249993753e-02 1.060094844464725067e-03
1.919999999999999929e+00 6.781736750500004518e-02 1.158191493633985722e-03
1.929999999999999938e+00 7.333158165950004470e-02 1.394040055375085846e-03
1.939999999999999947e+00 7.629654351300005355e-02 1.535131687392937618e-03
1.949999999999999956e+00 8.250997008900010088e-02 1.666726600182889817e-03
1.959999999999999964e+00 8.701709916600010308e-02 1.893143870510201375e-03
1.969999999999999973e+00 9.217574730199989963e-02 2.136050294579384338e-03
1.979999999999999982e+00 9.999826808650014165e-02 2.335457372939800987e-03
1.989999999999999991e+00 1.076841662399999067e-01 2.620997932989926112e-03
2.000000000000000000e+00 1.149191473364999661e-01 2.799410079975950347e-03
2.009999999999999787e+00 1.235703547229998617e-01 3.035465061599738976e-03
2.020000000000000018e+00 1.336047927074998365e-01 3.287458894959303761e-03
2.029999999999999805e+00 1.465829462049999254e-01 3.481277742308916661e-03
2.040000000000000036e+00 1.590704592515002347e-01 3.747726167078714848e-03
2.049999999999999822e+00 1.707170803714998242e-01 3.995249536401616897e-03
2.060000000000000053e+00 1.852507834324998715e-01 4.234521033047475985e-03
2.069999999999999840e+00 1.985466947034999208e-01 4.297576198132748056e-03
2.080000000000000071e+00 2.135460661825001327e-01 4.387914303176616328e-03
2.089999999999999858e+00 2.281630257509999482e-01 4.382786808870716561e-03
2.100000000000000089e+00 2.417249392135001063e-01 4.401753854797013990e-03
2.109999999999999876e+00 2.572430523459999230e-01 4.321570841742086028e-03
2.120000000000000107e+00 2.713759576650002225e-01 4.342711997918777961e-03
2.129999999999999893e+00 2.873268278199996306e-01 4.126100329711514768e-03
2.140000000000000124e+00 3.009857977900003978e-01 4.010871254089674702e-03
2.149999999999999911e+00 3.155479082799987345e-01 3.922135680972141727e-03
2.160000000000000142e+00 3.283350082750001731e-01 3.902818633526848775e-03
2.169999999999999929e+00 3.422054332850000824e-01 3.642956696972694981e-03
2.180000000000000160e+00 3.550660368799997135e-01 3.468093357221980512e-03
2.189999999999999947e+00 3.679871533199998157e-01 3.320821272155282528e-03
2.200000000000000178e+00 3.800398922000000623e-01 3.145026483048776744e-03
2.209999999999999964e+00 3.921144386800001214e-01 3.042850890798305067e-03
2.220000000000000195e+00 4.032889855449994232e-01 2.905976502285203232e-03
2.229999999999999982e+00 4.142307611299997361e-01 2.721722053302790337e-03
2.240000000000000213e+00 4.246894802299992500e-01 2.652859199413014780e-03
2.250000000000000000e+00 4.346565851300001060e-01 2.583123082958478731e-03
2.259999999999999787e+00 4.446306535399996429e-01 2.431524250342324573e-03
2.270000000000000018e+00 4.544126129449997387e-01 2.342218617560535773e-03
2.279999999999999805e+00 4.635989720799998381e-01 2.289419522987848343e-03
2.290000000000000036e+00 4.727383384499997399e-01 2.197793450065108848e-03
