1.110000000000000098e+00 3.329180784350004724e-02 1.416842342252822300e-04
1.120000000000000107e+00 3.379114181799997702e-02 1.540944580883211199e-04
1.129999999999999893e+00 3.422930198399999624e-02 1.478154520627948925e-04
1.139999999999999902e+00 3.474727880549998565e-02 1.702345139937005579e-04
1.149999999999999911e+00 3.554926763199997564e-02 1.660839374260362664e-04
1.159999999999999920e+00 3.603629031350000234e-02 1.651899376815986747e-04
1.169999999999999929e+00 3.670831712149996012e-02 1.718684937539772270e-04
1.179999999999999938e+00 3.710812495400003103e-02 1.832395276406488093e-04
1.189999999999999947e+00 3.786059085550005920e-02 1.738552170820227896e-04
1.199999999999999956e+00 3.846672878099996473e-02 1.857933081773539851e-04
1.209999999999999964e+00 3.906726925349995883e-02 2.099993209926753041e-04
1.219999999999999973e+00 3.976210811799991973e-02 2.063553964682028846e-04
1.229999999999999982e+00 4.044393317300000457e-02 2.042889960455081776e-04
1.239999999999999991e+00 4.107817332550003919e-02 1.998780851013092050e-04
1.250000000000000000e+00 4.222402148700007268e-02 2.420778994601406663e-04
1.260000000000000009e+00 4.305357225050000097e-02 2.322485580681999176e-04
1.270000000000000018e+00 4.352971263300000476e-02 2.430257366004450121e-04
1.280000000000000027e+00 4.450785060250003755e-02 2.647687144782594031e-04
1.290000000000000036e+00 4.570877473500006144e-02 2.631316536269578412e-04
1.300000000000000044e+00 4.619564644400010051e-02 2.632514254641433993e-04
1.310000000000000053e+00 4.707418282899993728e-02 2.816765046780646568e-04
1.320000000000000062e+00 4.817366210000004895e-02 2.777819438147938452e-04
1.330000000000000071e+00 4.933626252849993010e-02 3.124888547546217170e-04
1.340000000000000080e+00 5.020703917650001791e-02 3.305002896191017148e-04
1.350000000000000089e+00 5.169029083749995812e-02 3.157173397737860106e-04
1.360000000000000098e+00 5.285659827749997902e-02 3.788611026517512792e-04
1.370000000000000107e+00 5.362745205100000190e-02 3.660179102157888652e-04
1.379999999999999893e+00 5.489307205899998654e-02 3.979649021959376950e-04
1.389999999999999902e+00 5.699099931799997409e-02 4.586595617519316341e-04
1.399999999999999911e+00 5.820101239499995277e-02 4.301869395025879677e-04
1.409999999999999920e+00 5.933497781050008080e-02 4.290666316495409687e-04
1.419999999999999929e+00 6.105514013100005188e-02 4.828189404047326396e-04
1.429999999999999938e+00 6.221590347749995226e-02 5.111918000344960406e-04
1.439999999999999947e+00 6.479146601449997656e-02 5.457181968145278323e-04
1.449999999999999956e+00 6.636546197250001167e-02 5.669243882331164537e-04
1.459999999999999964e+00 6.825802871099995173e-02 6.769282934663793791e-04
1.469999999999999973e+00 6.999903451899998352e-02 7.002401589561121388e-04
1.479999999999999982e+00 7.246831938649991867e-02 7.539319788576229978e-04
1.489999999999999991e+00 7.451962581399997065e-02 8.151951486492217333e-04
1.500000000000000000e+00 7.733978803550010939e-02 8.723266538716398667e-04
1.510000000000000009e+00 7.960122857150002396e-02 8.874161898818101746e-04
1.520000000000000018e+00 8.362210692899982312e-02 1.066872079864418857e-03
1.530000000000000027e+00 8.544058500750001395e-02 1.099497428049583253e-03
1.540000000000000036e+00 8.997629553100001953e-02 1.309092197645419110e-03
1.550000000000000044e+00 9.385535529750006767e-02 1.429292126741166149e-03
1.560000000000000053e+00 9.809674867849989266e-02 1.564133117118580345e-03
1.570000000000000062e+00 1.019474254009999220e-01 1.704526227791809982e-03
1.580000000000000071e+00 1.066262882695000191e-01 1.982616036327725529e-03
1.590000000000000080e+00 1.111441124945000136e-01 2.077844928999677231e-03
1.600000000000000089e+00 1.181394841875000046e-01 2.310624585935905535e-03
1.610000000000000098e+00 1.243112927154998298e-01 2.606752284415083006e-03
1.620000000000000107e+00 1.293271277694998944e-01 2.744813122694222864e-03
1.629999999999999893e+00 1.369626686104998547e-01 3.088299506648056920e-03
1.639999999999999902e+00 1.450580023815000730e-01 3.318258592769344605e-03
1.649999999999999911e+00 1.539012937925000046e-01 3.547774964452422939e-03
1.659999999999999920e+00 1.635036820629999499e-01 3.903961376774037813e-03
1.669999999999999929e+00 1.722731078120000314e-01 4.129969218368077788e-03
1.679999999999999938e+00 1.836128657745001447e-01 4.348544348148577869e-03
1.689999999999999947e+00 1.963013579230001582e-01 4.601149077746453930e-03
1.699999999999999956e+00 2.091002846639999080e-01 5.019553350293758792e-03
1.709999999999999964e+00 2.209608803719994852e-01 5.115302312786926958e-03
1.719999999999999973e+00 2.358858792729999210e-01 5.374088380580264307e-03
1.729999999999999982e+00 2.508786814384998398e-01 5.513149011959082336e-03
1.739999999999999991e+00 2.670789168999999630e-01 5.679404629323929650e-03
1.750000000000000000e+00 2.810980948359998455e-01 5.819219462019066709e-03
1.760000000000000009e+00 3.000443709950003091e-01 5.841619847917351067e-03
1.770000000000000018e+00 3.161360450150001999e-01 5.899744494264423829e-03
1.780000000000000027e+00 3.343039862400002948e-01 5.788962445701362897e-03
1.790000000000000036e+00 3.505483115849999942e-01 5.800019498323512671e-03
1.800000000000000044e+00 3.662752550650000827e-01 5.700710437711370079e-03
1.810000000000000053e+00 3.816145588799998989e-01 5.636440177282577013e-03
1.820000000000000062e+00 3.974665484299998996e-01 5.491931743396494779e-03
1.830000000000000071e+00 4.120768180699996841e-01 5.393158387934013365e-03
1.840000000000000080e+00 4.260606470949998559e-01 5.312264771160634183e-03
1.850000000000000089e+00 4.403162236549998387e-01 5.133052099010619075e-03
1.860000000000000098e+00 4.544797397949999485e-01 4.880507493017056941e-03
1.870000000000000107e+00 4.670996980499990126e-01 4.822775596791194219e-03
1.879999999999999893e+00 4.797857160199996973e-01 4.579704083968723013e-03
1.889999999999999902e+00 4.917658248249997532e-01 4.499364933754497822e-03
1.899999999999999911e+00 5.043666399299998604e-01 4.244025635944373778e-03
1.909999999999999920e+00 5.149595661099997113e-01 4.088496345083237650e-03
1.919999999999999929e+00 5.264435611299997930e-01 3.886270387680676886e-03
1.929999999999999938e+00 5.372756265500002737e-01 3.756344208342228454e-03
1.939999999999999947e+00 5.473799278800002277e-01 3.629318641582105886e-03
1.949999999999999956e+00 5.573797670800001436e-01 3.491733540114078799e-03
1.959999999999999964e+00 5.667938201299989043e-01 3.357401804376379615e-03
1.969999999999999973e+00 5.761809851900003832e-01 3.232641618867672893e-03
1.979999999999999982e+00 5.850845013300001174e-01 3.140124446614843846e-03
1.989999999999999991e+00 5.939126862100003734e-01 3.017451632965285208e-03
2.000000000000000000e+00 6.024720545549996364e-01 2.906036056228662214e-03
2.009999999999999787e+00 6.104720499450000393e-01 2.812963460545194350e-03
2.020000000000000018e+00 6.185779478600001990e-01 2.680864894948790673e-03
2.029999999999999805e+00 6.259638692749993627e-01 2.590573564839774006e-03
2.040000000000000036e+00 6.331445022600006300e-01 2.497430512324045303e-03
