1.320000000000000062e+00 3.301354612000001465e-02 1.818215458186921163e-04
1.330000000000000071e+00 3.368749219499994618e-02 1.913616996687778841e-04
1.340000000000000080e+00 3.409400897499995781e-02 1.925822275473736914e-04
1.350000000000000089e+00 3.514075364899999637e-02 2.046921482748321889e-04
1.360000000000000098e+00 3.558831839249997075e-02 2.290940034546099424e-04
1.370000000000000107e+00 3.627574832150004536e-02 2.186861055304378223e-04
1.379999999999999893e+00 3.691332881800003102e-02 2.227913117235380026e-04
1.389999999999999902e+00 3.787167590950001050e-02 2.330574446700849891e-04
1.399999999999999911e+00 3.886463614750004097e-02 2.566163414291178181e-04
1.409999999999999920e+00 4.016902326099999754e-02 2.656582447002343015e-04
1.419999999999999929e+00 4.058422225950003570e-02 2.901516672937274298e-04
1.429999999999999938e+00 4.158259646699999368e-02 2.806955864892362673e-04
1.439999999999999947e+00 4.304497349299996056e-02 3.160074651246152404e-04
1.449999999999999956e+00 4.398148808350003242e-02 3.478028611952456244e-04
1.459999999999999964e+00 4.504116685699997846e-02 3.620234426510958990e-04
1.469999999999999973e+00 4.620693061949995850e-02 3.680316575400077402e-04
1.479999999999999982e+00 4.776640159399996727e-02 3.926138655324731028e-04
1.489999999999999991e+00 4.929048034300000797e-02 4.369406511041619878e-04
1.500000000000000000e+00 5.027380942400001829e-02 4.277502103833238966e-04
1.510000000000000009e+00 5.190954649199996246e-02 4.841901623904243607e-04
1.520000000000000018e+00 5.349051715449996969e-02 5.166390685161285868e-04
1.530000000000000027e+00 5.543312605699996648e-02 5.784542115131757365e-04
1.540000000000000036e+00 5.768662993800005578e-02 6.244060551902577303e-04
1.550000000000000044e+00 5.937516431249997145e-02 6.902326556762152952e-04
1.560000000000000053e+00 6.156846662249997743e-02 7.181008783686038165e-04
1.570000000000000062e+00 6.417039867849996804e-02 9.354424762237167987e-04
1.580000000000000071e+00 6.662133215350003745e-02 8.971180219721180526e-04
1.590000000000000080e+00 7.004874556349997838e-02 1.093190461435503916e-03
1.600000000000000089e+00 7.282007105750003262e-02 1.252711051681188728e-03
1.610000000000000098e+00 7.706226249599995581e-02 1.321160584980151168e-03
1.620000000000000107e+00 8.057013838450005627e-02 1.448182376236725917e-03
1.629999999999999893e+00 8.496709256450006575e-02 1.676851106062326058e-03
1.639999999999999902e+00 8.999730583449999655e-02 1.816219726640316921e-03
1.649999999999999911e+00 9.547033116300013278e-02 2.048482431856797192e-03
1.659999999999999920e+00 1.011235934059999120e-01 2.247769315753227106e-03
1.669999999999999929e+00 1.090324494055000121e-01 2.476179521873771855e-03
1.679999999999999938e+00 1.176411110579999447e-01 2.799291871459292941e-03
1.689999999999999947e+00 1.251085857704999915e-01 3.095569082183348940e-03
1.699999999999999956e+00 1.333635042300000406e-01 3.304407969288004118e-03
1.709999999999999964e+00 1.437010413379999074e-01 3.609870573991779286e-03
1.719999999999999973e+00 1.566527136864998837e-01 4.004220009925474680e-03
1.729999999999999982e+00 1.674880312235002278e-01 4.214548778063373531e-03
1.739999999999999991e+00 1.804480880334998483e-01 4.559435466027512290e-03
1.750000000000000000e+00 1.953948199450001588e-01 4.684734209547108258e-03
1.760000000000000009e+00 2.091043742780000214e-01 4.981467253277069296e-03
1.770000000000000018e+00 2.275297419550000588e-01 5.064543218258775979e-03
1.780000000000000027e+00 2.437321604700005417e-01 5.284094259887097550e-03
1.790000000000000036e+00 2.588372233630001906e-01 5.285909582850500596e-03
1.800000000000000044e+00 2.762982882524998574e-01 5.298738243973244270e-03
1.810000000000000053e+00 2.926447362099998117e-01 5.316038619851947040e-03
1.820000000000000062e+00 3.087050347780004866e-01 5.325555555991910543e-03
1.830000000000000071e+00 3.255443370400001868e-01 5.238974109037618752e-03
1.840000000000000080e+00 3.418331763099999865e-01 5.083740099776123782e-03
1.850000000000000089e+00 3.581253605149998798e-01 4.936382317460452467e-03
1.860000000000000098e+00 3.741378990050011066e-01 4.769318874133507587e-03
1.870000000000000107e+00 3.900698538300007012e-01 4.658742709162191215e-03
1.879999999999999893e+00 4.060016915999995479e-01 4.331602906566429066e-03
1.889999999999999902e+00 4.207725353150000291e-01 4.134988542736693293e-03
1.899999999999999911e+00 4.350089135749998781e-01 3.974273666733594071e-03
1.909999999999999920e+00 4.485856347900000207e-01 3.860418777642824709e-03
1.919999999999999929e+00 4.621796097000006043e-01 3.627654484704115941e-03
1.929999999999999938e+00 4.750008752600006212e-01 3.493845328047748017e-03
1.939999999999999947e+00 4.870635054050000967e-01 3.368680965717199983e-03
1.949999999999999956e+00 4.989006696349991832e-01 3.217898488539484760e-03
1.959999999999999964e+00 5.107076275199996518e-01 3.057560292192960764e-03
1.969999999999999973e+00 5.214434022049997397e-01 2.943618287266407119e-03
1.979999999999999982e+00 5.317338057099998405e-01 2.836357252870347779e-03
1.989999999999999991e+00 5.417010608649996950e-01 2.737050164203999342e-03
2.000000000000000000e+00 5.513603440550001178e-01 2.609646358071592530e-03
2.009999999999999787e+00 5.606117596600004305e-01 2.518002852812685575e-03
