8.599999999999999867e-01 9.509121485200004720e-02 7.048282109810967509e-04
8.699999999999999956e-01 9.677324457799989232e-02 7.100871932909823747e-04
8.800000000000000044e-01 9.770518070699986402e-02 7.384029995266826489e-04
8.900000000000000133e-01 9.873669876300017467e-02 7.456851373299309017e-04
9.000000000000000222e-01 1.003778613260000868e-01 8.086148949596784485e-04
9.100000000000000311e-01 1.011951091809999287e-01 8.295195839953335617e-04
9.200000000000000400e-01 1.028512827370000465e-01 9.410680828843363127e-04
9.300000000000000488e-01 1.041427067910000864e-01 8.900493891924994789e-04
9.399999999999999467e-01 1.056921784479998988e-01 9.434616074704511510e-04
9.499999999999999556e-01 1.064761020089998594e-01 9.366613019186391604e-04
9.599999999999999645e-01 1.085318114849999210e-01 9.813378188162620672e-04
9.699999999999999734e-01 1.092766844830000139e-01 9.538448292678669647e-04
9.799999999999999822e-01 1.105590938110000143e-01 1.013619681701044464e-03
9.899999999999999911e-01 1.123618786840000494e-01 1.098679738380842555e-03
1.000000000000000000e+00 1.140299387040000778e-01 1.113124794102431005e-03
1.010000000000000009e+00 1.154663998659999219e-01 1.116944724158505219e-03
1.020000000000000018e+00 1.171776439399999092e-01 1.208714054976519486e-03
1.030000000000000027e+00 1.187146125630001159e-01 1.198876493164709569e-03
1.040000000000000036e+00 1.196239551399999185e-01 1.089178990057454747e-03
1.050000000000000044e+00 1.208773252069999526e-01 1.322696993676651537e-03
1.060000000000000053e+00 1.220915995630001971e-01 1.291716464875399071e-03
1.070000000000000062e+00 1.246230163360000365e-01 1.363124752921848195e-03
1.080000000000000071e+00 1.260396534819998582e-01 1.381371679635611405e-03
1.090000000000000080e+00 1.277576142189999209e-01 1.353241537021328701e-03
1.100000000000000089e+00 1.303369948799999178e-01 1.526582682474090982e-03
1.110000000000000098e+00 1.336735838599998061e-01 1.762990874263644639e-03
1.120000000000000107e+00 1.341394751599999935e-01 1.684591416250057899e-03
1.129999999999999893e+00 1.364101951600001361e-01 1.703688462037579281e-03
1.139999999999999902e+00 1.379094436600000473e-01 1.770112874329318915e-03
1.149999999999999911e+00 1.415810359500002946e-01 1.972241631723381516e-03
1.159999999999999920e+00 1.430990252999998769e-01 1.960931960653224462e-03
1.169999999999999929e+00 1.448522182499998867e-01 2.182435578948580847e-03
1.179999999999999938e+00 1.476766260799998176e-01 2.373010690309258156e-03
1.189999999999999947e+00 1.499602249699998613e-01 2.238805834727077351e-03
1.199999999999999956e+00 1.526619902900001324e-01 2.525335656506757457e-03
1.209999999999999964e+00 1.560166273599997155e-01 2.678114383960289880e-03
1.219999999999999973e+00 1.583699619600001662e-01 2.716027179627838409e-03
1.229999999999999982e+00 1.607026030900001179e-01 2.690827288261390688e-03
1.239999999999999991e+00 1.638603668399997437e-01 2.941521080859595388e-03
1.250000000000000000e+00 1.670436148699999679e-01 2.952629664155051719e-03
1.260000000000000009e+00 1.707602999500002494e-01 3.224295652065503875e-03
1.270000000000000018e+00 1.724090028800000507e-01 3.292024484005685956e-03
1.280000000000000027e+00 1.773082837400001555e-01 3.477591978948708050e-03
1.290000000000000036e+00 1.783004301699999961e-01 3.522566489488489216e-03
1.300000000000000044e+00 1.821944937799996889e-01 3.626969575717930213e-03
1.310000000000000053e+00 1.861686782299999399e-01 3.684690161612285200e-03
1.320000000000000062e+00 1.899426869300002707e-01 4.000871664148988004e-03
1.330000000000000071e+00 1.931733593799998538e-01 4.326356506614217542e-03
1.340000000000000080e+00 1.969014750399997737e-01 4.147492620710787475e-03
1.350000000000000089e+00 1.991290354000002649e-01 4.362618756925691794e-03
1.360000000000000098e+00 2.041194048999998845e-01 4.723407510230727240e-03
1.370000000000000107e+00 2.090582375899999734e-01 4.905813142775381983e-03
1.379999999999999893e+00 2.113218321800004185e-01 5.120391324109674173e-03
1.389999999999999902e+00 2.157877878700001362e-01 5.403403354095802358e-03
1.399999999999999911e+00 2.197872040799999371e-01 5.467254230743101226e-03
1.409999999999999920e+00 2.234576033400003103e-01 5.797367891338747053e-03
1.419999999999999929e+00 2.272486915399997420e-01 5.946456022069038574e-03
1.429999999999999938e+00 2.320702807800000544e-01 6.385996269224157411e-03
1.439999999999999947e+00 2.368302003099999331e-01 6.818842843110093331e-03
1.449999999999999956e+00 2.428585152700000749e-01 6.957580320232652563e-03
1.459999999999999964e+00 2.463082534400001244e-01 6.982491763454105882e-03
1.469999999999999973e+00 2.519527315199996953e-01 7.271558230373008011e-03
1.479999999999999982e+00 2.576455909899998953e-01 7.449177998617547564e-03
1.489999999999999991e+00 2.621109137300001168e-01 7.844938927750920443e-03
1.500000000000000000e+00 2.658739740299997933e-01 8.026428484249507195e-03
1.510000000000000009e+00 2.718051464499999792e-01 8.127107495431025799e-03
1.520000000000000018e+00 2.777883461999995918e-01 8.456453126831256495e-03
1.530000000000000027e+00 2.844342703500000735e-01 8.608582815040845618e-03
1.540000000000000036e+00 2.889793340300000901e-01 8.851515492369376945e-03
1.550000000000000044e+00 2.930283828400000457e-01 8.891646354377667413e-03
1.560000000000000053e+00 2.996634535099999552e-01 9.327571115073670857e-03
1.570000000000000062e+00 3.073772373699997784e-01 9.237287545648242143e-03
1.580000000000000071e+00 3.133537385300001477e-01 9.663936403278226492e-03
1.590000000000000080e+00 3.193454921700001337e-01 9.870553757726914859e-03
1.600000000000000089e+00 3.256892958299999474e-01 1.027436788168516711e-02
1.610000000000000098e+00 3.301349535099998844e-01 1.040895686944891610e-02
1.620000000000000107e+00 3.366499491599996841e-01 1.052351112632593337e-02
1.629999999999999893e+00 3.449561917099999153e-01 1.101142456440818741e-02
1.639999999999999902e+00 3.508989565899995888e-01 1.113655712094478029e-02
1.649999999999999911e+00 3.595137354999997648e-01 1.146300129300946088e-02
1.659999999999999920e+00 3.671677901899997876e-01 1.162593111674981548e-02
1.669999999999999929e+00 3.716531264800005396e-01 1.187486272112574411e-02
1.679999999999999938e+00 3.801662158999995489e-01 1.202186330940028733e-02
1.689999999999999947e+00 3.877659907000000072e-01 1.218529471600486754e-02
1.699999999999999956e+00 3.922763938500000713e-01 1.244515325134272835e-02
1.709999999999999964e+00 4.003131697999995353e-01 1.252962307201023126e-02
1.719999999999999973e+00 4.079220029599999742e-01 1.265812393559313971e-02
1.729999999999999982e+00 4.142543425799994905e-01 1.265712161233932542e-02
1.739999999999999991e+00 4.232771502099997307e-01 1.263038062796795723e-02
1.750000000000000000e+00 4.296587134099996708e-01 1.268861421964192875e-02
1.760000000000000009e+00 4.375883706099993331e-01 1.292566301752592905e-02
1.770000000000000018e+00 4.433535737499995077e-01 1.307774360130178545e-02
1.780000000000000027e+00 4.510475130900002405e-01 1.310335938177133175e-02
1.790000000000000036e+00 4.586973163499999950e-01 1.327659321136826116e-02
1.800000000000000044e+00 4.665241733099998456e-01 1.316744074401344188e-02
1.810000000000000053e+00 4.737162960500002074e-01 1.321495464803989009e-02
1.820000000000000062e+00 4.825389155300010002e-01 1.324617073312907636e-02
1.830000000000000071e+00 4.893961282799997314e-01 1.324532189994772485e-02
1.840000000000000080e+00 4.970653907500000024e-01 1.323037520602158602e-02
1.850000000000000089e+00 5.036569569399999002e-01 1.341107734799895125e-02
1.860000000000000098e+00 5.106178147300003412e-01 1.348473593784775895e-02
1.870000000000000107e+00 5.178300246099997173e-01 1.339598819192169485e-02
1.879999999999999893e+00 5.243114597899997120e-01 1.337986733769174104e-02
1.889999999999999902e+00 5.318244527000006716e-01 1.342948735277243837e-02
1.899999999999999911e+00 5.387474583600007083e-01 1.338063114451953743e-02
1.909999999999999920e+00 5.461150495300004515e-01 1.341019780793478028e-02
1.919999999999999929e+00 5.518241678800005490e-01 1.344129413148747315e-02
1.929999999999999938e+00 5.587568961200004569e-01 1.342890964826973753e-02
1.939999999999999947e+00 5.639231526400002581e-01 1.344293698838502221e-02
1.949999999999999956e+00 5.735749810600008214e-01 1.326787150637208715e-02
1.959999999999999964e+00 5.794002714400000587e-01 1.328200377217676059e-02
1.969999999999999973e+00 5.864267021600005902e-01 1.314993365666564801e-02
1.979999999999999982e+00 5.923547542799997290e-01 1.318958678370667909e-02
1.989999999999999991e+00 5.992221935400003918e-01 1.319334605386186104e-02
2.000000000000000000e+00 6.070912606000002931e-01 1.301113735701988662e-02
2.009999999999999787e+00 6.126374712899995689e-01 1.300317686099111171e-02
2.020000000000000018e+00 6.194644651999997587e-01 1.269860257026386025e-02
2.029999999999999805e+00 6.255188412799990161e-01 1.258233300681165477e-02
2.040000000000000036e+00 6.326306443299991589e-01 1.230963751285516113e-02
2.049999999999999822e+00 6.379014968099993022e-01 1.221363813934543859e-02
2.060000000000000053e+00 6.432277490299990186e-01 1.203815215164121336e-02
2.069999999999999840e+00 6.502675726400011236e-01 1.182392993282693240e-02
2.080000000000000071e+00 6.559531839900007988e-01 1.166513822182814290e-02
2.089999999999999858e+00 6.613774692500005159e-01 1.152826161300002372e-02
2.100000000000000089e+00 6.661248122400004190e-01 1.144538368196758131e-02
2.109999999999999876e+00 6.707143248900002686e-01 1.136237202628028950e-02
2.120000000000000107e+00 6.756526086499999861e-01 1.123160232212250600e-02
2.129999999999999893e+00 6.811088267599986201e-01 1.100682995952569423e-02
2.140000000000000124e+00 6.872249453100011118e-01 1.082927285314297383e-02
2.149999999999999911e+00 6.915349532600000293e-01 1.081439754519345105e-02
2.160000000000000142e+00 6.961361825200010900e-01 1.070193719804891051e-02
2.169999999999999929e+00 7.007458127299999173e-01 1.050792399341106929e-02
2.180000000000000160e+00 7.047538441500011963e-01 1.044878158937797251e-02
2.189999999999999947e+00 7.101678802700004400e-01 1.016246262565646992e-02
2.200000000000000178e+00 7.144369600299997902e-01 1.008001159672567912e-02
2.209999999999999964e+00 7.189180873699992924e-01 9.869866388674453442e-03
2.220000000000000195e+00 7.229138275500001098e-01 9.891490615502165906e-03
2.229999999999999982e+00 7.278343030399988534e-01 9.655057008944988722e-03
2.240000000000000213e+00 7.317942751500003951e-01 9.542456461087702249e-03
2.250000000000000000e+00 7.355361790099992358e-01 9.377302566433523903e-03
2.259999999999999787e+00 7.394011849100011746e-01 9.367803895588597274e-03
2.270000000000000018e+00 7.429301779300016007e-01 9.239706092927860159e-03
2.279999999999999805e+00 7.465270115099995607e-01 9.057438070633642285e-03
2.290000000000000036e+00 7.491417824900006295e-01 9.111922399170625103e-03
2.299999999999999822e+00 7.535034456500004918e-01 8.865768618830189782e-03
2.310000000000000053e+00 7.568775896100004008e-01 8.688402991431471226e-03
2.319999999999999840e+00 7.605792955299993663e-01 8.458140178533361114e-03
2.330000000000000071e+00 7.639481575999995666e-01 8.342504237645339757e-03
2.339999999999999858e+00 7.666920863099990768e-01 8.340098827895959036e-03
2.350000000000000089e+00 7.698242431500004201e-01 8.227837681140912768e-03
2.359999999999999876e+00 7.722219911800005665e-01 8.255032860945117970e-03
2.370000000000000107e+00 7.754028828700006981e-01 8.107833631627958323e-03
2.379999999999999893e+00 7.783733665000005519e-01 8.051322754599030476e-03
2.390000000000000124e+00 7.816859287299997572e-01 7.813867536973531994e-03
2.399999999999999911e+00 7.845390547199998510e-01 7.649821869354169607e-03
2.410000000000000142e+00 7.868385605399993432e-01 7.703310246218970231e-03
2.419999999999999929e+00 7.897979416199993885e-01 7.479925827899032431e-03
2.430000000000000160e+00 7.920885717399998027e-01 7.483411432634469625e-03
2.439999999999999947e+00 7.945772499199992289e-01 7.333765438557724760e-03
2.450000000000000178e+00 7.967570878799987710e-01 7.413498392171713643e-03
2.459999999999999964e+00 7.996261532799997518e-01 6.981953226372197840e-03
2.470000000000000195e+00 8.018980508100004290e-01 6.948832219097055007e-03
2.479999999999999982e+00 8.045338559099995956e-01 6.697666922007437969e-03
2.490000000000000213e+00 8.063438915199993007e-01 6.711203175381228424e-03
2.500000000000000000e+00 8.087914127599999947e-01 6.542288032166448594e-03
2.509999999999999787e+00 8.109385236300002964e-01 6.494889592239127749e-03
2.520000000000000018e+00 8.140405143399992438e-01 6.208037714496410404e-03
2.529999999999999805e+00 8.163666173100011525e-01 6.142954558514191442e-03
2.540000000000000036e+00 8.184884972600001696e-01 5.955527293043259320e-03
2.549999999999999822e+00 8.207604612699993529e-01 5.893236758553680420e-03
2.560000000000000053e+00 8.227961230399983839e-01 5.758672660802990721e-03
2.569999999999999840e+00 8.246217447199989392e-01 5.695472521787638305e-03
2.580000000000000071e+00 8.269340134500000605e-01 5.518393208616687202e-03
2.589999999999999858e+00 8.284830303499993720e-01 5.559440505159344605e-03
2.600000000000000089e+00 8.303335655699997098e-01 5.466907642207565789e-03
2.609999999999999876e+00 8.321693619900004668e-01 5.369136876948668244e-03
2.620000000000000107e+00 8.337397366000004473e-01 5.330574935467697478e-03
2.629999999999999893e+00 8.354105341699987752e-01 5.285244955663554942e-03
2.640000000000000124e+00 8.372001560700004230e-01 5.206339958521590157e-03
2.649999999999999911e+00 8.386769286999996575e-01 5.190832778931786518e-03
2.660000000000000142e+00 8.402880079099994681e-01 5.149017269098026504e-03
2.669999999999999929e+00 8.419193768299993996e-01 5.047927161755803860e-03
2.680000000000000160e+00 8.434948084700003568e-01 4.999125098112798364e-03
2.689999999999999947e+00 8.450301395199992793e-01 4.963372704926436417e-03
2.700000000000000178e+00 8.466313391800006638e-01 4.859713180939445598e-03
