5.200000000000000178e-01 9.630231490699997510e-02 6.269837919748950722e-04
5.300000000000000266e-01 9.723658276499992648e-02 6.074310957783906088e-04
5.400000000000000355e-01 9.782112579400011054e-02 6.220280837961233078e-04
5.500000000000000444e-01 9.863101378199995439e-02 6.365895183454102274e-04
5.600000000000000533e-01 9.908383127400005597e-02 6.193739988368143594e-04
5.699999999999999512e-01 1.001510312100001021e-01 6.468150072369816504e-04
5.799999999999999600e-01 1.011306479249998724e-01 6.346918978054120987e-04
5.899999999999999689e-01 1.024991493799999875e-01 6.872726957657739359e-04
5.999999999999999778e-01 1.038905685619998936e-01 6.779491788980134383e-04
6.099999999999999867e-01 1.040479349820000038e-01 6.998743374059829964e-04
6.199999999999999956e-01 1.050951767279999227e-01 7.211276591379533205e-04
6.300000000000000044e-01 1.059808292539999447e-01 8.025998619436564008e-04
6.400000000000000133e-01 1.078494135670001047e-01 7.364211857738994262e-04
6.500000000000000222e-01 1.086014157029998733e-01 7.427700021904388213e-04
6.600000000000000311e-01 1.090126046340001292e-01 7.279500552677998799e-04
6.700000000000000400e-01 1.105878313810001040e-01 7.828709921162948972e-04
6.800000000000000488e-01 1.115068980930000175e-01 8.121853489153757488e-04
6.899999999999999467e-01 1.129436342099999629e-01 8.013187082320812451e-04
6.999999999999999556e-01 1.144577662999999301e-01 8.866525969291582645e-04
7.099999999999999645e-01 1.155899789370000430e-01 8.463377316754176934e-04
7.199999999999999734e-01 1.167052301840000722e-01 8.650197226446297571e-04
7.299999999999999822e-01 1.179512362229998279e-01 8.987494088263966834e-04
7.399999999999999911e-01 1.198911441049997501e-01 9.531840311287251809e-04
7.500000000000000000e-01 1.211536182370000631e-01 9.216689719913484643e-04
7.600000000000000089e-01 1.219065498200000291e-01 9.835026870413569964e-04
7.700000000000000178e-01 1.234666022699999199e-01 1.026104101377995964e-03
7.800000000000000266e-01 1.251187917000000926e-01 1.035576243823271543e-03
7.900000000000000355e-01 1.260873792999999687e-01 1.091589316865166064e-03
8.000000000000000444e-01 1.282142179700000162e-01 1.044179092185045085e-03
8.100000000000000533e-01 1.288675850099998965e-01 9.912622057716142902e-04
8.199999999999999512e-01 1.305758609999999598e-01 1.160275704619899428e-03
8.299999999999999600e-01 1.321875925999998758e-01 1.127713793394778934e-03
8.399999999999999689e-01 1.329059188900000299e-01 1.139012486064160286e-03
8.499999999999999778e-01 1.344811087099998526e-01 1.113155446976314038e-03
8.599999999999999867e-01 1.364392281300000898e-01 1.174439615786014189e-03
8.699999999999999956e-01 1.376988798899999034e-01 1.247876994704160813e-03
8.800000000000000044e-01 1.396058970499998719e-01 1.350039274373304602e-03
8.900000000000000133e-01 1.412460543800001245e-01 1.328595649751121302e-03
9.000000000000000222e-01 1.422617125899999779e-01 1.440322942672365688e-03
9.100000000000000311e-01 1.440623530000001151e-01 1.403231634350722568e-03
9.200000000000000400e-01 1.463565401100000440e-01 1.571682962404786534e-03
9.300000000000000488e-01 1.480351161599998411e-01 1.622872255557245100e-03
9.399999999999999467e-01 1.501082802100000835e-01 1.668779168080979265e-03
9.499999999999999556e-01 1.519557136699999089e-01 1.814042903854214215e-03
9.599999999999999645e-01 1.539280077300001215e-01 1.736015731554111600e-03
9.699999999999999734e-01 1.562097290700003582e-01 1.839539701005566373e-03
9.799999999999999822e-01 1.573798199499999440e-01 1.911095391108533822e-03
9.899999999999999911e-01 1.602731008699999071e-01 1.856589622523495062e-03
1.000000000000000000e+00 1.624180189799998564e-01 2.107712091020535160e-03
1.010000000000000009e+00 1.642666842299997931e-01 2.013952248286139321e-03
1.020000000000000018e+00 1.660220586700000556e-01 2.166710630832858250e-03
1.030000000000000027e+00 1.681901245099998166e-01 2.200191483907746551e-03
1.040000000000000036e+00 1.709977731600001438e-01 2.343728831162044356e-03
1.050000000000000044e+00 1.738045405100001606e-01 2.303336557925446740e-03
1.060000000000000053e+00 1.760221528400000568e-01 2.403847569429255239e-03
1.070000000000000062e+00 1.773321870399998390e-01 2.371094189146318639e-03
1.080000000000000071e+00 1.798756750599999621e-01 2.383170066475195133e-03
1.090000000000000080e+00 1.837126365000000816e-01 2.497088387569762914e-03
1.100000000000000089e+00 1.849928172600003584e-01 2.596141249195023284e-03
1.110000000000000098e+00 1.883662507499999084e-01 2.689878167357387211e-03
1.120000000000000107e+00 1.910977743400003037e-01 2.838433650700112297e-03
1.129999999999999893e+00 1.938726017900001819e-01 2.814614483652934981e-03
1.139999999999999902e+00 1.951723496099997679e-01 2.851605439401030430e-03
1.149999999999999911e+00 1.993454785899999304e-01 3.202769421141946678e-03
1.159999999999999920e+00 2.022336200799995654e-01 3.356316018971718974e-03
1.169999999999999929e+00 2.048707966800002445e-01 3.470265543900492074e-03
1.179999999999999938e+00 2.092809902600000493e-01 3.749027267025428940e-03
1.189999999999999947e+00 2.128424523299999871e-01 3.824711336885993664e-03
1.199999999999999956e+00 2.151832162800002279e-01 4.014501604941416585e-03
1.209999999999999964e+00 2.190715867200004052e-01 4.099775396493087441e-03
1.219999999999999973e+00 2.227358815399999581e-01 4.212020751790690812e-03
1.229999999999999982e+00 2.268822143600001118e-01 4.366484616507772254e-03
1.239999999999999991e+00 2.303888972800002266e-01 4.697744116474538573e-03
1.250000000000000000e+00 2.355970997999997651e-01 4.875141380520165227e-03
1.260000000000000009e+00 2.386568802499998143e-01 4.986327459531633699e-03
1.270000000000000018e+00 2.419810663900000547e-01 5.326447525814282519e-03
1.280000000000000027e+00 2.465499072800001190e-01 5.317599509066601483e-03
1.290000000000000036e+00 2.495104695799999495e-01 5.528824168855798159e-03
1.300000000000000044e+00 2.557878834799998669e-01 5.801661379437677950e-03
1.310000000000000053e+00 2.602747440999997330e-01 6.041417112125129808e-03
1.320000000000000062e+00 2.638963581599997887e-01 6.217014989144483209e-03
1.330000000000000071e+00 2.687282412900001694e-01 6.321012228062373658e-03
1.340000000000000080e+00 2.735847644200001816e-01 6.516313162105303279e-03
1.350000000000000089e+00 2.792928515399999423e-01 6.957048868271420439e-03
1.360000000000000098e+00 2.845986880899998295e-01 6.962422896066663806e-03
1.370000000000000107e+00 2.890927786799999955e-01 7.389311624734704043e-03
1.379999999999999893e+00 2.917636314699997846e-01 7.614688448517613339e-03
1.389999999999999902e+00 2.984920805099999241e-01 7.910349396948426065e-03
1.399999999999999911e+00 3.030219195500000184e-01 8.009261959844192133e-03
1.409999999999999920e+00 3.082515660899998178e-01 8.218402125451896786e-03
1.419999999999999929e+00 3.134978355499996039e-01 8.446474294837290689e-03
1.429999999999999938e+00 3.201248389099996539e-01 8.605212684302256457e-03
1.439999999999999947e+00 3.266539586299999076e-01 8.900754245887310817e-03
1.449999999999999956e+00 3.326229983600004214e-01 9.228348726402536145e-03
1.459999999999999964e+00 3.384472076599999157e-01 9.584004461380411441e-03
1.469999999999999973e+00 3.455404013200002455e-01 9.770595167200831280e-03
1.479999999999999982e+00 3.496595623600002867e-01 9.984076820471103966e-03
1.489999999999999991e+00 3.562683319800003523e-01 1.032140712101755481e-02
1.500000000000000000e+00 3.620467126500002686e-01 1.046332200072659299e-02
1.510000000000000009e+00 3.664904181299993291e-01 1.069896866695049971e-02
1.520000000000000018e+00 3.715894260200000021e-01 1.094556174110080868e-02
1.530000000000000027e+00 3.816955502199997907e-01 1.101343605620281468e-02
1.540000000000000036e+00 3.883149499399997095e-01 1.153308877884884169e-02
1.550000000000000044e+00 3.949109995200000833e-01 1.162979532755870765e-02
1.560000000000000053e+00 4.021769327699993846e-01 1.173491029741351339e-02
1.570000000000000062e+00 4.069281465700000378e-01 1.214156796986735030e-02
1.580000000000000071e+00 4.162236421299997380e-01 1.216783523672900630e-02
1.590000000000000080e+00 4.233669194899996602e-01 1.230886437373820974e-02
1.600000000000000089e+00 4.301773723699996443e-01 1.230880436349829701e-02
1.610000000000000098e+00 4.352377074400002321e-01 1.268353771243256947e-02
1.620000000000000107e+00 4.436130993499999842e-01 1.265786059077482657e-02
1.629999999999999893e+00 4.515661329299996973e-01 1.296282590563989021e-02
1.639999999999999902e+00 4.581009073800006437e-01 1.325888942902024754e-02
1.649999999999999911e+00 4.653854392200000856e-01 1.322450022081237374e-02
1.659999999999999920e+00 4.720089320299997171e-01 1.350022346740863480e-02
1.669999999999999929e+00 4.817851557599996948e-01 1.353996446834229532e-02
1.679999999999999938e+00 4.874353230000000314e-01 1.381121793509587636e-02
1.689999999999999947e+00 4.970949696199997714e-01 1.372892983101229453e-02
1.699999999999999956e+00 5.041849411899999023e-01 1.407013053227366799e-02
1.709999999999999964e+00 5.119037003299999888e-01 1.418090210852523264e-02
1.719999999999999973e+00 5.195415666999994020e-01 1.414683223770390845e-02
1.729999999999999982e+00 5.259116836799996308e-01 1.416700178239595036e-02
1.739999999999999991e+00 5.331433901100004480e-01 1.418721890424245319e-02
1.750000000000000000e+00 5.402015850799991581e-01 1.402585053055109034e-02
1.760000000000000009e+00 5.467718861300007172e-01 1.424670447995728638e-02
1.770000000000000018e+00 5.567996481199998238e-01 1.398391722386098379e-02
1.780000000000000027e+00 5.616239576499992836e-01 1.427835029331419280e-02
1.790000000000000036e+00 5.701110959099997544e-01 1.426991395740345031e-02
1.800000000000000044e+00 5.784196066899996991e-01 1.403895080726419095e-02
1.810000000000000053e+00 5.847428827899995296e-01 1.409299305655335212e-02
1.820000000000000062e+00 5.895083502600004799e-01 1.422807373806915000e-02
1.830000000000000071e+00 5.985680891000000337e-01 1.415721927712893825e-02
1.840000000000000080e+00 6.040241791999990673e-01 1.424385873623576493e-02
1.850000000000000089e+00 6.117771428999999594e-01 1.415511095476580140e-02
1.860000000000000098e+00 6.172187122000005743e-01 1.413228684753840142e-02
1.870000000000000107e+00 6.218108912099998831e-01 1.418148703836423496e-02
1.879999999999999893e+00 6.283725288799996145e-01 1.402469751005178296e-02
1.889999999999999902e+00 6.324333812200005900e-01 1.421958893884670352e-02
1.899999999999999911e+00 6.377940747000001576e-01 1.411161245075748596e-02
1.909999999999999920e+00 6.442443745899992802e-01 1.393267339745415251e-02
1.919999999999999929e+00 6.483099671799994468e-01 1.402614416973686426e-02
1.929999999999999938e+00 6.528306453299990153e-01 1.392981871577893618e-02
1.939999999999999947e+00 6.594859131100008209e-01 1.369907419571598714e-02
1.949999999999999956e+00 6.643071087299995403e-01 1.352397741632534699e-02
1.959999999999999964e+00 6.695173540400003453e-01 1.353736919902540081e-02
1.969999999999999973e+00 6.743890259000003828e-01 1.355408601628637841e-02
1.979999999999999982e+00 6.784584888899997113e-01 1.344872616866065428e-02
1.989999999999999991e+00 6.822308730399991861e-01 1.356917889980931852e-02
2.000000000000000000e+00 6.869590862900009087e-01 1.352244939380691131e-02
2.009999999999999787e+00 6.916764117900006115e-01 1.333166658530937805e-02
2.020000000000000018e+00 6.942548992799985053e-01 1.355441628868820497e-02
2.029999999999999805e+00 6.990975597900010996e-01 1.347221340109965547e-02
2.040000000000000036e+00 7.035489308699991451e-01 1.337954180236110291e-02
2.049999999999999822e+00 7.074209299300006082e-01 1.325423178545598324e-02
2.060000000000000053e+00 7.112314816599996092e-01 1.320555411625540937e-02
2.069999999999999840e+00 7.162610152299999644e-01 1.309154170584232030e-02
2.080000000000000071e+00 7.196246722499999304e-01 1.311509972539252715e-02
2.089999999999999858e+00 7.234117509400002088e-01 1.299586904586336016e-02
2.100000000000000089e+00 7.274427933700008397e-01 1.281122744439692172e-02
2.109999999999999876e+00 7.302118197699999369e-01 1.287642302926577005e-02
2.120000000000000107e+00 7.332109172600004277e-01 1.279402835102304466e-02
2.129999999999999893e+00 7.365464463199998812e-01 1.269964381475732415e-02
2.140000000000000124e+00 7.403321388700008221e-01 1.252059138172415854e-02
2.149999999999999911e+00 7.442892941199986678e-01 1.244032211910440708e-02
2.160000000000000142e+00 7.472575241800010204e-01 1.248031618867796733e-02
2.169999999999999929e+00 7.507435817099999964e-01 1.231888130999226304e-02
2.180000000000000160e+00 7.541900255700003664e-01 1.214679386501660990e-02
2.189999999999999947e+00 7.570357258700014524e-01 1.211945056281867050e-02
2.200000000000000178e+00 7.596863749500004648e-01 1.202742254369274823e-02
2.209999999999999964e+00 7.628414914800005775e-01 1.188412443732390564e-02
2.220000000000000195e+00 7.659297997800008639e-01 1.171597502366000972e-02
2.229999999999999982e+00 7.692228169099993851e-01 1.156895529096206576e-02
2.240000000000000213e+00 7.723307605099988260e-01 1.135065453428979118e-02
2.250000000000000000e+00 7.748597141399981014e-01 1.126428759382244564e-02
2.259999999999999787e+00 7.771410170100006010e-01 1.120868874774232950e-02
2.270000000000000018e+00 7.797129599600003402e-01 1.113587474224345293e-02
2.279999999999999805e+00 7.827402197000005168e-01 1.091752346362437516e-02
2.290000000000000036e+00 7.850088096600006393e-01 1.088887393775865228e-02
2.299999999999999822e+00 7.878855199799994491e-01 1.071485256705151032e-02
2.310000000000000053e+00 7.900575494899991780e-01 1.062051116042580026e-02
2.319999999999999840e+00 7.928513448900006422e-01 1.051201233883204342e-02
2.330000000000000071e+00 7.955921846499985906e-01 1.042699554221374406e-02
2.339999999999999858e+00 7.981975486900001471e-01 1.018801530653858957e-02
2.350000000000000089e+00 8.006251145899991872e-01 1.004640472571960604e-02
2.359999999999999876e+00 8.030969554599997062e-01 9.927366768414653056e-03
2.370000000000000107e+00 8.050657471200008963e-01 9.979633213018590521e-03
2.379999999999999893e+00 8.078181959199997042e-01 9.723651673549427860e-03
2.390000000000000124e+00 8.107429950099998006e-01 9.454594315315860420e-03
2.399999999999999911e+00 8.140374749800003418e-01 9.220692576392665318e-03
2.410000000000000142e+00 8.169924014199996254e-01 8.976613372867108323e-03
2.419999999999999929e+00 8.191853938900002241e-01 8.855063190684511407e-03
2.430000000000000160e+00 8.209872325299992779e-01 8.810478468929659052e-03
2.439999999999999947e+00 8.229926951599996210e-01 8.711530523050079258e-03
2.450000000000000178e+00 8.256152278299990765e-01 8.505390861350457798e-03
2.459999999999999964e+00 8.278191576900002513e-01 8.382744522353704694e-03
2.470000000000000195e+00 8.302163889499998284e-01 8.177637370468948674e-03
2.479999999999999982e+00 8.312941919600008722e-01 8.095346682452800660e-03
2.490000000000000213e+00 8.340223957199995874e-01 7.977557450611827070e-03
2.500000000000000000e+00 8.360441182000001303e-01 7.825292274094357639e-03
2.509999999999999787e+00 8.376963697300011669e-01 7.778016257511471791e-03
2.520000000000000018e+00 8.394466959799998795e-01 7.730289251100521883e-03
2.529999999999999805e+00 8.415086708500016943e-01 7.559243384421123618e-03
2.540000000000000036e+00 8.433903885700005931e-01 7.425794557732636435e-03
2.549999999999999822e+00 8.453045013800003504e-01 7.268087884906635279e-03
2.560000000000000053e+00 8.470808224399998254e-01 7.147765682714640398e-03
2.569999999999999840e+00 8.488525691600004031e-01 7.043567127242344843e-03
2.580000000000000071e+00 8.506476488699985516e-01 6.899188106780817370e-03
2.589999999999999858e+00 8.523636358800004142e-01 6.757683696104270152e-03
2.600000000000000089e+00 8.537953093200013610e-01 6.674060017806433300e-03
2.609999999999999876e+00 8.553324212699997542e-01 6.573450524373474976e-03
2.620000000000000107e+00 8.568031620300003981e-01 6.491426212596068147e-03
2.629999999999999893e+00 8.583069331999998441e-01 6.402375785491125348e-03
2.640000000000000124e+00 8.599093947199984989e-01 6.292709019220233541e-03
2.649999999999999911e+00 8.612827991500011660e-01 6.222953857348689256e-03
2.660000000000000142e+00 8.627704958099983168e-01 6.113888889741796347e-03
2.669999999999999929e+00 8.642293143099994968e-01 6.024806092247362264e-03
2.680000000000000160e+00 8.656954277399984132e-01 5.924237874390440861e-03
2.689999999999999947e+00 8.671496327799989023e-01 5.820081555263450189e-03
2.700000000000000178e+00 8.686902343399993676e-01 5.717804661076222351e-03
2.709999999999999964e+00 8.700542834499999101e-01 5.623749508181551462e-03
2.720000000000000195e+00 8.713259871499996478e-01 5.546551548365988293e-03
2.729999999999999982e+00 8.725695177999995833e-01 5.471085577034916041e-03
2.740000000000000213e+00 8.737598518500000466e-01 5.408404803129289971e-03
2.750000000000000000e+00 8.750126219399994021e-01 5.335537528046262537e-03
2.759999999999999787e+00 8.761507618299997358e-01 5.280452551244428291e-03
2.770000000000000018e+00 8.773279069600002922e-01 5.218187664232285493e-03
2.779999999999999805e+00 8.785122505399990400e-01 5.148733422505695316e-03
2.790000000000000036e+00 8.796026265300016522e-01 5.096513010878692476e-03
2.799999999999999822e+00 8.806862895699989480e-01 5.038620900691473392e-03
2.810000000000000053e+00 8.813876440399994738e-01 5.027389312781080713e-03
2.819999999999999840e+00 8.823788670799994627e-01 4.986039658257351674e-03
2.830000000000000071e+00 8.833731018599983997e-01 4.940720495396937889e-03
2.839999999999999858e+00 8.843630609400009446e-01 4.896316725509263293e-03
2.850000000000000089e+00 8.857090111099999996e-01 4.794295349556190050e-03
2.859999999999999876e+00 8.867768639899998862e-01 4.734458169357499795e-03
2.870000000000000107e+00 8.877445766899998425e-01 4.687544279128729764e-03
2.879999999999999893e+00 8.887410570299990598e-01 4.633616338495703812e-03
2.890000000000000124e+00 8.897852459099987454e-01 4.573242998247742212e-03
2.899999999999999911e+00 8.908891671700006620e-01 4.503938922099818241e-03
2.910000000000000142e+00 8.918152414100007919e-01 4.466201143310703954e-03
2.919999999999999929e+00 8.927327832299997157e-01 4.423544103605637698e-03
2.930000000000000160e+00 8.936801476900005925e-01 4.384845245974063228e-03
2.939999999999999947e+00 8.945955742000007982e-01 4.332942406258147999e-03
