1.270000000000000018e+00 3.082422193049998843e-02 1.466524497793941675e-04
1.280000000000000027e+00 3.147348897399997875e-02 1.637343129875118181e-04
1.290000000000000036e+00 3.222363540650003549e-02 1.614941798137063060e-04
1.300000000000000044e+00 3.268280376699998768e-02 1.569310847286597629e-04
1.310000000000000053e+00 3.348017698349994159e-02 1.894438228146091670e-04
1.320000000000000062e+00 3.391857699699997453e-02 1.826358781856551384e-04
1.330000000000000071e+00 3.465007999349999090e-02 1.881509976013342154e-04
1.340000000000000080e+00 3.532748190850002606e-02 2.129147395812555328e-04
1.350000000000000089e+00 3.643737234649997020e-02 1.910200816018298370e-04
1.360000000000000098e+00 3.709470055100001079e-02 2.287652947909428187e-04
1.370000000000000107e+00 3.800095692749994730e-02 2.334992600734247050e-04
1.379999999999999893e+00 3.899775313350006128e-02 2.388483312437486312e-04
1.389999999999999902e+00 3.977269078900002447e-02 2.456652147199814328e-04
1.399999999999999911e+00 4.075724129500005177e-02 2.824178976763056068e-04
1.409999999999999920e+00 4.186966206249998629e-02 2.613020095957493657e-04
1.419999999999999929e+00 4.310717885050001363e-02 3.220564542623937407e-04
1.429999999999999938e+00 4.370626510599998071e-02 3.246598865782281866e-04
1.439999999999999947e+00 4.526198197700001535e-02 3.670265913264726568e-04
1.449999999999999956e+00 4.664181063749997525e-02 3.686905219220532872e-04
1.459999999999999964e+00 4.794465260649998645e-02 3.758747802871644709e-04
1.469999999999999973e+00 4.948058335349998782e-02 3.924844397563844833e-04
1.479999999999999982e+00 5.083472981499994464e-02 4.234120098908632115e-04
1.489999999999999991e+00 5.284160357250002743e-02 4.534088031399028155e-04
1.500000000000000000e+00 5.419542436650003764e-02 4.747972655199771000e-04
1.510000000000000009e+00 5.590127840549998645e-02 5.552921905196207862e-04
1.520000000000000018e+00 5.868298560749999476e-02 6.086960776637998036e-04
1.530000000000000027e+00 6.024158453850003703e-02 6.108038459912827102e-04
1.540000000000000036e+00 6.311246279500004608e-02 7.436906614782109407e-04
1.550000000000000044e+00 6.567561505900001984e-02 8.184667892641558831e-04
1.560000000000000053e+00 6.797692612250004485e-02 8.648737590917042603e-04
1.570000000000000062e+00 7.157628182899994362e-02 1.022590662185901252e-03
1.580000000000000071e+00 7.543846203499995906e-02 1.142620221007292769e-03
1.590000000000000080e+00 7.954140145250006289e-02 1.311538253303591974e-03
1.600000000000000089e+00 8.360290550099999662e-02 1.555308313523401939e-03
1.610000000000000098e+00 9.042446254249990323e-02 1.718077789274164401e-03
1.620000000000000107e+00 9.457764626649996231e-02 1.911584205906963164e-03
1.629999999999999893e+00 1.012022887009999539e-01 2.111179012249754950e-03
1.639999999999999902e+00 1.094934298409998841e-01 2.594271059702133418e-03
1.649999999999999911e+00 1.171033470199999565e-01 2.823622497216396118e-03
1.659999999999999920e+00 1.260181600625000509e-01 3.059385970664877004e-03
1.669999999999999929e+00 1.349253541325000361e-01 3.369286389619897959e-03
1.679999999999999938e+00 1.471759587174999440e-01 3.767935661899805399e-03
1.689999999999999947e+00 1.597118330289998833e-01 3.986920137736282149e-03
1.699999999999999956e+00 1.737177332584999845e-01 4.377667071827663625e-03
1.709999999999999964e+00 1.879218373720000779e-01 4.564455547300391020e-03
1.719999999999999973e+00 2.060380562370002222e-01 4.856798568266624573e-03
1.729999999999999982e+00 2.206665362905001759e-01 5.104412034325420122e-03
1.739999999999999991e+00 2.396464163539996917e-01 5.126269869397888888e-03
1.750000000000000000e+00 2.568225816529998706e-01 5.253543082965815049e-03
1.760000000000000009e+00 2.741261500200002921e-01 5.412303783766196294e-03
1.770000000000000018e+00 2.933345872199998317e-01 5.320735334125713256e-03
1.780000000000000027e+00 3.128606035749999514e-01 5.246843561692313487e-03
1.790000000000000036e+00 3.310902466400000299e-01 5.180862378604222246e-03
1.800000000000000044e+00 3.486246367999995543e-01 5.001647519598811584e-03
1.810000000000000053e+00 3.663973265449998462e-01 4.841826665029954312e-03
1.820000000000000062e+00 3.836681424999993650e-01 4.663638877780001794e-03
1.830000000000000071e+00 4.001726902150004039e-01 4.470174492823185408e-03
1.840000000000000080e+00 4.154817210150000828e-01 4.289698472846119673e-03
1.850000000000000089e+00 4.302228673199994247e-01 4.084088397169962324e-03
1.860000000000000098e+00 4.456132748950004108e-01 3.830726037416859117e-03
1.870000000000000107e+00 4.595117007899999773e-01 3.680913088362194798e-03
1.879999999999999893e+00 4.727583511749992584e-01 3.545908524560932844e-03
1.889999999999999902e+00 4.858125621499996272e-01 3.338384380861772471e-03
1.899999999999999911e+00 4.982626809999997630e-01 3.250004129843545118e-03
1.909999999999999920e+00 5.102758738400003935e-01 3.071679470698959313e-03
1.919999999999999929e+00 5.216389637399998502e-01 2.978439133322783629e-03
1.929999999999999938e+00 5.322857673600004391e-01 2.861981412237275986e-03
1.939999999999999947e+00 5.433248785100003309e-01 2.765016492744049904e-03
1.949999999999999956e+00 5.530131471050000469e-01 2.670827327144385550e-03
1.959999999999999964e+00 5.626995239950004501e-01 2.585985901051610775e-03
