1.320000000000000062e+00 3.069978425050002777e-02 1.470363132271685876e-04
1.330000000000000071e+00 3.119176802850003385e-02 1.521328397077326003e-04
1.340000000000000080e+00 3.197865800399998099e-02 1.577796934702308191e-04
1.350000000000000089e+00 3.258222039399998743e-02 1.593634491363836957e-04
1.360000000000000098e+00 3.305125022800002588e-02 1.525427176524091829e-04
1.370000000000000107e+00 3.384246629599995532e-02 1.743536498273979217e-04
1.379999999999999893e+00 3.465492627849998258e-02 1.956741342717004584e-04
1.389999999999999902e+00 3.498613416600002135e-02 1.840440557278134382e-04
1.399999999999999911e+00 3.614289735350006277e-02 1.958737552849283226e-04
1.409999999999999920e+00 3.689646516450000718e-02 2.007986533359861663e-04
1.419999999999999929e+00 3.740817829599998173e-02 2.132496459405606331e-04
1.429999999999999938e+00 3.866208428599998692e-02 2.462095594577697706e-04
1.439999999999999947e+00 3.938181246200000291e-02 2.334452749497090628e-04
1.449999999999999956e+00 4.056584560000001116e-02 2.622463434782468174e-04
1.459999999999999964e+00 4.151386661650004195e-02 2.763710006324124986e-04
1.469999999999999973e+00 4.259522042250001722e-02 2.828778965098350737e-04
1.479999999999999982e+00 4.382700795950000838e-02 3.077026444743954838e-04
1.489999999999999991e+00 4.502531566999996848e-02 3.138447647447430351e-04
1.500000000000000000e+00 4.618668657500001051e-02 3.494610316806732965e-04
1.510000000000000009e+00 4.758062810949988813e-02 3.777614302584036705e-04
1.520000000000000018e+00 4.925202305300001998e-02 3.774567215424403516e-04
1.530000000000000027e+00 5.053143852649996659e-02 4.039130331377281777e-04
1.540000000000000036e+00 5.215705528150001852e-02 4.459756431239601045e-04
1.550000000000000044e+00 5.446054725650001371e-02 5.597412048988268480e-04
1.560000000000000053e+00 5.668782293050000226e-02 5.563274355654344297e-04
1.570000000000000062e+00 5.884440553450003691e-02 6.043062043962468734e-04
1.580000000000000071e+00 6.091371082849989654e-02 7.017996652800475438e-04
1.590000000000000080e+00 6.294638610149996816e-02 7.207321616636573657e-04
1.600000000000000089e+00 6.587835658750003376e-02 8.736111289728672657e-04
1.610000000000000098e+00 6.925795779949998898e-02 9.231590781906511131e-04
1.620000000000000107e+00 7.281128543450003654e-02 1.113058899760853383e-03
1.629999999999999893e+00 7.566964276499996145e-02 1.214645798051312625e-03
1.639999999999999902e+00 8.083153361699993433e-02 1.401364303108509641e-03
1.649999999999999911e+00 8.399760989399991662e-02 1.594649542206956917e-03
1.659999999999999920e+00 8.999300675550001016e-02 1.860840508331606516e-03
1.669999999999999929e+00 9.640865799299994099e-02 1.938705383036463210e-03
1.679999999999999938e+00 1.031101793530000144e-01 2.269806257435138825e-03
1.689999999999999947e+00 1.107855927615001429e-01 2.527898332815000162e-03
1.699999999999999956e+00 1.197422684294999901e-01 2.831846639584359275e-03
1.709999999999999964e+00 1.274776618429999953e-01 3.019718091691173546e-03
1.719999999999999973e+00 1.390596235714999795e-01 3.285725735121403611e-03
1.729999999999999982e+00 1.494519269105000769e-01 3.580475288033834694e-03
1.739999999999999991e+00 1.616514861700001637e-01 3.897982234282948866e-03
1.750000000000000000e+00 1.764035020640002394e-01 4.167841824304716752e-03
1.760000000000000009e+00 1.892572974045001466e-01 4.511830843392490055e-03
1.770000000000000018e+00 2.041564490390001541e-01 4.730788167728215525e-03
1.780000000000000027e+00 2.202498509115000391e-01 4.972413385727195156e-03
1.790000000000000036e+00 2.371460814120003313e-01 5.022356374887622203e-03
1.800000000000000044e+00 2.544116417249998041e-01 5.105846845260648623e-03
1.810000000000000053e+00 2.725058232139998537e-01 5.150203913710790955e-03
1.820000000000000062e+00 2.897320627400001847e-01 5.193376365946986671e-03
1.830000000000000071e+00 3.088223540600000261e-01 5.051000114761149302e-03
1.840000000000000080e+00 3.265938252599997482e-01 5.024139127475714395e-03
1.850000000000000089e+00 3.448049511550000945e-01 4.867248992895711196e-03
1.860000000000000098e+00 3.627643206249998031e-01 4.673581477566675878e-03
1.870000000000000107e+00 3.801560430600000040e-01 4.476723357225416942e-03
1.879999999999999893e+00 3.967569221600002471e-01 4.198746055834691633e-03
1.889999999999999902e+00 4.127730139149995425e-01 4.049865557513688576e-03
1.899999999999999911e+00 4.278340505699994578e-01 3.870696526059388184e-03
1.909999999999999920e+00 4.433586437299994465e-01 3.688960128152533532e-03
1.919999999999999929e+00 4.575564927600000442e-01 3.472531673211152678e-03
1.929999999999999938e+00 4.706841716450000934e-01 3.349687164133521942e-03
1.939999999999999947e+00 4.843091591200006651e-01 3.174419943951602586e-03
1.949999999999999956e+00 4.973710701700004289e-01 3.010024851434192281e-03
1.959999999999999964e+00 5.090214616899996214e-01 2.873596165289663430e-03
1.969999999999999973e+00 5.204277310900004005e-01 2.708715390625723602e-03
1.979999999999999982e+00 5.319011688449997166e-01 2.606089153133877342e-03
1.989999999999999991e+00 5.427184358850000168e-01 2.487317327110442206e-03
2.000000000000000000e+00 5.528095678600002394e-01 2.411890264565339989e-03
2.009999999999999787e+00 5.627246125850002834e-01 2.334438669835433092e-03
