1.189999999999999947e+00 1.248800782800001397e-01 1.526804729210595865e-03
1.199999999999999956e+00 1.257451967109999291e-01 1.566879315616242531e-03
1.209999999999999964e+00 1.273328743300000399e-01 1.758929266439598687e-03
1.219999999999999973e+00 1.293032811719998232e-01 1.799327998566694047e-03
1.229999999999999982e+00 1.302451315810000121e-01 1.685929197044927323e-03
1.239999999999999991e+00 1.318590237919999852e-01 1.929063726093515133e-03
1.250000000000000000e+00 1.333649944500000240e-01 1.858076611467915536e-03
1.260000000000000009e+00 1.352574947899999880e-01 1.939743850926289566e-03
1.270000000000000018e+00 1.369400427199998493e-01 2.136950346473125237e-03
1.280000000000000027e+00 1.388147424699999744e-01 2.120177178939862492e-03
1.290000000000000036e+00 1.408489147400001362e-01 2.091531878285848335e-03
1.300000000000000044e+00 1.422775089600000764e-01 2.305054766132319868e-03
1.310000000000000053e+00 1.431145693300000243e-01 2.314545074756816506e-03
1.320000000000000062e+00 1.455137173399999873e-01 2.500479919913358925e-03
1.330000000000000071e+00 1.459964247200000176e-01 2.395035614133978700e-03
1.340000000000000080e+00 1.497077269299997571e-01 2.582167569476286235e-03
1.350000000000000089e+00 1.501156433600001339e-01 2.687301756292121389e-03
1.360000000000000098e+00 1.524024151699999163e-01 2.708379117605910161e-03
1.370000000000000107e+00 1.543456659699999900e-01 2.618941330605108891e-03
1.379999999999999893e+00 1.568319466199999401e-01 2.699575562075039788e-03
1.389999999999999902e+00 1.591392898399999756e-01 2.679052710501299197e-03
1.399999999999999911e+00 1.610834988800000922e-01 2.851436423386139243e-03
1.409999999999999920e+00 1.625947640299998109e-01 2.779756847021095604e-03
1.419999999999999929e+00 1.644889369700000548e-01 3.016140566836119762e-03
1.429999999999999938e+00 1.679376922599999100e-01 3.069993257222578334e-03
1.439999999999999947e+00 1.698131363600000610e-01 3.093603650308281942e-03
1.449999999999999956e+00 1.711850500799996511e-01 3.128334488771877114e-03
1.459999999999999964e+00 1.722269986000001252e-01 3.244370260852026070e-03
1.469999999999999973e+00 1.756534389499995463e-01 3.297019832910415976e-03
1.479999999999999982e+00 1.777624929399998777e-01 3.338566892468800527e-03
1.489999999999999991e+00 1.812462671199998043e-01 3.687238771580345423e-03
1.500000000000000000e+00 1.810067368699998791e-01 3.526912350014852274e-03
1.510000000000000009e+00 1.857701223099996191e-01 3.937451296451216672e-03
1.520000000000000018e+00 1.885270767399999103e-01 3.903341304175715707e-03
1.530000000000000027e+00 1.903229068899999488e-01 4.086585138627758795e-03
1.540000000000000036e+00 1.947655316100001810e-01 4.330514918028141938e-03
1.550000000000000044e+00 1.964448617499999217e-01 4.201989323482280617e-03
1.560000000000000053e+00 1.992260631300001861e-01 4.415412127455767798e-03
1.570000000000000062e+00 2.005921234700004108e-01 4.707599659544483943e-03
1.580000000000000071e+00 2.059235589499999464e-01 4.630375763115888131e-03
1.590000000000000080e+00 2.088462169599998863e-01 5.032835771279422533e-03
1.600000000000000089e+00 2.112090716399998847e-01 5.085777037830882183e-03
1.610000000000000098e+00 2.136435911199999760e-01 5.382760527898888987e-03
1.620000000000000107e+00 2.163801494999998687e-01 5.443315397569609831e-03
1.629999999999999893e+00 2.206642555500003267e-01 5.616547204350518657e-03
1.639999999999999902e+00 2.233956494000000903e-01 5.738325699714374832e-03
1.649999999999999911e+00 2.270005257299999857e-01 6.035011792903968893e-03
1.659999999999999920e+00 2.290366061699998790e-01 6.158957683091453687e-03
1.669999999999999929e+00 2.349427944699995774e-01 6.070288503874695513e-03
1.679999999999999938e+00 2.383236510399997510e-01 6.379190078624057646e-03
1.689999999999999947e+00 2.405858691700001883e-01 6.680799787732359662e-03
1.699999999999999956e+00 2.448223544799998652e-01 6.676966594111515517e-03
1.709999999999999964e+00 2.490683328200003488e-01 7.123353252716377142e-03
1.719999999999999973e+00 2.539886163399999175e-01 7.204494930165267381e-03
1.729999999999999982e+00 2.557964638900001586e-01 7.377923731684101101e-03
1.739999999999999991e+00 2.616763947799998213e-01 7.483580597792810138e-03
1.750000000000000000e+00 2.656629520300005098e-01 7.819320564605802479e-03
1.760000000000000009e+00 2.709663349800001120e-01 8.039507880497483508e-03
1.770000000000000018e+00 2.767915973100000260e-01 8.115450489961128708e-03
1.780000000000000027e+00 2.797799666299999322e-01 8.234930922431320244e-03
1.790000000000000036e+00 2.804477759100001966e-01 8.462483334540317134e-03
1.800000000000000044e+00 2.893394016499999943e-01 8.714839738137723085e-03
1.810000000000000053e+00 2.950785614799998902e-01 9.009736746860489212e-03
1.820000000000000062e+00 2.978505516500002948e-01 9.137136400731181440e-03
1.830000000000000071e+00 3.031122901499995748e-01 9.457351766114542591e-03
1.840000000000000080e+00 3.093158392899998943e-01 9.552638942376243461e-03
1.850000000000000089e+00 3.147466670099999808e-01 9.978133711674819911e-03
1.860000000000000098e+00 3.183098176200000462e-01 1.024396258923494438e-02
1.870000000000000107e+00 3.261308519599998013e-01 1.057186270822185054e-02
1.879999999999999893e+00 3.312202290999997079e-01 1.052698674170819693e-02
1.889999999999999902e+00 3.364098696200005789e-01 1.070587057407358308e-02
1.899999999999999911e+00 3.409691185699998961e-01 1.102241738703714675e-02
1.909999999999999920e+00 3.488595889900001912e-01 1.122831863760189591e-02
1.919999999999999929e+00 3.524840878100002350e-01 1.142771151280417945e-02
1.929999999999999938e+00 3.582875367699998037e-01 1.157079660896142420e-02
1.939999999999999947e+00 3.646616035300002667e-01 1.183345445331558318e-02
1.949999999999999956e+00 3.676046986799997307e-01 1.209728522197771328e-02
1.959999999999999964e+00 3.724727841700002373e-01 1.217637106321652410e-02
1.969999999999999973e+00 3.786370953399994521e-01 1.241075499508237368e-02
1.979999999999999982e+00 3.846400233299996918e-01 1.236529601205979545e-02
1.989999999999999991e+00 3.894692456400001834e-01 1.253458420054189004e-02
2.000000000000000000e+00 3.951950015100006985e-01 1.274864657827894793e-02
2.009999999999999787e+00 4.000640212099998427e-01 1.284779229566830779e-02
2.020000000000000018e+00 4.040813217499997223e-01 1.308292039151981272e-02
2.029999999999999805e+00 4.097610403900001641e-01 1.309458139739985184e-02
2.040000000000000036e+00 4.159805274699999167e-01 1.322503249328934628e-02
2.049999999999999822e+00 4.197715683799997932e-01 1.331340841704312279e-02
2.060000000000000053e+00 4.255371706300001833e-01 1.335598886451326052e-02
2.069999999999999840e+00 4.318950543400000841e-01 1.352333122863231228e-02
2.080000000000000071e+00 4.354862348699996000e-01 1.361614066139312657e-02
2.089999999999999858e+00 4.415380047499997684e-01 1.370669217724028270e-02
2.100000000000000089e+00 4.486308556400002701e-01 1.370717375175533811e-02
2.109999999999999876e+00 4.544421785600005204e-01 1.362805815745213138e-02
2.120000000000000107e+00 4.591800876000003417e-01 1.368348185381032533e-02
2.129999999999999893e+00 4.633507230300005775e-01 1.374201139602541574e-02
2.140000000000000124e+00 4.694303365400000483e-01 1.380523621507940071e-02
2.149999999999999911e+00 4.750721391800000193e-01 1.374749919089909497e-02
2.160000000000000142e+00 4.798545128300002460e-01 1.380046860122717718e-02
2.169999999999999929e+00 4.866850959299994783e-01 1.374892831384358187e-02
2.180000000000000160e+00 4.904998915700002904e-01 1.379637671895875273e-02
2.189999999999999947e+00 4.982325422999997477e-01 1.370757590177649858e-02
2.200000000000000178e+00 5.017962751400003585e-01 1.371990875720331335e-02
2.209999999999999964e+00 5.061066894099999214e-01 1.378005117819908719e-02
2.220000000000000195e+00 5.125937235099999878e-01 1.366367292090870690e-02
2.229999999999999982e+00 5.181516355200000978e-01 1.360036267348730538e-02
2.240000000000000213e+00 5.230760036899996246e-01 1.354535073021251833e-02
2.250000000000000000e+00 5.293264734300006102e-01 1.358413466756511895e-02
2.259999999999999787e+00 5.341667187599998812e-01 1.354672869312058443e-02
2.270000000000000018e+00 5.402169590099997754e-01 1.351795850763400780e-02
2.279999999999999805e+00 5.467541101099999690e-01 1.329358075043630787e-02
2.290000000000000036e+00 5.509247587200011287e-01 1.347302366160324505e-02
2.299999999999999822e+00 5.566050488700000631e-01 1.332181615737123431e-02
2.310000000000000053e+00 5.631897117500006544e-01 1.315748190624007295e-02
2.319999999999999840e+00 5.669926081199999635e-01 1.322013285468895925e-02
2.330000000000000071e+00 5.713336785000000528e-01 1.328231288215968829e-02
2.339999999999999858e+00 5.774064872900003254e-01 1.304479604175037138e-02
2.350000000000000089e+00 5.805893501100004572e-01 1.311288913609211758e-02
2.359999999999999876e+00 5.852468242399999632e-01 1.310267389503343149e-02
2.370000000000000107e+00 5.920843799700002963e-01 1.277726161632976136e-02
2.379999999999999893e+00 5.956310322300004678e-01 1.291371022435985026e-02
2.390000000000000124e+00 6.002634836300005938e-01 1.281326909295221576e-02
2.399999999999999911e+00 6.038609016499996152e-01 1.285076741240026750e-02
2.410000000000000142e+00 6.094281342100000831e-01 1.263925462991183010e-02
2.419999999999999929e+00 6.145587900400009129e-01 1.243252319228778380e-02
2.430000000000000160e+00 6.186333844599997134e-01 1.253718213706330083e-02
2.439999999999999947e+00 6.228284559100006890e-01 1.247970863315883000e-02
2.450000000000000178e+00 6.286154337599999531e-01 1.232695386907994330e-02
2.459999999999999964e+00 6.334724085799997573e-01 1.232919424608286928e-02
2.470000000000000195e+00 6.391979365200008978e-01 1.214758080703173641e-02
2.479999999999999982e+00 6.429272003600002838e-01 1.199686738653949446e-02
2.490000000000000213e+00 6.477255030699989868e-01 1.189883888822701290e-02
2.500000000000000000e+00 6.517717731800000136e-01 1.183467750462469797e-02
2.509999999999999787e+00 6.555365438900008224e-01 1.178443009144185954e-02
2.520000000000000018e+00 6.594863613699993854e-01 1.166765212491906699e-02
2.529999999999999805e+00 6.637746828400002963e-01 1.158030297064429649e-02
2.540000000000000036e+00 6.678499177699990241e-01 1.149183217545942867e-02
2.549999999999999822e+00 6.716251194000000257e-01 1.135825631873109941e-02
2.560000000000000053e+00 6.749587988499996527e-01 1.128948251228610762e-02
2.569999999999999840e+00 6.790723747199988169e-01 1.120438178971374169e-02
2.580000000000000071e+00 6.826653437399990976e-01 1.110359031778309670e-02
2.589999999999999858e+00 6.864501007799991283e-01 1.089480096863063713e-02
2.600000000000000089e+00 6.900414481799997946e-01 1.073884123055510002e-02
2.609999999999999876e+00 6.935903314300004840e-01 1.062259505972155613e-02
2.620000000000000107e+00 6.965015696699999870e-01 1.054433507430426603e-02
2.629999999999999893e+00 6.999167401800000521e-01 1.040452304280200385e-02
2.640000000000000124e+00 7.040424273899991148e-01 1.012654881257472189e-02
2.649999999999999911e+00 7.072040494199993699e-01 1.010975785711246827e-02
2.660000000000000142e+00 7.115223303300005631e-01 9.806994852910862898e-03
2.669999999999999929e+00 7.151475552099988420e-01 9.605500521428040825e-03
2.680000000000000160e+00 7.177829781699992528e-01 9.476995927286537696e-03
2.689999999999999947e+00 7.207087269099996529e-01 9.378501483511129597e-03
2.700000000000000178e+00 7.235704517300000083e-01 9.259161732438427744e-03
2.709999999999999964e+00 7.262712440800005442e-01 9.254467439670729240e-03
2.720000000000000195e+00 7.290219726400006817e-01 9.153908439676889178e-03
2.729999999999999982e+00 7.325855066699993312e-01 8.925865654284383457e-03
2.740000000000000213e+00 7.353182040700010358e-01 8.825496995991716567e-03
2.750000000000000000e+00 7.381338577400001766e-01 8.726813107091451957e-03
2.759999999999999787e+00 7.403023215100005272e-01 8.726450385147502611e-03
2.770000000000000018e+00 7.431656995999994519e-01 8.537725081449438688e-03
2.779999999999999805e+00 7.458357677899993821e-01 8.476149470985627765e-03
2.790000000000000036e+00 7.486487701999988698e-01 8.278355047995426472e-03
2.799999999999999822e+00 7.506068275399997436e-01 8.374918969144442074e-03
2.810000000000000053e+00 7.528134232599994480e-01 8.286254961223867704e-03
2.819999999999999840e+00 7.551137719599992915e-01 8.214029730278309474e-03
2.830000000000000071e+00 7.576615004799988062e-01 8.140743744790868500e-03
2.839999999999999858e+00 7.604378365800005257e-01 8.057120513329501382e-03
2.850000000000000089e+00 7.632304756400006829e-01 7.863790747725651203e-03
2.859999999999999876e+00 7.655793258399997692e-01 7.864053644987618191e-03
2.870000000000000107e+00 7.683298548299988262e-01 7.681346412287973213e-03
2.879999999999999893e+00 7.703330153400003155e-01 7.661874630212776004e-03
2.890000000000000124e+00 7.732025411699998685e-01 7.520683899066211466e-03
2.899999999999999911e+00 7.758898227199996223e-01 7.260718266404321553e-03
2.910000000000000142e+00 7.781188325599991407e-01 7.299423075235486440e-03
2.919999999999999929e+00 7.805019256599998734e-01 7.115850806955042671e-03
2.930000000000000160e+00 7.825975562099991567e-01 7.001677395323474898e-03
2.939999999999999947e+00 7.844701629299991597e-01 6.936241045814256143e-03
2.950000000000000178e+00 7.865283137500002075e-01 6.840371933962016704e-03
2.959999999999999964e+00 7.883144080000008547e-01 6.837617775098258840e-03
2.970000000000000195e+00 7.905454330600006907e-01 6.746249174970347408e-03
2.979999999999999982e+00 7.929477867299993266e-01 6.559286734778142086e-03
2.990000000000000213e+00 7.949902514799999098e-01 6.440139727122299110e-03
3.000000000000000000e+00 7.972979300999993857e-01 6.254284733152623392e-03
3.009999999999999787e+00 7.994538895599998529e-01 6.110141362859768631e-03
3.020000000000000018e+00 8.012829312599999421e-01 6.037883015132060500e-03
3.029999999999999805e+00 8.030520340799995882e-01 5.979820188764921503e-03
