1.419999999999999929e+00 2.888028022300002245e-02 1.714722676232528916e-04
1.429999999999999938e+00 2.954699728599995481e-02 1.927365457517890221e-04
1.439999999999999947e+00 3.011232828199996575e-02 2.053746736359272343e-04
1.449999999999999956e+00 3.116026256399996239e-02 2.033896535807152379e-04
1.459999999999999964e+00 3.191226933249999981e-02 2.273496991449371562e-04
1.469999999999999973e+00 3.273198595800001082e-02 2.454281610596535245e-04
1.479999999999999982e+00 3.327335160700004013e-02 2.312175077958952634e-04
1.489999999999999991e+00 3.439650542349995815e-02 2.776712012936052160e-04
1.500000000000000000e+00 3.584324775699999910e-02 2.923696820828922344e-04
1.510000000000000009e+00 3.658658443150002854e-02 2.766280809797270015e-04
1.520000000000000018e+00 3.789954395050003366e-02 3.229406423741326953e-04
1.530000000000000027e+00 3.913457819850000435e-02 3.554687661304469577e-04
1.540000000000000036e+00 4.066529380399994120e-02 3.679690224173671705e-04
1.550000000000000044e+00 4.179606028950000329e-02 4.111921346861932450e-04
1.560000000000000053e+00 4.350011076749994710e-02 4.228452344891932345e-04
1.570000000000000062e+00 4.520041896750002369e-02 4.770254565848956047e-04
1.580000000000000071e+00 4.683135633399998499e-02 5.368631162077636262e-04
1.590000000000000080e+00 4.963276353650003525e-02 6.243166110564380648e-04
1.600000000000000089e+00 5.121157357949996519e-02 6.882659566172513125e-04
1.610000000000000098e+00 5.407360337699995689e-02 7.471127878996762462e-04
1.620000000000000107e+00 5.660230813850000015e-02 8.391535524879447511e-04
1.629999999999999893e+00 6.021650085799999663e-02 9.995362209561341194e-04
1.639999999999999902e+00 6.478959147549998021e-02 1.166874311151576979e-03
1.649999999999999911e+00 6.825223729450000110e-02 1.225820914272438434e-03
1.659999999999999920e+00 7.413765582950000710e-02 1.477512643820382910e-03
1.669999999999999929e+00 8.000706959749993852e-02 1.743224341231978036e-03
1.679999999999999938e+00 8.515623400499995610e-02 1.918838824119510449e-03
1.689999999999999947e+00 9.408037016500007954e-02 2.322228794021773211e-03
1.699999999999999956e+00 1.018839905585000732e-01 2.526847539490798423e-03
1.709999999999999964e+00 1.139726661414999093e-01 2.887903793009101786e-03
1.719999999999999973e+00 1.257021146869999884e-01 3.222297731486842287e-03
1.729999999999999982e+00 1.400309527185000513e-01 3.590322273492760948e-03
1.739999999999999991e+00 1.550838863215000529e-01 3.838137147128024753e-03
1.750000000000000000e+00 1.720847929220001571e-01 4.033747284869196661e-03
1.760000000000000009e+00 1.888901447260001587e-01 4.207602147142283991e-03
1.770000000000000018e+00 2.079442108060001182e-01 4.434786383427567064e-03
1.780000000000000027e+00 2.271670338135001188e-01 4.546719674019676291e-03
1.790000000000000036e+00 2.468889061719999611e-01 4.588833433779269076e-03
1.800000000000000044e+00 2.676075978674999911e-01 4.555025436128195063e-03
1.810000000000000053e+00 2.863771214079998129e-01 4.345622859857076539e-03
1.820000000000000062e+00 3.065205231799998375e-01 4.118608736364351604e-03
1.830000000000000071e+00 3.247061983650004757e-01 3.958322314328291923e-03
1.840000000000000080e+00 3.430582694400005073e-01 3.701859958672032869e-03
1.850000000000000089e+00 3.599271885200006627e-01 3.635489453494589098e-03
1.860000000000000098e+00 3.762461737600001910e-01 3.497038208188192870e-03
1.870000000000000107e+00 3.920960716949996594e-01 3.263780820928042538e-03
1.879999999999999893e+00 4.064327447100000157e-01 3.175451851290368201e-03
1.889999999999999902e+00 4.213217714699999950e-01 2.932992823062502419e-03
1.899999999999999911e+00 4.351095595000004645e-01 2.799035183163138367e-03
1.909999999999999920e+00 4.487024006100005513e-01 2.658088241507009127e-03
1.919999999999999929e+00 4.615125448799999863e-01 2.534935197789291769e-03
1.929999999999999938e+00 4.738159366349995461e-01 2.431452405980890144e-03
1.939999999999999947e+00 4.858779558100003171e-01 2.305804592914454786e-03
1.949999999999999956e+00 4.973302304850003575e-01 2.193307638390735916e-03
1.959999999999999964e+00 5.084102106650001396e-01 2.110573246653336347e-03
