1.419999999999999929e+00 2.657062995949996051e-02 1.360378209640253160e-04
1.429999999999999938e+00 2.719429672600001333e-02 1.498659732791781469e-04
1.439999999999999947e+00 2.804080737749997665e-02 1.665915912318290430e-04
1.449999999999999956e+00 2.862462997299999867e-02 1.827977627085866684e-04
1.459999999999999964e+00 2.929000675550001362e-02 1.746885673404358259e-04
1.469999999999999973e+00 2.983096932699998496e-02 1.961199450937113229e-04
1.479999999999999982e+00 3.109234136799999063e-02 1.994678588316443305e-04
1.489999999999999991e+00 3.144394191650001780e-02 2.015492495016836679e-04
1.500000000000000000e+00 3.256976024249998852e-02 2.337090046715816654e-04
1.510000000000000009e+00 3.365555437200001831e-02 2.527024895045359662e-04
1.520000000000000018e+00 3.469128896450002913e-02 2.486394988141399386e-04
1.530000000000000027e+00 3.553760643150000176e-02 2.796048155416266641e-04
1.540000000000000036e+00 3.687644354700002347e-02 3.032391151607207098e-04
1.550000000000000044e+00 3.809188311400004551e-02 2.883277524921068805e-04
1.560000000000000053e+00 3.911245936750001873e-02 3.313605721383792069e-04
1.570000000000000062e+00 4.067956264749995193e-02 3.482834973576744804e-04
1.580000000000000071e+00 4.234323601500002837e-02 3.972561132004969017e-04
1.590000000000000080e+00 4.410170822099996474e-02 4.220165244624795144e-04
1.600000000000000089e+00 4.635470583950001416e-02 5.287440108849637659e-04
1.610000000000000098e+00 4.824091631800002389e-02 5.750561290712444739e-04
1.620000000000000107e+00 5.071746069200003953e-02 5.865296663892773316e-04
1.629999999999999893e+00 5.292671019049991626e-02 6.839806655590844556e-04
1.639999999999999902e+00 5.591499652850005081e-02 7.156301985852117284e-04
1.649999999999999911e+00 5.934541123550011316e-02 7.718830874871332156e-04
1.659999999999999920e+00 6.349714321149989293e-02 1.044347764088705442e-03
1.669999999999999929e+00 6.855007702200002773e-02 1.231144999468123053e-03
1.679999999999999938e+00 7.209983021150001559e-02 1.402507578891728926e-03
1.689999999999999947e+00 7.941114850400000924e-02 1.636256102566711413e-03
1.699999999999999956e+00 8.690445369099995820e-02 1.902528637056076846e-03
1.709999999999999964e+00 9.481918625949996293e-02 2.274932615885332226e-03
1.719999999999999973e+00 1.058163812659999453e-01 2.606478529732151554e-03
1.729999999999999982e+00 1.170884988694998324e-01 2.979733331248056363e-03
1.739999999999999991e+00 1.307973959710001521e-01 3.226948041187480392e-03
1.750000000000000000e+00 1.460681276340001500e-01 3.603937579170247117e-03
1.760000000000000009e+00 1.641595474009996669e-01 3.979350037849377700e-03
1.770000000000000018e+00 1.804219907625001229e-01 4.173770626723559592e-03
1.780000000000000027e+00 1.986835130365001145e-01 4.422477704738272258e-03
1.790000000000000036e+00 2.210549715704999696e-01 4.512219583729212141e-03
1.800000000000000044e+00 2.406368448219998735e-01 4.542166961394904050e-03
1.810000000000000053e+00 2.616670005739999416e-01 4.543621050913493331e-03
1.820000000000000062e+00 2.826422534544996701e-01 4.411338299094991720e-03
1.830000000000000071e+00 3.028030593790003722e-01 4.313399528448645832e-03
1.840000000000000080e+00 3.241337739350000358e-01 4.009702976203460487e-03
1.850000000000000089e+00 3.430802594949994844e-01 3.896587210341008033e-03
1.860000000000000098e+00 3.617535434249996573e-01 3.684624204858292715e-03
1.870000000000000107e+00 3.793533237299998029e-01 3.494417177467519075e-03
1.879999999999999893e+00 3.967454418399996574e-01 3.236272736598722229e-03
1.889999999999999902e+00 4.130154784199998041e-01 3.059120927682843112e-03
1.899999999999999911e+00 4.289445530500007875e-01 2.894478088527760017e-03
1.909999999999999920e+00 4.438038846049997543e-01 2.704317380405609275e-03
1.919999999999999929e+00 4.583241095600003590e-01 2.564150857410482740e-03
1.929999999999999938e+00 4.720358061799999616e-01 2.448992744554252983e-03
1.939999999999999947e+00 4.854219964899998407e-01 2.336541399640123650e-03
1.949999999999999956e+00 4.982060662650000804e-01 2.239295566394974846e-03
1.959999999999999964e+00 5.102567206950002765e-01 2.131883996878753806e-03
