4.000000000000000222e-01 4.305278996450000867e-02 1.336512653364085640e-04
4.099999999999999756e-01 4.343768110300002400e-02 1.298506363447200394e-04
4.199999999999999845e-01 4.369109855450002688e-02 1.304556411711644171e-04
4.299999999999999933e-01 4.405149244500005529e-02 1.371571458641647424e-04
4.400000000000000022e-01 4.460256574200001378e-02 1.384192210666290908e-04
4.500000000000000111e-01 4.504143297049996442e-02 1.396559645209176739e-04
4.600000000000000200e-01 4.524290629799990887e-02 1.381785125469568395e-04
4.699999999999999734e-01 4.571191477050003116e-02 1.473402071269869305e-04
4.799999999999999822e-01 4.600332347349996714e-02 1.527617455031954547e-04
4.899999999999999911e-01 4.653412728349999583e-02 1.512672125816722499e-04
5.000000000000000000e-01 4.685802086200002714e-02 1.441991561247204037e-04
5.100000000000000089e-01 4.734003759299997005e-02 1.383906126747089075e-04
5.200000000000000178e-01 4.766478909600006114e-02 1.505410437529183560e-04
5.300000000000000266e-01 4.821908430650002214e-02 1.628974327610696647e-04
5.400000000000000355e-01 4.864363240999997062e-02 1.604153125792152120e-04
5.500000000000000444e-01 4.909246148799994991e-02 1.599287619315784763e-04
5.600000000000000533e-01 4.945479130799996376e-02 1.607451817456022987e-04
5.699999999999999512e-01 4.986913963299996477e-02 1.619398342183950420e-04
5.799999999999999600e-01 5.035888018600007121e-02 1.619803802047664783e-04
5.899999999999999689e-01 5.067655061150014989e-02 1.527685574460065489e-04
5.999999999999999778e-01 5.115187311000000958e-02 1.563472310815033374e-04
6.099999999999999867e-01 5.148006528850002095e-02 1.771363149693225888e-04
6.199999999999999956e-01 5.201523026150003254e-02 1.687538662047399632e-04
6.300000000000000044e-01 5.268186244849994843e-02 1.663993291770803052e-04
6.400000000000000133e-01 5.305227008349999718e-02 1.894926666846558398e-04
6.500000000000000222e-01 5.359216040899997258e-02 1.881999652876097508e-04
6.600000000000000311e-01 5.398906610850004451e-02 1.828184552004255678e-04
6.700000000000000400e-01 5.451373267250000237e-02 1.761950551762744952e-04
6.800000000000000488e-01 5.503947452850007499e-02 1.875343267159684042e-04
6.899999999999999467e-01 5.551794722399999021e-02 1.939022186145911934e-04
6.999999999999999556e-01 5.605535994849996512e-02 1.901146408531626268e-04
7.099999999999999645e-01 5.638644570249996824e-02 1.926948554033086603e-04
7.199999999999999734e-01 5.693685477999994166e-02 2.038164933798401312e-04
7.299999999999999822e-01 5.777593776200001807e-02 1.893260465221557800e-04
7.399999999999999911e-01 5.839678203650003341e-02 2.063497184037452778e-04
7.500000000000000000e-01 5.882915303199998114e-02 1.919406327769065924e-04
7.600000000000000089e-01 5.951794915000006153e-02 2.205144161459515978e-04
7.700000000000000178e-01 6.004979409649999211e-02 2.204693925796458133e-04
7.800000000000000266e-01 6.042273502399999469e-02 2.323235795724091265e-04
7.900000000000000355e-01 6.127591335299997083e-02 2.270907651321106872e-04
8.000000000000000444e-01 6.189946170500004730e-02 2.227351815634248590e-04
8.100000000000000533e-01 6.230886030499997730e-02 2.404908311770702009e-04
8.199999999999999512e-01 6.298152951099998675e-02 2.288921389326267861e-04
8.299999999999999600e-01 6.349515637200009444e-02 2.414016843490359105e-04
8.399999999999999689e-01 6.420746786349999791e-02 2.253027954459813867e-04
8.499999999999999778e-01 6.496501141449993744e-02 2.512224050961072677e-04
8.599999999999999867e-01 6.524935273950001335e-02 2.370695120351887881e-04
8.699999999999999956e-01 6.637109690349993207e-02 2.557761637861329703e-04
8.800000000000000044e-01 6.718773031250008243e-02 2.566143707059815432e-04
8.900000000000000133e-01 6.766083352149993013e-02 2.731282740118229748e-04
9.000000000000000222e-01 6.872510794499993303e-02 2.620929657356628364e-04
9.100000000000000311e-01 6.898755775150000602e-02 2.740941165312954183e-04
9.200000000000000400e-01 7.010763692600001373e-02 2.751501156316641761e-04
9.300000000000000488e-01 7.092609594250003091e-02 2.957454089691349060e-04
9.399999999999999467e-01 7.127291615500003230e-02 2.720522044050825987e-04
9.499999999999999556e-01 7.201409729799999881e-02 3.186185033871587842e-04
9.599999999999999645e-01 7.286406328400008015e-02 2.936782455305049066e-04
9.699999999999999734e-01 7.400336135250008829e-02 3.192384384293563051e-04
9.799999999999999822e-01 7.436527815450001688e-02 3.169960082638515158e-04
9.899999999999999911e-01 7.532956113899993977e-02 3.556745929791857159e-04
1.000000000000000000e+00 7.635323553550010800e-02 3.439260179111935109e-04
1.010000000000000009e+00 7.770674720000005087e-02 3.365034784103723936e-04
1.020000000000000018e+00 7.803336444799999216e-02 3.884348031523194461e-04
1.030000000000000027e+00 7.934689332050000321e-02 3.735884163375806236e-04
1.040000000000000036e+00 8.006666171199995630e-02 3.793645422264280186e-04
1.050000000000000044e+00 8.121774441699997071e-02 3.897842965334659209e-04
1.060000000000000053e+00 8.258007301250001875e-02 4.048057045388252272e-04
1.070000000000000062e+00 8.350375714599994614e-02 4.425267938459132651e-04
1.080000000000000071e+00 8.399417966650005174e-02 4.006477480285491107e-04
1.090000000000000080e+00 8.511815128199995417e-02 4.314118719561885478e-04
1.100000000000000089e+00 8.681026342050006395e-02 4.372950658020523175e-04
1.110000000000000098e+00 8.766088986550005235e-02 4.386024404284459511e-04
1.120000000000000107e+00 8.885505690449996274e-02 4.684949816265203209e-04
1.129999999999999893e+00 9.049556574600002568e-02 4.737957497890847147e-04
1.139999999999999902e+00 9.149866605199996616e-02 5.195826674703214049e-04
1.149999999999999911e+00 9.268994667050015068e-02 5.333753634416293259e-04
1.159999999999999920e+00 9.401274437749987389e-02 5.033342353418876090e-04
1.169999999999999929e+00 9.544585614900012727e-02 5.656405811396373468e-04
1.179999999999999938e+00 9.748635691200005504e-02 5.534947851915343739e-04
1.189999999999999947e+00 9.808128921699987846e-02 5.935879583625369195e-04
1.199999999999999956e+00 1.004740926470001072e-01 6.578630509717894653e-04
1.209999999999999964e+00 1.017060154895000068e-01 6.147143718117730306e-04
1.219999999999999973e+00 1.027640156894999296e-01 6.910394467001647681e-04
1.229999999999999982e+00 1.048115243160000626e-01 6.943221429494128702e-04
1.239999999999999991e+00 1.065410644605000873e-01 7.744952709036397346e-04
1.250000000000000000e+00 1.082202373290001435e-01 7.922349557670280802e-04
1.260000000000000009e+00 1.109389198605002097e-01 7.997727872125849667e-04
1.270000000000000018e+00 1.123870966925001047e-01 8.756604369313986157e-04
1.280000000000000027e+00 1.151275982125000430e-01 9.536683577154540098e-04
1.290000000000000036e+00 1.160364241375001076e-01 9.796556588163084309e-04
1.300000000000000044e+00 1.185799350655000195e-01 1.040984336720958631e-03
1.310000000000000053e+00 1.210400487014998833e-01 1.045752122041621436e-03
1.320000000000000062e+00 1.235012026354999209e-01 1.094018168427774752e-03
1.330000000000000071e+00 1.252019879440001149e-01 1.185974424954260595e-03
1.340000000000000080e+00 1.278760486149999043e-01 1.251135194712026458e-03
1.350000000000000089e+00 1.305891952849999316e-01 1.230820085025283129e-03
1.360000000000000098e+00 1.325437769350000239e-01 1.361908428380882849e-03
1.370000000000000107e+00 1.354624745300000432e-01 1.414540413369543611e-03
1.379999999999999893e+00 1.387217171200000876e-01 1.457354140727505068e-03
1.389999999999999902e+00 1.417479648099999323e-01 1.561420348589531368e-03
1.399999999999999911e+00 1.441592350000001632e-01 1.583062555714852705e-03
1.409999999999999920e+00 1.481306590400000289e-01 1.699301539280093087e-03
1.419999999999999929e+00 1.514058895899999813e-01 1.795436432916172392e-03
1.429999999999999938e+00 1.544950508850000681e-01 1.903901916299108365e-03
1.439999999999999947e+00 1.570041199199999904e-01 1.984914297152627540e-03
1.449999999999999956e+00 1.613493103800000272e-01 2.162274907030485496e-03
1.459999999999999964e+00 1.650894906500001424e-01 2.298759566271648107e-03
1.469999999999999973e+00 1.681765124199999240e-01 2.386780010264540758e-03
1.479999999999999982e+00 1.733006258700001134e-01 2.580152297224535835e-03
1.489999999999999991e+00 1.770392951150000782e-01 2.665833570670984691e-03
1.500000000000000000e+00 1.807074840049999742e-01 2.772927837136648314e-03
1.510000000000000009e+00 1.863390235349996760e-01 3.046212508967136197e-03
1.520000000000000018e+00 1.916468324499999432e-01 3.228502060689606400e-03
1.530000000000000027e+00 1.965031672250002193e-01 3.332351452534802055e-03
1.540000000000000036e+00 2.019670771349999505e-01 3.440179536164319346e-03
1.550000000000000044e+00 2.067843158949997928e-01 3.665555363344380219e-03
1.560000000000000053e+00 2.118462225449999348e-01 3.828218315029341574e-03
1.570000000000000062e+00 2.171859945149999804e-01 4.065590790240706208e-03
1.580000000000000071e+00 2.249607230000000846e-01 4.230820807328865805e-03
1.590000000000000080e+00 2.309402842299999592e-01 4.357410547583065626e-03
1.600000000000000089e+00 2.359379796699998533e-01 4.541893763619999670e-03
1.610000000000000098e+00 2.443334322850000406e-01 4.904324264709118177e-03
1.620000000000000107e+00 2.501781463199999056e-01 5.071316920362381984e-03
1.629999999999999893e+00 2.577599487200002426e-01 5.193696823522871674e-03
1.639999999999999902e+00 2.647361592800000496e-01 5.528653446919161961e-03
1.649999999999999911e+00 2.726855967949999293e-01 5.638297781578219259e-03
1.659999999999999920e+00 2.803527256899999154e-01 5.785936102765503776e-03
1.669999999999999929e+00 2.876327298599994364e-01 6.052149554027121646e-03
1.679999999999999938e+00 2.956880005849999993e-01 6.219793433419749246e-03
1.689999999999999947e+00 3.028339589499997042e-01 6.375719759306187548e-03
1.699999999999999956e+00 3.118033235500000111e-01 6.531384261921490894e-03
1.709999999999999964e+00 3.203152937850003434e-01 6.634705519658153604e-03
1.719999999999999973e+00 3.274358761600003609e-01 6.786664571553766533e-03
1.729999999999999982e+00 3.365763788150002433e-01 6.809032724050203059e-03
1.739999999999999991e+00 3.449955751700007900e-01 6.988405307119445811e-03
1.750000000000000000e+00 3.532370814899999378e-01 7.099752096970325839e-03
1.760000000000000009e+00 3.622208325249999805e-01 7.365162146191372126e-03
1.770000000000000018e+00 3.712567034950000067e-01 7.525862003435920301e-03
1.780000000000000027e+00 3.815662335100000191e-01 7.584201010288317557e-03
1.790000000000000036e+00 3.897142408050003892e-01 7.642592374941810374e-03
1.800000000000000044e+00 3.985435269400002256e-01 7.806007845240403066e-03
1.810000000000000053e+00 4.098605050999998278e-01 7.846253763035670320e-03
1.820000000000000062e+00 4.166451936399998557e-01 8.028471065605715870e-03
1.830000000000000071e+00 4.283114811099995589e-01 8.093910990265422781e-03
1.840000000000000080e+00 4.360805338849996216e-01 8.121507169647495736e-03
1.850000000000000089e+00 4.465339967600000515e-01 8.178374997192414120e-03
1.860000000000000098e+00 4.558732429350002557e-01 8.237190151280817871e-03
1.870000000000000107e+00 4.641943368049993857e-01 8.261766988527910818e-03
1.879999999999999893e+00 4.729793728250003548e-01 8.276180878983314254e-03
1.889999999999999902e+00 4.819027130000002601e-01 8.283111380933605092e-03
1.899999999999999911e+00 4.918151576800001701e-01 8.228616429259830167e-03
1.909999999999999920e+00 4.995013887899999450e-01 8.267210568416507102e-03
1.919999999999999929e+00 5.084484517800000880e-01 8.243767630802810095e-03
1.929999999999999938e+00 5.161328986749997849e-01 8.322251140604412789e-03
1.939999999999999947e+00 5.257118148750004050e-01 8.183693516398986637e-03
1.949999999999999956e+00 5.340506829900000252e-01 8.205431697031943458e-03
1.959999999999999964e+00 5.435061400849998670e-01 8.133160546785901668e-03
1.969999999999999973e+00 5.518373242549996505e-01 8.112214082151973996e-03
1.979999999999999982e+00 5.599049046249993111e-01 7.986408092140023438e-03
1.989999999999999991e+00 5.669274886500000887e-01 7.913486786596297604e-03
2.000000000000000000e+00 5.750218062000000963e-01 7.838036334851953071e-03
2.009999999999999787e+00 5.830845865899999536e-01 7.791645688583198961e-03
2.020000000000000018e+00 5.904390973100003270e-01 7.744130746474845589e-03
2.029999999999999805e+00 5.982998617850001644e-01 7.617305421189691193e-03
2.040000000000000036e+00 6.053573473699995766e-01 7.515886941541239340e-03
2.049999999999999822e+00 6.126769226699992910e-01 7.435524207924794349e-03
2.060000000000000053e+00 6.199419683699998185e-01 7.271851610147583682e-03
2.069999999999999840e+00 6.260685493099998888e-01 7.206301103011051971e-03
2.080000000000000071e+00 6.332225811699998541e-01 7.031438945212616608e-03
2.089999999999999858e+00 6.406593317600013382e-01 6.793105402091850938e-03
2.100000000000000089e+00 6.455525191549994490e-01 6.867909768217337133e-03
2.109999999999999876e+00 6.531078904350000602e-01 6.618922472164095322e-03
2.120000000000000107e+00 6.584687760100002007e-01 6.519675742503467514e-03
2.129999999999999893e+00 6.646674584450004142e-01 6.449146422847484676e-03
2.140000000000000124e+00 6.706320918799998365e-01 6.311835388582444882e-03
2.149999999999999911e+00 6.758560626149998640e-01 6.214216070401126606e-03
2.160000000000000142e+00 6.817262283599996309e-01 6.077338260393273621e-03
2.169999999999999929e+00 6.867518865449998566e-01 5.978740604553107844e-03
2.180000000000000160e+00 6.920989197450007069e-01 5.831699184920702099e-03
2.189999999999999947e+00 6.972861912100001280e-01 5.729024514364760082e-03
2.200000000000000178e+00 7.019693397750006447e-01 5.658460546804321145e-03
2.209999999999999964e+00 7.070898793150000028e-01 5.549865693365201372e-03
2.220000000000000195e+00 7.124887769549999028e-01 5.300894205928470895e-03
2.229999999999999982e+00 7.168423940699998331e-01 5.206498267717550761e-03
2.240000000000000213e+00 7.207436461499989733e-01 5.163024909203390092e-03
2.250000000000000000e+00 7.248913132549998917e-01 5.058866774956903740e-03
2.259999999999999787e+00 7.291960935349999229e-01 4.938860688743235833e-03
2.270000000000000018e+00 7.328042489450001806e-01 4.909830538436823349e-03
2.279999999999999805e+00 7.369841561299995680e-01 4.782934483048552517e-03
2.290000000000000036e+00 7.409687918250001948e-01 4.697427715635832390e-03
2.299999999999999822e+00 7.450570103150008228e-01 4.594179711682386952e-03
2.310000000000000053e+00 7.490800782949996739e-01 4.464679335528757599e-03
2.319999999999999840e+00 7.526652375899989256e-01 4.424044024682749141e-03
2.330000000000000071e+00 7.564187075349991796e-01 4.315964046641473928e-03
2.339999999999999858e+00 7.598371721550001290e-01 4.254827078178315472e-03
2.350000000000000089e+00 7.631917179350002911e-01 4.186429415783507642e-03
2.359999999999999876e+00 7.664885184500002113e-01 4.067807830685165292e-03
2.370000000000000107e+00 7.694985620500000012e-01 4.021641214340925495e-03
2.379999999999999893e+00 7.724413908200000733e-01 4.001482635272317172e-03
2.390000000000000124e+00 7.754597171300019465e-01 3.892120884623356553e-03
2.399999999999999911e+00 7.784179953749996717e-01 3.815789244414191130e-03
2.410000000000000142e+00 7.813416774650011609e-01 3.749248074107543616e-03
2.419999999999999929e+00 7.845026593450018515e-01 3.631660263001034242e-03
2.430000000000000160e+00 7.871778562600012519e-01 3.583518477045691090e-03
2.439999999999999947e+00 7.898612089200008901e-01 3.519013187064625597e-03
2.450000000000000178e+00 7.924255028299991288e-01 3.481236057980572566e-03
2.459999999999999964e+00 7.953134726350008510e-01 3.390620439553398893e-03
2.470000000000000195e+00 7.979891113550002801e-01 3.319907685494206517e-03
