4.000000000000000222e-01 4.288740227749999329e-02 1.287927023876220191e-04
4.099999999999999756e-01 4.312563661750003913e-02 1.389367411241838185e-04
4.199999999999999845e-01 4.354202969750000513e-02 1.403699365757195099e-04
4.299999999999999933e-01 4.373619373350003114e-02 1.384286770788993050e-04
4.400000000000000022e-01 4.432889541199994121e-02 1.341899555843506877e-04
4.500000000000000111e-01 4.456020141300002374e-02 1.381918063369052781e-04
4.600000000000000200e-01 4.501738031749999425e-02 1.449176899369748696e-04
4.699999999999999734e-01 4.549720616600001766e-02 1.479822159376457014e-04
4.799999999999999822e-01 4.587267190599995936e-02 1.427517747378172100e-04
4.899999999999999911e-01 4.630375273650003815e-02 1.516663189280623798e-04
5.000000000000000000e-01 4.680529961800002081e-02 1.489403452508461620e-04
5.100000000000000089e-01 4.713795778050008239e-02 1.552260587914120946e-04
5.200000000000000178e-01 4.739944818750001926e-02 1.518423333712934755e-04
5.300000000000000266e-01 4.815265175550004911e-02 1.562371951994555731e-04
5.400000000000000355e-01 4.847698839199995197e-02 1.742695652905933146e-04
5.500000000000000444e-01 4.913182788849999177e-02 1.687475639756446299e-04
5.600000000000000533e-01 4.925056717899991415e-02 1.771720189432250984e-04
5.699999999999999512e-01 5.006012057149992339e-02 1.676396279394710899e-04
5.799999999999999600e-01 5.037437831599998750e-02 1.714989057939594408e-04
5.899999999999999689e-01 5.091883441700000013e-02 1.722585547278021351e-04
5.999999999999999778e-01 5.128041335349999702e-02 1.828857094125053648e-04
6.099999999999999867e-01 5.178286742700005663e-02 1.811554934683188970e-04
6.199999999999999956e-01 5.230601684649999888e-02 1.803127367857551729e-04
6.300000000000000044e-01 5.290613414749992249e-02 1.899405852999055077e-04
6.400000000000000133e-01 5.335880145349995024e-02 2.014868782794041889e-04
6.500000000000000222e-01 5.377944439899999540e-02 2.011911487831449352e-04
6.600000000000000311e-01 5.444056797899992500e-02 2.111798789048969192e-04
6.700000000000000400e-01 5.506467684049999589e-02 2.082468685668292839e-04
6.800000000000000488e-01 5.565620445599997468e-02 2.227053518428271880e-04
6.899999999999999467e-01 5.623046346250003269e-02 2.159164609429895312e-04
6.999999999999999556e-01 5.677479895100004392e-02 2.233065712700344711e-04
7.099999999999999645e-01 5.741682318150000824e-02 2.410370181256110819e-04
7.199999999999999734e-01 5.773966102350001212e-02 2.574218177675716233e-04
7.299999999999999822e-01 5.863068210099998262e-02 2.388427072752190381e-04
7.399999999999999911e-01 5.878981549300002496e-02 2.290896518567755633e-04
7.500000000000000000e-01 5.953046410099990110e-02 2.282174815633292934e-04
7.600000000000000089e-01 6.043860276049994873e-02 2.612969986913116693e-04
7.700000000000000178e-01 6.083913973249997081e-02 2.440755745519486441e-04
7.800000000000000266e-01 6.152894358949997228e-02 2.479060368490844336e-04
7.900000000000000355e-01 6.208446490950000202e-02 2.597986116008972005e-04
8.000000000000000444e-01 6.268892794900002285e-02 2.689469949375131240e-04
8.100000000000000533e-01 6.334023577449998665e-02 2.674287404723198007e-04
8.199999999999999512e-01 6.406837582450003454e-02 2.876630777469790074e-04
8.299999999999999600e-01 6.481471891649999428e-02 2.795449822069327088e-04
8.399999999999999689e-01 6.555279177549998282e-02 3.069495885157781483e-04
8.499999999999999778e-01 6.627189447349998708e-02 2.863738091333670015e-04
8.599999999999999867e-01 6.714800153649988501e-02 3.005398819702072657e-04
8.699999999999999956e-01 6.763146443950004971e-02 3.158993777930809094e-04
8.800000000000000044e-01 6.873727882499998387e-02 2.860014886073720931e-04
8.900000000000000133e-01 6.921796206850017175e-02 2.982119500006724698e-04
9.000000000000000222e-01 7.003916109400007417e-02 3.222257780337999694e-04
9.100000000000000311e-01 7.114257126750003768e-02 3.367650665162891048e-04
9.200000000000000400e-01 7.167739649900009558e-02 3.390894401591568901e-04
9.300000000000000488e-01 7.227501898099997213e-02 3.546210730763594762e-04
9.399999999999999467e-01 7.380578336850004972e-02 3.959351895655239596e-04
9.499999999999999556e-01 7.444724038000002930e-02 3.913542333113175929e-04
9.599999999999999645e-01 7.551285822450007346e-02 3.896254220811902003e-04
9.699999999999999734e-01 7.667777505249989689e-02 3.842348376286806714e-04
9.799999999999999822e-01 7.707968251700002271e-02 3.755864886944638753e-04
9.899999999999999911e-01 7.802771722150000921e-02 3.963516258406540134e-04
1.000000000000000000e+00 7.954223197650006627e-02 4.004597457314055370e-04
1.010000000000000009e+00 8.038737103149995455e-02 4.206383454063809943e-04
1.020000000000000018e+00 8.142616203650004936e-02 4.359703161323679930e-04
1.030000000000000027e+00 8.258478234599997414e-02 4.429874080756352871e-04
1.040000000000000036e+00 8.405588206249980932e-02 4.502245844417720414e-04
1.050000000000000044e+00 8.492289635000006831e-02 4.703211193068315569e-04
1.060000000000000053e+00 8.612529420099983291e-02 4.770894099282030755e-04
1.070000000000000062e+00 8.749106994700001083e-02 5.123904724515625101e-04
1.080000000000000071e+00 8.895021637300003226e-02 5.173323058992843233e-04
1.090000000000000080e+00 8.922911279799992934e-02 5.353030253158856666e-04
1.100000000000000089e+00 9.086136273349999792e-02 5.674659102757055769e-04
1.110000000000000098e+00 9.221791847000004871e-02 5.810738003626993858e-04
1.120000000000000107e+00 9.393069391049987948e-02 5.910840450555139743e-04
1.129999999999999893e+00 9.517849258700003534e-02 6.588462956589125410e-04
1.139999999999999902e+00 9.693475489299992198e-02 6.775707633718440958e-04
1.149999999999999911e+00 9.817180514199980168e-02 7.227327629728676293e-04
1.159999999999999920e+00 9.971424825650007651e-02 6.601241687185640736e-04
1.169999999999999929e+00 1.008450906909999362e-01 7.372235491713828061e-04
1.179999999999999938e+00 1.033572421329999463e-01 7.582511034225411896e-04
1.189999999999999947e+00 1.047553180884999019e-01 7.912459141953821469e-04
1.199999999999999956e+00 1.058360985204999244e-01 7.915426084276693626e-04
1.209999999999999964e+00 1.082294002824999019e-01 8.563883177891714162e-04
1.219999999999999973e+00 1.099586041070000908e-01 8.866309824848265814e-04
1.229999999999999982e+00 1.120540390905000044e-01 1.003846539931175152e-03
1.239999999999999991e+00 1.135728635745001797e-01 9.655659214260576759e-04
1.250000000000000000e+00 1.154841198380000405e-01 1.069114211068654657e-03
1.260000000000000009e+00 1.169218310585000004e-01 1.069425251950141022e-03
1.270000000000000018e+00 1.192945374834999406e-01 1.142695687622253403e-03
1.280000000000000027e+00 1.216563983174999836e-01 1.186110057072888718e-03
1.290000000000000036e+00 1.234361636344998431e-01 1.244596161744021979e-03
1.300000000000000044e+00 1.260314339680000950e-01 1.363397106461818661e-03
1.310000000000000053e+00 1.280114479595000632e-01 1.405504250823866146e-03
1.320000000000000062e+00 1.304092928674998042e-01 1.521964999505831181e-03
1.330000000000000071e+00 1.339843270350000726e-01 1.568201885893390516e-03
1.340000000000000080e+00 1.355608130465001671e-01 1.626533937340205556e-03
1.350000000000000089e+00 1.383146397299999386e-01 1.719108365461710815e-03
1.360000000000000098e+00 1.418302768299999628e-01 1.845001166059480162e-03
1.370000000000000107e+00 1.444583605650000546e-01 1.999209134354910499e-03
1.379999999999999893e+00 1.476452183500000515e-01 2.141955984042662534e-03
1.389999999999999902e+00 1.510392998649998098e-01 2.207435213662044000e-03
1.399999999999999911e+00 1.542192995200000749e-01 2.375759525620083339e-03
1.409999999999999920e+00 1.562889272049999556e-01 2.442668423132906587e-03
1.419999999999999929e+00 1.601513442400001597e-01 2.572153958196321533e-03
1.429999999999999938e+00 1.628328496250000257e-01 2.664333473660624244e-03
1.439999999999999947e+00 1.671830726200002060e-01 2.813876424170156341e-03
1.449999999999999956e+00 1.711767650550000963e-01 3.025610372520242276e-03
1.459999999999999964e+00 1.741823786050000766e-01 3.072393141362632189e-03
1.469999999999999973e+00 1.793666376150003239e-01 3.185140051363952521e-03
1.479999999999999982e+00 1.823738660200002470e-01 3.375216965561670442e-03
1.489999999999999991e+00 1.884757264399999910e-01 3.566234918465638771e-03
1.500000000000000000e+00 1.911143310150001107e-01 3.638388915725183394e-03
1.510000000000000009e+00 1.958938784849999226e-01 3.901640709198207595e-03
1.520000000000000018e+00 2.002148964800002096e-01 4.005596054887855702e-03
1.530000000000000027e+00 2.060943830699999424e-01 4.108469727548654145e-03
1.540000000000000036e+00 2.103601075449996749e-01 4.348803961544563633e-03
1.550000000000000044e+00 2.162553387449999420e-01 4.581886591490101981e-03
1.560000000000000053e+00 2.205370984650002752e-01 4.717330412331836691e-03
1.570000000000000062e+00 2.276055611650001087e-01 4.877196664359766294e-03
1.580000000000000071e+00 2.325026255549999532e-01 5.052379805590487619e-03
1.590000000000000080e+00 2.384200718550001374e-01 5.207158667893193801e-03
1.600000000000000089e+00 2.432966016350003036e-01 5.470599764686328616e-03
1.610000000000000098e+00 2.494248834050002417e-01 5.538618131800739953e-03
1.620000000000000107e+00 2.554848388000003911e-01 5.627587606363291910e-03
1.629999999999999893e+00 2.638005955699997962e-01 5.891773323413995560e-03
1.639999999999999902e+00 2.704348659749998274e-01 6.098585806187021771e-03
1.649999999999999911e+00 2.780092180800000645e-01 6.252526048320412345e-03
1.659999999999999920e+00 2.847945469749997849e-01 6.455568803226410801e-03
1.669999999999999929e+00 2.911261369600006699e-01 6.638149338541042728e-03
1.679999999999999938e+00 2.992800257250001761e-01 6.762124197277384965e-03
1.689999999999999947e+00 3.057990594850000798e-01 6.959086467674011241e-03
1.699999999999999956e+00 3.153922219600005517e-01 7.191261858647966104e-03
1.709999999999999964e+00 3.228796924050003070e-01 7.300741835138977419e-03
1.719999999999999973e+00 3.310996861950004089e-01 7.525319262796126805e-03
1.729999999999999982e+00 3.388311034699998392e-01 7.710218868152656987e-03
1.739999999999999991e+00 3.478276419650001561e-01 7.782857668116842896e-03
1.750000000000000000e+00 3.565142079499998284e-01 7.980106126153978588e-03
1.760000000000000009e+00 3.648540255499997942e-01 7.995170197423176126e-03
1.770000000000000018e+00 3.732362235950000828e-01 8.176178136531047844e-03
1.780000000000000027e+00 3.821120433699999874e-01 8.326795542135110792e-03
1.790000000000000036e+00 3.925772831849999589e-01 8.342149870124371952e-03
1.800000000000000044e+00 4.013346601350001874e-01 8.635905129577511191e-03
1.810000000000000053e+00 4.104308536200008128e-01 8.506366860102806265e-03
1.820000000000000062e+00 4.198895893400000356e-01 8.563678967039111897e-03
1.830000000000000071e+00 4.277629081450002868e-01 8.704936776241787785e-03
1.840000000000000080e+00 4.372196741200004011e-01 8.676599409813724739e-03
1.850000000000000089e+00 4.455931457500000858e-01 8.726540277208172727e-03
1.860000000000000098e+00 4.543835182250000049e-01 8.613066082570574461e-03
1.870000000000000107e+00 4.632461312199995795e-01 8.614834655135517050e-03
1.879999999999999893e+00 4.712923734049994096e-01 8.719567246528335189e-03
1.889999999999999902e+00 4.804904950350000759e-01 8.607589431987803727e-03
1.899999999999999911e+00 4.891144459249993637e-01 8.584077190373851085e-03
1.909999999999999920e+00 4.978703235649999392e-01 8.599335046756351880e-03
1.919999999999999929e+00 5.061681587199998722e-01 8.606969666601163929e-03
1.929999999999999938e+00 5.140101917399999554e-01 8.532020732016610057e-03
1.939999999999999947e+00 5.217894061799998040e-01 8.499545807075990084e-03
1.949999999999999956e+00 5.301689345349991367e-01 8.441886855960700764e-03
1.959999999999999964e+00 5.389362219300005696e-01 8.331653124250690962e-03
1.969999999999999973e+00 5.461721200900000461e-01 8.231321127354871217e-03
1.979999999999999982e+00 5.536621441449999237e-01 8.203683993471816774e-03
1.989999999999999991e+00 5.617500834050008773e-01 8.039061903568903850e-03
2.000000000000000000e+00 5.698495425049998619e-01 7.919644173668678386e-03
2.009999999999999787e+00 5.769211342100000195e-01 7.898036999445407283e-03
2.020000000000000018e+00 5.844331310499996102e-01 7.722829884002390018e-03
2.029999999999999805e+00 5.917258717899998022e-01 7.659824382994053979e-03
2.040000000000000036e+00 5.991832166500001833e-01 7.465716391132665164e-03
2.049999999999999822e+00 6.063716567999993812e-01 7.395072935027558782e-03
2.060000000000000053e+00 6.130152510349996531e-01 7.316349486480546588e-03
2.069999999999999840e+00 6.196371382149991058e-01 7.287157232127266029e-03
2.080000000000000071e+00 6.266904385949988443e-01 7.119625414060936665e-03
2.089999999999999858e+00 6.336520676850003753e-01 6.919897403001356619e-03
2.100000000000000089e+00 6.410451335099993653e-01 6.740266297926361498e-03
2.109999999999999876e+00 6.470156704799999714e-01 6.576839915676575485e-03
2.120000000000000107e+00 6.534544299350006913e-01 6.447165584036799318e-03
2.129999999999999893e+00 6.591127433300012495e-01 6.459886487921450392e-03
2.140000000000000124e+00 6.653445723199998829e-01 6.245866652921100090e-03
2.149999999999999911e+00 6.713721368499995235e-01 6.041807254523576427e-03
2.160000000000000142e+00 6.770758619649989152e-01 5.930376443489696579e-03
2.169999999999999929e+00 6.820873821550004212e-01 5.827205346418882527e-03
2.180000000000000160e+00 6.876352352200005846e-01 5.644484724776450621e-03
2.189999999999999947e+00 6.929534157600003574e-01 5.481694122325461889e-03
2.200000000000000178e+00 6.982999137849996707e-01 5.421616254333147186e-03
2.209999999999999964e+00 7.031107042399995510e-01 5.297230321619560839e-03
2.220000000000000195e+00 7.082706788250003882e-01 5.180488181176425011e-03
2.229999999999999982e+00 7.126906740950005315e-01 5.061389144718765089e-03
2.240000000000000213e+00 7.171214614999990022e-01 4.938917556829358797e-03
2.250000000000000000e+00 7.216055841899986500e-01 4.770479561757356123e-03
2.259999999999999787e+00 7.254037590900003218e-01 4.760075614117697564e-03
2.270000000000000018e+00 7.293985901800005278e-01 4.633957234576142545e-03
2.279999999999999805e+00 7.336455789899999358e-01 4.458874438148074937e-03
2.290000000000000036e+00 7.370699052750010472e-01 4.409520498795021885e-03
2.299999999999999822e+00 7.410399982499996652e-01 4.320002881399095072e-03
2.310000000000000053e+00 7.451190347500006306e-01 4.177617923411296001e-03
2.319999999999999840e+00 7.487091089649996478e-01 4.125579039916366098e-03
2.330000000000000071e+00 7.522268577800000910e-01 4.081667625994277009e-03
2.339999999999999858e+00 7.558094273199993385e-01 3.966971404217605260e-03
2.350000000000000089e+00 7.594811528900007325e-01 3.904199871997647391e-03
2.359999999999999876e+00 7.629383093750002898e-01 3.839501012288673056e-03
2.370000000000000107e+00 7.663650984949994527e-01 3.763329266443423901e-03
2.379999999999999893e+00 7.693643829849984295e-01 3.708852652355872775e-03
2.390000000000000124e+00 7.723595068600007663e-01 3.660648319228674598e-03
2.399999999999999911e+00 7.753735844649990439e-01 3.581099757754327081e-03
2.410000000000000142e+00 7.781498934850009652e-01 3.515900979515140194e-03
2.419999999999999929e+00 7.811071467799991508e-01 3.447145739828036924e-03
2.430000000000000160e+00 7.840539250000003735e-01 3.393247371243576956e-03
2.439999999999999947e+00 7.868319734999990045e-01 3.339524499265694724e-03
2.450000000000000178e+00 7.896825757000015544e-01 3.291602892652731923e-03
2.459999999999999964e+00 7.923177203949990366e-01 3.242285086784725805e-03
2.470000000000000195e+00 7.947891688100000573e-01 3.196080065254033528e-03
