1.649999999999999911e+00 4.281326547499999385e-02 3.143006170005807230e-04
1.659999999999999920e+00 4.388050182299994828e-02 3.562128354752830428e-04
1.669999999999999929e+00 4.488678115350001191e-02 3.583706162899813951e-04
1.679999999999999938e+00 4.581260800600005928e-02 3.733331346979851316e-04
1.689999999999999947e+00 4.673469316499999360e-02 3.621494853947127370e-04
1.699999999999999956e+00 4.784167184800008216e-02 4.095787232215749815e-04
1.709999999999999964e+00 4.863233485450003252e-02 4.477168053638122818e-04
1.719999999999999973e+00 4.989274330350000619e-02 4.525200048034528125e-04
1.729999999999999982e+00 5.036632210850002650e-02 4.364569762462730540e-04
1.739999999999999991e+00 5.227185255149997128e-02 5.208433148481084142e-04
1.750000000000000000e+00 5.390902431149999230e-02 5.487865767126255722e-04
1.760000000000000009e+00 5.458407358150000471e-02 5.608421413563830686e-04
1.770000000000000018e+00 5.605124020749991526e-02 5.808340128915683628e-04
1.780000000000000027e+00 5.717601062499996778e-02 5.888407736575170448e-04
1.790000000000000036e+00 5.913221047850003576e-02 7.441286373671091112e-04
1.800000000000000044e+00 6.101296133299990987e-02 7.978608108806577127e-04
1.810000000000000053e+00 6.304475962749994666e-02 9.082644460814092140e-04
1.820000000000000062e+00 6.464743590300002507e-02 8.974522133934246474e-04
1.830000000000000071e+00 6.692647546250000967e-02 1.005904800587599209e-03
1.840000000000000080e+00 6.942029603950007621e-02 1.053877801291454135e-03
1.850000000000000089e+00 7.193993351499999855e-02 1.153152232519641949e-03
1.860000000000000098e+00 7.454760309149996433e-02 1.289960508222459494e-03
1.870000000000000107e+00 7.730252941150010659e-02 1.434106335260856065e-03
1.879999999999999893e+00 7.980509721700003445e-02 1.428845571570402538e-03
1.889999999999999902e+00 8.301713564599992601e-02 1.628114805887185493e-03
1.899999999999999911e+00 8.705635651100003536e-02 1.763474003452887616e-03
1.909999999999999920e+00 9.021475917649984799e-02 1.954906160306418925e-03
1.919999999999999929e+00 9.483991554000005542e-02 2.091758744956576446e-03
1.929999999999999938e+00 9.995264924150007446e-02 2.365064882392368863e-03
1.939999999999999947e+00 1.036629647845001556e-01 2.440528800730623268e-03
1.949999999999999956e+00 1.096220635194999488e-01 2.708176597039223255e-03
1.959999999999999964e+00 1.142965996660000594e-01 2.870860667719818057e-03
1.969999999999999973e+00 1.216748604145000690e-01 3.166535150655971041e-03
1.979999999999999982e+00 1.281642157390001646e-01 3.473438435627059732e-03
1.989999999999999991e+00 1.353387622315000705e-01 3.617749977645338347e-03
2.000000000000000000e+00 1.434998609540001080e-01 3.907480198933257522e-03
2.009999999999999787e+00 1.506688237995001123e-01 4.039199047963734808e-03
2.020000000000000018e+00 1.613081096649998936e-01 4.390494215203235434e-03
2.029999999999999805e+00 1.701843016720000490e-01 4.490562484019304697e-03
2.040000000000000036e+00 1.798071439724998610e-01 4.702354454202741126e-03
2.049999999999999822e+00 1.908351364109999448e-01 4.891221125475739458e-03
2.060000000000000053e+00 2.028750712494998276e-01 5.013346515734044134e-03
2.069999999999999840e+00 2.132982946549999703e-01 5.201069688205553314e-03
2.080000000000000071e+00 2.257130792664999441e-01 5.319130667715594660e-03
2.089999999999999858e+00 2.374963445579998111e-01 5.444227440626638742e-03
2.100000000000000089e+00 2.503513658150000043e-01 5.589444650080921222e-03
2.109999999999999876e+00 2.625541620580000846e-01 5.480006949178399880e-03
2.120000000000000107e+00 2.754171716199998454e-01 5.498387376807433759e-03
2.129999999999999893e+00 2.899278233149999995e-01 5.393983414571361379e-03
2.140000000000000124e+00 3.019440159849998140e-01 5.380289411373217513e-03
2.149999999999999911e+00 3.154011247599995404e-01 5.303157780797768638e-03
2.160000000000000142e+00 3.278285740200000964e-01 5.242131354133819192e-03
2.169999999999999929e+00 3.407356576250001323e-01 5.051715891206628485e-03
2.180000000000000160e+00 3.544948535300002090e-01 4.801299236547104145e-03
2.189999999999999947e+00 3.668611012449999320e-01 4.693013556685872965e-03
2.200000000000000178e+00 3.782752657499999782e-01 4.607951681385371624e-03
2.209999999999999964e+00 3.897915606350004780e-01 4.435169187596600671e-03
2.220000000000000195e+00 4.015745617500003917e-01 4.257635582953832841e-03
2.229999999999999982e+00 4.130133464600000970e-01 4.060817774688496931e-03
2.240000000000000213e+00 4.235155022950004566e-01 3.931382227429422276e-03
2.250000000000000000e+00 4.340266600900003491e-01 3.725738297214022630e-03
2.259999999999999787e+00 4.435531773599996064e-01 3.678746743057100758e-03
2.270000000000000018e+00 4.531507411300004784e-01 3.555864739588277933e-03
2.279999999999999805e+00 4.626895647450006144e-01 3.452323396737190606e-03
2.290000000000000036e+00 4.713856471549996430e-01 3.375734050374441624e-03
2.299999999999999822e+00 4.803325620600001344e-01 3.218988806842005418e-03
2.310000000000000053e+00 4.889728530099992643e-01 3.146217201913415872e-03
2.319999999999999840e+00 4.975595733499999507e-01 3.011673193108616638e-03
2.330000000000000071e+00 5.054937914449996184e-01 2.931398302836557470e-03
2.339999999999999858e+00 5.137520796399993595e-01 2.853265466881846780e-03
