1.159999999999999920e+00 3.341864455850000054e-02 1.271488506002251527e-04
1.169999999999999929e+00 3.370697575099995680e-02 1.305461086230229773e-04
1.179999999999999938e+00 3.433543711149999317e-02 1.464652348155395724e-04
1.189999999999999947e+00 3.495657826499998927e-02 1.393236566537308014e-04
1.199999999999999956e+00 3.533404893699997051e-02 1.492944962064137241e-04
1.209999999999999964e+00 3.613201000699996918e-02 1.562002112697006564e-04
1.219999999999999973e+00 3.652920673349998454e-02 1.690689740348775769e-04
1.229999999999999982e+00 3.724127383800008434e-02 1.637449745193557654e-04
1.239999999999999991e+00 3.783540391649997670e-02 1.585785497827576888e-04
1.250000000000000000e+00 3.836467650349998509e-02 1.685967388129230816e-04
1.260000000000000009e+00 3.924684139449999970e-02 1.836004067335410164e-04
1.270000000000000018e+00 3.959594173150002977e-02 1.818283382046255003e-04
1.280000000000000027e+00 4.054242542999997312e-02 1.975505454972353858e-04
1.290000000000000036e+00 4.143743863849996822e-02 2.013820066324473353e-04
1.300000000000000044e+00 4.195359951349997979e-02 2.080273118760602748e-04
1.310000000000000053e+00 4.260409606699998991e-02 2.447717187699176809e-04
1.320000000000000062e+00 4.346406821000000503e-02 2.339477032677334651e-04
1.330000000000000071e+00 4.415763865000004590e-02 2.123128920044707309e-04
1.340000000000000080e+00 4.503595194649995942e-02 2.461365567591061471e-04
1.350000000000000089e+00 4.587843825350008953e-02 2.520978927250094848e-04
1.360000000000000098e+00 4.693155849250005285e-02 2.728036982239056239e-04
1.370000000000000107e+00 4.818014957399999881e-02 2.701791799635748612e-04
1.379999999999999893e+00 4.923968926099998172e-02 2.937777822305275336e-04
1.389999999999999902e+00 4.980131887950001862e-02 3.040434698494666140e-04
1.399999999999999911e+00 5.099448625350007369e-02 3.024884995689425368e-04
1.409999999999999920e+00 5.205378238500001781e-02 3.278940068797333977e-04
1.419999999999999929e+00 5.339957634049998653e-02 3.478585470409725679e-04
1.429999999999999938e+00 5.495949093999994567e-02 3.495700225331212587e-04
1.439999999999999947e+00 5.554181191449995142e-02 3.695773194576977105e-04
1.449999999999999956e+00 5.767635236100002866e-02 4.204474693713561350e-04
1.459999999999999964e+00 5.863780131799995604e-02 4.348947978201720831e-04
1.469999999999999973e+00 6.011661609799994616e-02 4.338080013206336433e-04
1.479999999999999982e+00 6.172749667599995715e-02 4.696054346107037631e-04
1.489999999999999991e+00 6.332245366500005579e-02 4.887577650718005458e-04
1.500000000000000000e+00 6.540972100350000984e-02 5.497346471957061716e-04
1.510000000000000009e+00 6.718887064499996786e-02 6.213648298894421150e-04
1.520000000000000018e+00 6.929466719399994534e-02 6.608809492340975492e-04
1.530000000000000027e+00 7.175859625500000116e-02 7.339144930821794779e-04
1.540000000000000036e+00 7.393349271800007949e-02 7.941425849732363686e-04
1.550000000000000044e+00 7.645891534199995843e-02 8.291921646425746105e-04
1.560000000000000053e+00 7.965600014149995522e-02 9.588379711021969556e-04
1.570000000000000062e+00 8.131792340299996702e-02 1.022567048889660166e-03
1.580000000000000071e+00 8.463426338850008057e-02 1.132574850167458475e-03
1.590000000000000080e+00 8.818552361449989718e-02 1.206910970747433883e-03
1.600000000000000089e+00 9.198892092600004233e-02 1.373495192002981407e-03
1.610000000000000098e+00 9.534138212300005688e-02 1.551183382658349050e-03
1.620000000000000107e+00 9.988535507199992891e-02 1.780509882433685149e-03
1.629999999999999893e+00 1.048684600900001013e-01 1.845264928653249674e-03
1.639999999999999902e+00 1.087285761509999421e-01 2.081504406742499570e-03
1.649999999999999911e+00 1.161218109515000513e-01 2.400259749269223562e-03
1.659999999999999920e+00 1.217496792945000628e-01 2.650419425721136941e-03
1.669999999999999929e+00 1.285116979360000078e-01 2.895787284382037811e-03
1.679999999999999938e+00 1.364191089534996792e-01 3.114649536222997579e-03
1.689999999999999947e+00 1.440906944989999439e-01 3.357310682782445668e-03
1.699999999999999956e+00 1.522652907105000453e-01 3.690578492858380757e-03
1.709999999999999964e+00 1.605561338244999303e-01 4.122381583683056364e-03
1.719999999999999973e+00 1.717047109924996762e-01 4.341383095679136363e-03
1.729999999999999982e+00 1.825670892765001163e-01 4.651706244663521457e-03
1.739999999999999991e+00 1.944938019940001539e-01 4.881205547758915922e-03
1.750000000000000000e+00 2.041402952500002976e-01 5.217512388787213032e-03
1.760000000000000009e+00 2.169785451155001044e-01 5.402746273578686552e-03
1.770000000000000018e+00 2.307137810160000690e-01 5.710062087453744023e-03
1.780000000000000027e+00 2.435502616840000967e-01 5.871086647836362866e-03
1.790000000000000036e+00 2.593357100340001886e-01 5.961370599435239850e-03
1.800000000000000044e+00 2.737294411100000824e-01 6.202994763087100322e-03
1.810000000000000053e+00 2.903966073399998349e-01 6.316956346277930248e-03
1.820000000000000062e+00 3.066404804000003037e-01 6.327468890309816477e-03
1.830000000000000071e+00 3.230514176549999505e-01 6.415017554988189374e-03
1.840000000000000080e+00 3.377157019300000562e-01 6.467488991318641293e-03
1.850000000000000089e+00 3.542184212449996927e-01 6.400504729527051184e-03
1.860000000000000098e+00 3.699105927699999352e-01 6.360798209968963196e-03
1.870000000000000107e+00 3.855067609049997457e-01 6.241131770794790430e-03
1.879999999999999893e+00 4.006591719799998952e-01 6.188239190407079753e-03
1.889999999999999902e+00 4.151035622449997242e-01 6.042520622076644546e-03
1.899999999999999911e+00 4.297872799849997150e-01 5.951489254458781214e-03
1.909999999999999920e+00 4.440286146749994334e-01 5.699832200750976768e-03
1.919999999999999929e+00 4.586476194300005971e-01 5.431157097159057534e-03
1.929999999999999938e+00 4.723961373850004697e-01 5.225580622394801998e-03
1.939999999999999947e+00 4.852256346249992913e-01 5.024855543812934734e-03
1.949999999999999956e+00 4.969879836200003509e-01 4.910142441096028779e-03
1.959999999999999964e+00 5.096673386199994660e-01 4.624321891094398604e-03
1.969999999999999973e+00 5.203518500300000627e-01 4.540961239900710017e-03
1.979999999999999982e+00 5.324238297099999073e-01 4.180794974174135287e-03
1.989999999999999991e+00 5.423967692700002452e-01 4.113081868718876551e-03
2.000000000000000000e+00 5.527718283200001581e-01 3.905428029927638777e-03
2.009999999999999787e+00 5.624677860350002501e-01 3.729053976533068353e-03
2.020000000000000018e+00 5.720097436350003450e-01 3.588110832098413000e-03
2.029999999999999805e+00 5.814506812200005426e-01 3.443357389723579118e-03
2.040000000000000036e+00 5.899506168400010520e-01 3.322835949328047708e-03
2.049999999999999822e+00 5.983105900799992050e-01 3.196757791899721736e-03
2.060000000000000053e+00 6.063393394649994050e-01 3.074824357317460215e-03
2.069999999999999840e+00 6.139370087349999006e-01 2.990058667849287456e-03
2.080000000000000071e+00 6.214172630300004441e-01 2.880937003447448571e-03
2.089999999999999858e+00 6.285913047900002493e-01 2.784152645930811684e-03
