1.370000000000000107e+00 2.684150932949999624e-02 1.565243592917633410e-04
1.379999999999999893e+00 2.747646157050000551e-02 1.711870006200394466e-04
1.389999999999999902e+00 2.801816660499999168e-02 1.635274128536801520e-04
1.399999999999999911e+00 2.895117055099999392e-02 1.897048719302891584e-04
1.409999999999999920e+00 2.962101701150000183e-02 2.000867996225214442e-04
1.419999999999999929e+00 3.048606935899999398e-02 1.908316679243258227e-04
1.429999999999999938e+00 3.115123417300002390e-02 2.219320185313316770e-04
1.439999999999999947e+00 3.191123126099994906e-02 2.201397674607708790e-04
1.449999999999999956e+00 3.315685144100001536e-02 2.273455638109282283e-04
1.459999999999999964e+00 3.416489617300001030e-02 2.547579247227949603e-04
1.469999999999999973e+00 3.531469949799995178e-02 2.875738529789562993e-04
1.479999999999999982e+00 3.624710503450000176e-02 2.804165635799813687e-04
1.489999999999999991e+00 3.726260365000005209e-02 2.932653507011016413e-04
1.500000000000000000e+00 3.818542879649999139e-02 3.361741761559820102e-04
1.510000000000000009e+00 4.000510131799997482e-02 4.089254788263299643e-04
1.520000000000000018e+00 4.173758002399997891e-02 3.926885350929871501e-04
1.530000000000000027e+00 4.321475793950001892e-02 4.374601422472764877e-04
1.540000000000000036e+00 4.538016293699996540e-02 4.767649201794670923e-04
1.550000000000000044e+00 4.733550970349997833e-02 5.410103277687325915e-04
1.560000000000000053e+00 4.937827789350009156e-02 6.131268429498266644e-04
1.570000000000000062e+00 5.200274349650001182e-02 6.706865928794121046e-04
1.580000000000000071e+00 5.484251478450000161e-02 7.498085769631633634e-04
1.590000000000000080e+00 5.825276444649994667e-02 9.778762081120611401e-04
1.600000000000000089e+00 6.245317167599997304e-02 9.981421467925440886e-04
1.610000000000000098e+00 6.643651714900000727e-02 1.206864878602083649e-03
1.620000000000000107e+00 7.026803529500003087e-02 1.402272947616122053e-03
1.629999999999999893e+00 7.770468433499994054e-02 1.643238607181427523e-03
1.639999999999999902e+00 8.440868425949996090e-02 2.022262461317429934e-03
1.649999999999999911e+00 9.208808619849996602e-02 2.305673395968197304e-03
1.659999999999999920e+00 1.004037671070002469e-01 2.615206179167975289e-03
1.669999999999999929e+00 1.105618040600000324e-01 2.921922310407805770e-03
1.679999999999999938e+00 1.232160244440000108e-01 3.396560956081715824e-03
1.689999999999999947e+00 1.383469341574999623e-01 3.776782708546330778e-03
1.699999999999999956e+00 1.526698116869997512e-01 4.019561881101446632e-03
1.709999999999999964e+00 1.707253142914999522e-01 4.451517856795448279e-03
1.719999999999999973e+00 1.890482816955000034e-01 4.764435906987111308e-03
1.729999999999999982e+00 2.073119960550000584e-01 4.902039980964251198e-03
1.739999999999999991e+00 2.271538272050000473e-01 5.013565232500064549e-03
1.750000000000000000e+00 2.468190558670003976e-01 4.963409057552737973e-03
1.760000000000000009e+00 2.691438804009994579e-01 4.833575310193246634e-03
1.770000000000000018e+00 2.892773496699999614e-01 4.759533980949765680e-03
1.780000000000000027e+00 3.097457589299997816e-01 4.465273076432191811e-03
1.790000000000000036e+00 3.291610327194993135e-01 4.346174542655270936e-03
1.800000000000000044e+00 3.480870085499999655e-01 4.246490833020759477e-03
1.810000000000000053e+00 3.668106982100003965e-01 3.880823928394037687e-03
1.820000000000000062e+00 3.844056931599998395e-01 3.711524947129170564e-03
1.830000000000000071e+00 4.010918337150000679e-01 3.381591968454248417e-03
1.840000000000000080e+00 4.170113814499997185e-01 3.187804264931288958e-03
1.850000000000000089e+00 4.325026226999998391e-01 3.010735612379914199e-03
1.860000000000000098e+00 4.471086439500004950e-01 2.818024923734448444e-03
1.870000000000000107e+00 4.613172494450001881e-01 2.616458907502494484e-03
1.879999999999999893e+00 4.745034289799998639e-01 2.493271009292758432e-03
1.889999999999999902e+00 4.872677847900006576e-01 2.379486088616091562e-03
1.899999999999999911e+00 4.996489228550002881e-01 2.268378039341872356e-03
1.909999999999999920e+00 5.114349282200002511e-01 2.168391079069837465e-03
