5.200000000000000178e-01 1.278695491200000089e-01 1.066229359482203688e-03
5.300000000000000266e-01 1.293166797900001386e-01 1.017217656469769551e-03
5.400000000000000355e-01 1.305283881299999504e-01 1.142282821093710057e-03
5.500000000000000444e-01 1.313726286200000426e-01 1.114818483773345227e-03
5.600000000000000533e-01 1.323201958700002956e-01 1.104879083327511792e-03
5.699999999999999512e-01 1.332490794600000028e-01 1.195636603406617128e-03
5.799999999999999600e-01 1.349074711700001261e-01 1.268263259862293735e-03
5.899999999999999689e-01 1.360847008200000430e-01 1.277730438902716179e-03
5.999999999999999778e-01 1.377062741700000870e-01 1.289551022001343347e-03
6.099999999999999867e-01 1.382843138000000305e-01 1.388135433172845443e-03
6.199999999999999956e-01 1.396997184500000933e-01 1.379366076904205152e-03
6.300000000000000044e-01 1.411972859600001129e-01 1.538678066036194662e-03
6.400000000000000133e-01 1.418560057500000138e-01 1.411502178043250524e-03
6.500000000000000222e-01 1.429639121800000412e-01 1.459468973885654419e-03
6.600000000000000311e-01 1.443771553300002286e-01 1.522262477205650567e-03
6.700000000000000400e-01 1.450962420999999392e-01 1.524636156386235779e-03
6.800000000000000488e-01 1.469668278699998998e-01 1.507654457066791732e-03
6.899999999999999467e-01 1.476954809599997642e-01 1.497687773747945206e-03
6.999999999999999556e-01 1.490663657600000969e-01 1.559680482199613276e-03
7.099999999999999645e-01 1.508089529099999881e-01 1.525924233995658687e-03
7.199999999999999734e-01 1.517544928499999501e-01 1.607127588484304334e-03
7.299999999999999822e-01 1.524788346799999528e-01 1.611932048591408623e-03
7.399999999999999911e-01 1.545061649199997722e-01 1.723898962116454832e-03
7.500000000000000000e-01 1.560453800299999305e-01 1.692254953955488628e-03
7.600000000000000089e-01 1.582867690200000788e-01 1.910602913824020537e-03
7.700000000000000178e-01 1.585035283000002515e-01 1.663873040204719720e-03
7.800000000000000266e-01 1.615987056600001470e-01 1.979683771521388320e-03
7.900000000000000355e-01 1.629981302599998461e-01 1.860267967677481848e-03
8.000000000000000444e-01 1.633529763999998496e-01 1.902941506839092838e-03
8.100000000000000533e-01 1.652005644300003351e-01 1.936918868918439084e-03
8.199999999999999512e-01 1.667721834000001346e-01 1.899342407458707443e-03
8.299999999999999600e-01 1.682105788099997612e-01 1.991023201748809684e-03
8.399999999999999689e-01 1.695664174599999519e-01 1.970749566257253699e-03
8.499999999999999778e-01 1.714697943400000091e-01 2.118162115078063221e-03
8.599999999999999867e-01 1.728678113899998481e-01 2.116527841449518995e-03
8.699999999999999956e-01 1.747107890999999302e-01 2.130361166677046184e-03
8.800000000000000044e-01 1.767993726100000884e-01 2.202656535429996232e-03
8.900000000000000133e-01 1.790457919200000025e-01 2.315830946716339930e-03
9.000000000000000222e-01 1.809871125100002698e-01 2.387033519385893879e-03
9.100000000000000311e-01 1.823746749600002048e-01 2.495801436036885600e-03
9.200000000000000400e-01 1.839606328700002236e-01 2.322742603564774584e-03
9.300000000000000488e-01 1.867506608300002480e-01 2.501423866871625712e-03
9.399999999999999467e-01 1.881845928500000542e-01 2.440312905128024217e-03
9.499999999999999556e-01 1.901518378200000303e-01 2.560886848090570059e-03
9.599999999999999645e-01 1.932295172900000135e-01 2.736183028143609509e-03
9.699999999999999734e-01 1.945836480699999205e-01 2.722970719510769879e-03
9.799999999999999822e-01 1.961842953999998751e-01 2.713059135562964370e-03
9.899999999999999911e-01 1.986827530200002967e-01 2.846874917767076418e-03
1.000000000000000000e+00 2.003609697100001974e-01 2.804538603847630401e-03
1.010000000000000009e+00 2.033861091200004079e-01 2.871086625355743875e-03
1.020000000000000018e+00 2.043604983199998337e-01 2.881659004685628578e-03
1.030000000000000027e+00 2.056797888399999052e-01 2.847353267291614139e-03
1.040000000000000036e+00 2.096747084099999658e-01 3.035846700841855934e-03
1.050000000000000044e+00 2.108240964299999687e-01 3.002657398804792731e-03
1.060000000000000053e+00 2.135668722900003480e-01 2.919697013792606991e-03
1.070000000000000062e+00 2.151355391999998645e-01 3.095147449264664882e-03
1.080000000000000071e+00 2.172335933800000340e-01 3.136730372038661931e-03
1.090000000000000080e+00 2.203825193200001087e-01 3.361067103980451120e-03
1.100000000000000089e+00 2.219306627500003681e-01 3.296887640419025184e-03
1.110000000000000098e+00 2.246958171400002258e-01 3.406061730106895672e-03
1.120000000000000107e+00 2.285485375500001803e-01 3.736027356117578840e-03
1.129999999999999893e+00 2.305205390199999704e-01 3.786605151519501552e-03
1.139999999999999902e+00 2.330672137599999749e-01 3.992579628934747604e-03
1.149999999999999911e+00 2.336878604300001439e-01 4.076048985040771691e-03
1.159999999999999920e+00 2.387242351200001833e-01 4.124171318220272442e-03
1.169999999999999929e+00 2.398672298900001720e-01 4.292875848677104970e-03
1.179999999999999938e+00 2.439766760300000614e-01 4.508577998102272430e-03
1.189999999999999947e+00 2.470752680699998816e-01 4.729551094121944854e-03
1.199999999999999956e+00 2.494764855299998751e-01 4.870212146960961261e-03
1.209999999999999964e+00 2.524629345399999614e-01 5.099303917379661294e-03
1.219999999999999973e+00 2.562169944200001770e-01 5.378749855185371680e-03
1.229999999999999982e+00 2.579408537799998125e-01 5.494476994717506155e-03
1.239999999999999991e+00 2.606395811899997472e-01 5.498698757120901344e-03
1.250000000000000000e+00 2.649637826400001450e-01 5.839629484966549385e-03
1.260000000000000009e+00 2.673070470600000803e-01 5.995314054777376930e-03
1.270000000000000018e+00 2.699562124000001728e-01 6.167160582920574313e-03
1.280000000000000027e+00 2.735834818800001456e-01 6.380093635583376603e-03
1.290000000000000036e+00 2.775446985700002478e-01 6.492554082037996395e-03
1.300000000000000044e+00 2.804919185299998841e-01 6.832187794043980723e-03
1.310000000000000053e+00 2.859480674099997288e-01 7.002142816924889109e-03
1.320000000000000062e+00 2.876600088200002014e-01 7.130451205983616772e-03
1.330000000000000071e+00 2.917431053399994756e-01 7.646487944624674044e-03
1.340000000000000080e+00 2.947896311200002839e-01 7.575459904948314734e-03
1.350000000000000089e+00 2.988565915099999915e-01 7.879295642691038978e-03
1.360000000000000098e+00 3.016232143300001667e-01 8.114953772057467707e-03
1.370000000000000107e+00 3.063751308799998463e-01 8.157379341144622292e-03
1.379999999999999893e+00 3.081663967299997919e-01 8.360393669227866517e-03
1.389999999999999902e+00 3.119253579400000920e-01 8.466312893008772975e-03
1.399999999999999911e+00 3.151496265500007277e-01 8.525291340501154128e-03
1.409999999999999920e+00 3.194085259499997997e-01 8.644773307772675094e-03
1.419999999999999929e+00 3.233037616899996913e-01 8.712036665454420126e-03
1.429999999999999938e+00 3.248739134999997780e-01 8.875606102703895162e-03
1.439999999999999947e+00 3.304178427200002988e-01 8.877893875700154300e-03
1.449999999999999956e+00 3.348996571200002492e-01 9.114715744136313996e-03
1.459999999999999964e+00 3.384686322699998473e-01 9.240041794155372593e-03
1.469999999999999973e+00 3.422341229600002199e-01 9.309938885566595990e-03
1.479999999999999982e+00 3.457920611500001629e-01 9.416774246199634615e-03
1.489999999999999991e+00 3.497802545399998353e-01 9.628612266259398145e-03
1.500000000000000000e+00 3.553550807799997768e-01 9.617538246906377417e-03
1.510000000000000009e+00 3.575660594099994150e-01 9.844957984191677475e-03
1.520000000000000018e+00 3.615556947499999896e-01 9.886542782782219152e-03
1.530000000000000027e+00 3.664822040500003153e-01 1.000343130179797736e-02
1.540000000000000036e+00 3.699696001700001902e-01 1.019807868641539605e-02
1.550000000000000044e+00 3.730697530799997885e-01 1.037793724432525648e-02
1.560000000000000053e+00 3.765130943600002444e-01 1.042254868440815191e-02
1.570000000000000062e+00 3.816705124799993354e-01 1.046172966518451979e-02
1.580000000000000071e+00 3.849483737499999614e-01 1.066208363663399480e-02
1.590000000000000080e+00 3.900145518100002762e-01 1.076756630615033003e-02
1.600000000000000089e+00 3.932410740999999765e-01 1.102558234668478583e-02
1.610000000000000098e+00 3.955638200700005158e-01 1.125278396728580585e-02
1.620000000000000107e+00 4.011178333899999005e-01 1.123807872860406627e-02
1.629999999999999893e+00 4.042799529699995786e-01 1.135558239847249580e-02
1.639999999999999902e+00 4.092338965999995359e-01 1.155889325952406434e-02
1.649999999999999911e+00 4.135238584200003342e-01 1.189706170742519699e-02
1.659999999999999920e+00 4.181398152399996571e-01 1.203581398269101474e-02
1.669999999999999929e+00 4.224192788099999651e-01 1.206584991695758800e-02
1.679999999999999938e+00 4.267086462399996560e-01 1.226858971743397669e-02
1.689999999999999947e+00 4.301715497199998794e-01 1.239534097943318335e-02
1.699999999999999956e+00 4.353834941199999364e-01 1.254610087373455966e-02
1.709999999999999964e+00 4.391929994300009521e-01 1.268484456334455571e-02
1.719999999999999973e+00 4.426133382599998778e-01 1.276264894646435971e-02
1.729999999999999982e+00 4.470143027799993729e-01 1.278252286206405658e-02
1.739999999999999991e+00 4.507238233000007144e-01 1.304857756320127772e-02
1.750000000000000000e+00 4.553089909100004884e-01 1.316090567998300445e-02
1.760000000000000009e+00 4.584494910800005485e-01 1.342793534486039740e-02
1.770000000000000018e+00 4.629515763799996741e-01 1.349006232326198720e-02
1.780000000000000027e+00 4.671379888800002989e-01 1.350803417025472214e-02
1.790000000000000036e+00 4.702569996599997859e-01 1.363604516121250110e-02
1.800000000000000044e+00 4.733616501600003690e-01 1.377566963536008132e-02
1.810000000000000053e+00 4.779491610399995705e-01 1.390743566648810180e-02
1.820000000000000062e+00 4.812925323900005270e-01 1.400414036742626128e-02
1.830000000000000071e+00 4.864018446000003548e-01 1.414130640062799364e-02
1.840000000000000080e+00 4.911119220200006463e-01 1.418015596419619148e-02
1.850000000000000089e+00 4.978808012400000038e-01 1.424231879503245167e-02
1.860000000000000098e+00 5.023900546699999747e-01 1.436518866399128826e-02
1.870000000000000107e+00 5.060246172300002510e-01 1.453706496423459553e-02
1.879999999999999893e+00 5.113190348400000751e-01 1.447750986653821743e-02
1.889999999999999902e+00 5.149643084900001888e-01 1.455345264805143514e-02
1.899999999999999911e+00 5.192339629300003478e-01 1.466573110551732187e-02
1.909999999999999920e+00 5.241664021300003196e-01 1.466910945160273747e-02
1.919999999999999929e+00 5.289305684400005259e-01 1.454464721737713621e-02
1.929999999999999938e+00 5.309540475100000823e-01 1.469280024312372146e-02
1.939999999999999947e+00 5.345561545600003850e-01 1.475455775596709769e-02
1.949999999999999956e+00 5.393933084899996677e-01 1.479361232383169522e-02
1.959999999999999964e+00 5.434307495999993742e-01 1.480808976500944639e-02
1.969999999999999973e+00 5.474217914700002519e-01 1.480618473420325897e-02
1.979999999999999982e+00 5.519957944400002425e-01 1.476467171456947308e-02
1.989999999999999991e+00 5.556110174899996368e-01 1.484430919280224810e-02
2.000000000000000000e+00 5.596218915000003014e-01 1.479587648243226895e-02
2.009999999999999787e+00 5.646679395100001608e-01 1.492425235607721876e-02
2.020000000000000018e+00 5.689692084700006536e-01 1.496071017124077362e-02
2.029999999999999805e+00 5.726770698499999979e-01 1.506542605214739559e-02
2.040000000000000036e+00 5.767553665900002624e-01 1.501685034252703277e-02
2.049999999999999822e+00 5.813346050900003448e-01 1.519375169184969919e-02
2.060000000000000053e+00 5.852924156699996772e-01 1.518607317909131255e-02
2.069999999999999840e+00 5.900378989799990315e-01 1.520195052904843060e-02
2.080000000000000071e+00 5.948250816199994739e-01 1.525709746560497369e-02
2.089999999999999858e+00 5.983252520500006444e-01 1.528163465149940184e-02
2.100000000000000089e+00 6.016843758699996769e-01 1.527822169523355110e-02
2.109999999999999876e+00 6.046582107099992554e-01 1.544632018170207302e-02
2.120000000000000107e+00 6.084735238700004212e-01 1.541420958729183832e-02
2.129999999999999893e+00 6.121364489599995240e-01 1.547505196285607100e-02
2.140000000000000124e+00 6.159058219900002129e-01 1.549116554380489987e-02
2.149999999999999911e+00 6.200018632300013932e-01 1.561472707314199085e-02
2.160000000000000142e+00 6.241803491600003140e-01 1.549711264716467120e-02
2.169999999999999929e+00 6.263195782300001735e-01 1.576299447759603803e-02
2.180000000000000160e+00 6.318223955699999728e-01 1.556568327595179123e-02
2.189999999999999947e+00 6.353344806200001971e-01 1.548734394124706183e-02
2.200000000000000178e+00 6.385766896099995815e-01 1.543883936977713360e-02
2.209999999999999964e+00 6.423973044100006469e-01 1.545445997565523741e-02
2.220000000000000195e+00 6.463418596100003466e-01 1.543668163468488348e-02
2.229999999999999982e+00 6.506663398799988896e-01 1.528744470770156128e-02
2.240000000000000213e+00 6.534260640599994785e-01 1.533388492531948671e-02
2.250000000000000000e+00 6.560094817999998495e-01 1.539983693751249307e-02
2.259999999999999787e+00 6.600272892899994304e-01 1.534714996978938338e-02
2.270000000000000018e+00 6.640145709499998272e-01 1.523656802628928393e-02
2.279999999999999805e+00 6.672229815799990416e-01 1.517946039526018448e-02
2.290000000000000036e+00 6.710070070700000500e-01 1.501921946221956676e-02
2.299999999999999822e+00 6.745825521099986233e-01 1.490785709743088633e-02
2.310000000000000053e+00 6.775508153100008313e-01 1.487367577777964738e-02
2.319999999999999840e+00 6.805612365299993360e-01 1.483407715569750283e-02
2.330000000000000071e+00 6.832231858599998597e-01 1.488799056926716144e-02
2.339999999999999858e+00 6.866595549799994203e-01 1.483298463662855587e-02
2.350000000000000089e+00 6.902238960900004550e-01 1.475761895946420439e-02
2.359999999999999876e+00 6.930797074300004690e-01 1.470110886196854261e-02
2.370000000000000107e+00 6.956387996599991963e-01 1.474891434592245573e-02
2.379999999999999893e+00 6.988026234599997721e-01 1.457125210394566960e-02
2.390000000000000124e+00 7.012442279399991873e-01 1.455712248169094107e-02
2.399999999999999911e+00 7.043234922399996822e-01 1.447469446915312756e-02
2.410000000000000142e+00 7.072167742800007373e-01 1.439718226876721997e-02
2.419999999999999929e+00 7.092932717000006715e-01 1.442158632579365954e-02
2.430000000000000160e+00 7.119000338600000033e-01 1.436265260323100167e-02
2.439999999999999947e+00 7.151214233899987338e-01 1.415833587716902424e-02
2.450000000000000178e+00 7.174328932700001493e-01 1.410659398954209297e-02
2.459999999999999964e+00 7.197237530999998079e-01 1.412896694500843063e-02
2.470000000000000195e+00 7.225544125099997439e-01 1.406949755570787580e-02
2.479999999999999982e+00 7.249239001700007456e-01 1.405166161059021208e-02
2.490000000000000213e+00 7.277121036900000561e-01 1.399382288148835925e-02
2.500000000000000000e+00 7.310014572100005381e-01 1.381971889781416149e-02
2.509999999999999787e+00 7.334594373300000747e-01 1.369911237798965634e-02
2.520000000000000018e+00 7.355668018299995614e-01 1.368869446208411701e-02
2.529999999999999805e+00 7.377665096699995706e-01 1.373562973778044531e-02
2.540000000000000036e+00 7.406138567300012410e-01 1.362401750503197673e-02
2.549999999999999822e+00 7.439970103699998782e-01 1.341768414080850291e-02
2.560000000000000053e+00 7.459955380100000699e-01 1.341116363707678047e-02
2.569999999999999840e+00 7.482896525100000140e-01 1.339920214968402454e-02
2.580000000000000071e+00 7.510766942500007870e-01 1.329663032814713472e-02
2.589999999999999858e+00 7.543366999100002968e-01 1.303402267241703279e-02
2.600000000000000089e+00 7.568352675100001870e-01 1.301979444605614114e-02
2.609999999999999876e+00 7.592166239999990074e-01 1.293984811060607323e-02
2.620000000000000107e+00 7.619131710299995586e-01 1.270871957983305163e-02
2.629999999999999893e+00 7.635670213900002112e-01 1.274193552440753933e-02
2.640000000000000124e+00 7.652096111499999687e-01 1.275957467923687950e-02
2.649999999999999911e+00 7.677667336800000353e-01 1.254939099639036486e-02
2.660000000000000142e+00 7.697234585900010195e-01 1.249763395204138601e-02
2.669999999999999929e+00 7.712984428200008180e-01 1.246073700553169440e-02
2.680000000000000160e+00 7.743861063599989381e-01 1.222409563632670046e-02
2.689999999999999947e+00 7.758821977600011133e-01 1.226283334568664500e-02
2.700000000000000178e+00 7.781797593400004986e-01 1.208829445460604148e-02
2.709999999999999964e+00 7.795917922700000835e-01 1.210735245538145828e-02
2.720000000000000195e+00 7.813933663500001181e-01 1.204551746154958365e-02
2.729999999999999982e+00 7.839393078800004355e-01 1.181210755079783320e-02
2.740000000000000213e+00 7.854765534000004434e-01 1.181653288612985638e-02
2.750000000000000000e+00 7.876871358000012702e-01 1.169656031769032538e-02
2.759999999999999787e+00 7.896488882100008988e-01 1.159219935887490296e-02
2.770000000000000018e+00 7.917983304900003683e-01 1.147097146937960631e-02
2.779999999999999805e+00 7.937965343900008630e-01 1.133228472022625166e-02
2.790000000000000036e+00 7.963138428700001770e-01 1.108443267111939787e-02
2.799999999999999822e+00 7.986010649899997205e-01 1.091936716580240579e-02
2.810000000000000053e+00 8.006716717600002031e-01 1.079108070901269034e-02
2.819999999999999840e+00 8.020949134899993949e-01 1.078453187548584005e-02
2.830000000000000071e+00 8.040688370000002028e-01 1.066725193108286965e-02
2.839999999999999858e+00 8.057459547300009906e-01 1.061687185573620233e-02
2.850000000000000089e+00 8.071360643100002896e-01 1.063652881559876834e-02
2.859999999999999876e+00 8.089122955099999901e-01 1.051423002302432838e-02
2.870000000000000107e+00 8.109180674100003872e-01 1.040471262905975393e-02
2.879999999999999893e+00 8.123095728899993873e-01 1.040214411112865348e-02
2.890000000000000124e+00 8.149036848700006441e-01 1.018765763052808387e-02
2.899999999999999911e+00 8.162704654900014845e-01 1.019226522954400603e-02
2.910000000000000142e+00 8.176838880999997006e-01 1.018782993252516887e-02
2.919999999999999929e+00 8.192953675100008715e-01 1.010474439811516814e-02
2.930000000000000160e+00 8.207439938100009602e-01 1.009950810643037329e-02
2.939999999999999947e+00 8.224031690899999969e-01 1.005375526975633461e-02
2.950000000000000178e+00 8.242619609999994879e-01 9.921696897527693473e-03
2.959999999999999964e+00 8.259523227199997431e-01 9.798638509731420407e-03
2.970000000000000195e+00 8.277550822299998279e-01 9.715993999537384310e-03
2.979999999999999982e+00 8.295653055300006296e-01 9.621890497148151769e-03
2.990000000000000213e+00 8.311688509099997013e-01 9.512093396929714034e-03
3.000000000000000000e+00 8.325416949100002961e-01 9.445965176721396808e-03
3.009999999999999787e+00 8.342005082900013635e-01 9.315812926865934401e-03
3.020000000000000018e+00 8.358838242999990786e-01 9.205777579369791783e-03
3.029999999999999805e+00 8.372656248899992271e-01 9.125319811997378849e-03
3.040000000000000036e+00 8.390696652899996000e-01 8.973198005463369278e-03
3.049999999999999822e+00 8.402953170200004873e-01 8.947131554932969896e-03
3.060000000000000053e+00 8.416766527399996978e-01 8.878900400367676846e-03
3.069999999999999840e+00 8.430062529399999782e-01 8.822008131597612254e-03
3.080000000000000071e+00 8.434979215800003649e-01 8.799813214810957296e-03
3.089999999999999858e+00 8.451209150899995359e-01 8.698381100131243396e-03
3.100000000000000089e+00 8.464329420800007497e-01 8.652703257580824162e-03
3.109999999999999876e+00 8.476347492300008168e-01 8.590740277399750227e-03
3.120000000000000107e+00 8.488115164199998564e-01 8.540606238032847838e-03
3.129999999999999893e+00 8.499855466500018109e-01 8.495072052972573590e-03
3.140000000000000124e+00 8.509824885300000252e-01 8.480800381425469478e-03
3.149999999999999911e+00 8.524119271100005779e-01 8.363658244367326230e-03
3.160000000000000142e+00 8.534750370199996050e-01 8.324987472877576344e-03
3.169999999999999929e+00 8.544287527900003010e-01 8.306538301276696762e-03
3.180000000000000160e+00 8.555636080999993176e-01 8.249382457746047212e-03
3.189999999999999947e+00 8.564651938699997524e-01 8.249386713535660290e-03
3.200000000000000178e+00 8.575971859400001174e-01 8.185128566442285286e-03
3.209999999999999964e+00 8.589099963200002019e-01 8.133802484132294022e-03
3.220000000000000195e+00 8.600103840199990746e-01 8.075858397111152984e-03
3.229999999999999982e+00 8.610786271699989447e-01 7.999056301884806264e-03
3.240000000000000213e+00 8.620589221200016805e-01 7.953854422914239872e-03
3.250000000000000000e+00 8.628521155000000720e-01 7.951133653719504729e-03
3.259999999999999787e+00 8.639301461099992974e-01 7.895450151213963264e-03
3.270000000000000018e+00 8.644136175300007885e-01 7.918736899661287312e-03
3.279999999999999805e+00 8.653220888400015021e-01 7.910041835167655119e-03
3.290000000000000036e+00 8.662599095099984270e-01 7.867571363520340852e-03
3.299999999999999822e+00 8.677516028999988640e-01 7.856573934098207146e-03
3.310000000000000053e+00 8.691480591999991567e-01 7.745105078145545115e-03
3.319999999999999840e+00 8.699739348899999669e-01 7.739723763724835545e-03
3.330000000000000071e+00 8.708465984299996743e-01 7.721768775919307486e-03
3.339999999999999858e+00 8.718075979300007328e-01 7.656300173538498240e-03
3.350000000000000089e+00 8.727352647599995183e-01 7.608346754750600766e-03
3.359999999999999876e+00 8.736449270000010703e-01 7.603472537556377024e-03
3.370000000000000107e+00 8.744732280299998273e-01 7.590378953935219934e-03
3.379999999999999893e+00 8.752139628999995313e-01 7.602006525639101384e-03
3.390000000000000124e+00 8.761522060299993253e-01 7.517624970484029605e-03
3.399999999999999911e+00 8.770350533000002002e-01 7.459655537568892110e-03
3.410000000000000142e+00 8.779766362000004376e-01 7.435820812718279930e-03
3.419999999999999929e+00 8.788143051599993649e-01 7.386865595857654287e-03
3.430000000000000160e+00 8.796784418000014316e-01 7.319249308388042427e-03
3.439999999999999947e+00 8.811150990600005173e-01 7.187992248365342868e-03
3.450000000000000178e+00 8.819493761900003559e-01 7.131274239702611872e-03
3.459999999999999964e+00 8.827381317000010386e-01 7.094433375496798401e-03
3.470000000000000195e+00 8.835661568799999532e-01 7.033115595461638704e-03
3.479999999999999982e+00 8.844351452699988902e-01 6.966102444748233959e-03
3.490000000000000213e+00 8.852624866400002901e-01 6.919308601809236875e-03
3.500000000000000000e+00 8.860295417000005891e-01 6.884637686686415937e-03
3.509999999999999787e+00 8.868364614800012813e-01 6.828362143333023548e-03
3.520000000000000018e+00 8.876055372799992460e-01 6.786501528222805245e-03
3.529999999999999805e+00 8.883516316500001953e-01 6.746015130080028517e-03
3.540000000000000036e+00 8.890338818999986570e-01 6.727352707340264297e-03
3.549999999999999822e+00 8.897672654400007319e-01 6.686083599254453134e-03
3.560000000000000053e+00 8.905073966599992286e-01 6.631475200778256390e-03
3.569999999999999840e+00 8.911917306500007907e-01 6.598557795105509764e-03
3.580000000000000071e+00 8.918878818300003397e-01 6.562227085105466415e-03
3.589999999999999858e+00 8.925749038599989360e-01 6.523117895588112503e-03
3.600000000000000089e+00 8.932834900800004085e-01 6.475359771484314776e-03
3.609999999999999876e+00 8.939955552500002955e-01 6.429208849379020735e-03
3.620000000000000107e+00 8.947683615800003931e-01 6.363387662180874232e-03
3.629999999999999893e+00 8.954637164200002220e-01 6.329978719604003115e-03
3.640000000000000124e+00 8.961931537599995279e-01 6.272994710868657828e-03
3.649999999999999911e+00 8.969285909300005466e-01 6.211460620518070332e-03
3.660000000000000142e+00 8.976109222600003879e-01 6.167740325574968575e-03
3.669999999999999929e+00 8.983131588200014006e-01 6.106333381398438252e-03
3.680000000000000160e+00 8.989243863800002732e-01 6.086603485849844189e-03
3.689999999999999947e+00 8.996368731899997417e-01 6.010568967428208710e-03
3.700000000000000178e+00 9.002989235800004097e-01 5.960907529108517948e-03
