8.599999999999999867e-01 9.236610718600009318e-02 5.263669751720829581e-04
8.699999999999999956e-01 9.251465392299995649e-02 5.824968204671481615e-04
8.800000000000000044e-01 9.381583694800015027e-02 5.743040215607224819e-04
8.900000000000000133e-01 9.521813318300009765e-02 5.709203122230189663e-04
9.000000000000000222e-01 9.582472412700021591e-02 6.432706757216126014e-04
9.100000000000000311e-01 9.720095685000003372e-02 5.967448332647735509e-04
9.200000000000000400e-01 9.848191894099996013e-02 6.563533307309599076e-04
9.300000000000000488e-01 9.947850203000001279e-02 6.663067915503596275e-04
9.399999999999999467e-01 1.005733128729999620e-01 6.603560440156255266e-04
9.499999999999999556e-01 1.016640387259999112e-01 6.977429645577678608e-04
9.599999999999999645e-01 1.026531057590001073e-01 7.578310885200941838e-04
9.699999999999999734e-01 1.038841695930000225e-01 7.618534372626550649e-04
9.799999999999999822e-01 1.062259627920000143e-01 7.832159340963261961e-04
9.899999999999999911e-01 1.062945873150000636e-01 7.286595765135734162e-04
1.000000000000000000e+00 1.075284283419999098e-01 7.768348732069045798e-04
1.010000000000000009e+00 1.086086874850000633e-01 8.320093370629438358e-04
1.020000000000000018e+00 1.100866434219998774e-01 9.526549233530730819e-04
1.030000000000000027e+00 1.118149679510001548e-01 8.448946560947518834e-04
1.040000000000000036e+00 1.129163774109999963e-01 9.455379631677943110e-04
1.050000000000000044e+00 1.143760084840000496e-01 9.926962189823079243e-04
1.060000000000000053e+00 1.158784887829999721e-01 1.028271174907125548e-03
1.070000000000000062e+00 1.177217433979998590e-01 1.189060094663444865e-03
1.080000000000000071e+00 1.189252061880000100e-01 1.084458000575043218e-03
1.090000000000000080e+00 1.203176515959999693e-01 1.170318945914555070e-03
1.100000000000000089e+00 1.220887109879999627e-01 1.091164573597442266e-03
1.110000000000000098e+00 1.240705605400000411e-01 1.195839641119037606e-03
1.120000000000000107e+00 1.258740022999999542e-01 1.302093411646842525e-03
1.129999999999999893e+00 1.274691427600001536e-01 1.320772152639650707e-03
1.139999999999999902e+00 1.290948840699999989e-01 1.313357034768512311e-03
1.149999999999999911e+00 1.308461164700001345e-01 1.460843240874610703e-03
1.159999999999999920e+00 1.324913183400000527e-01 1.503438583426155647e-03
1.169999999999999929e+00 1.344371961099998236e-01 1.514167319521184107e-03
1.179999999999999938e+00 1.365550130900000936e-01 1.641993631391837263e-03
1.189999999999999947e+00 1.385141118399997595e-01 1.754939433735598067e-03
1.199999999999999956e+00 1.405813941399998435e-01 1.706551080127239640e-03
1.209999999999999964e+00 1.425288982300001450e-01 1.850102539756317719e-03
1.219999999999999973e+00 1.458397556100000381e-01 1.941126227267157183e-03
1.229999999999999982e+00 1.485461729200002190e-01 2.029106189739923131e-03
1.239999999999999991e+00 1.501230147599999232e-01 1.999680713570825465e-03
1.250000000000000000e+00 1.527068450100000641e-01 2.164854686345758349e-03
1.260000000000000009e+00 1.557478632900002047e-01 2.223301003084125847e-03
1.270000000000000018e+00 1.582472882599997577e-01 2.284981001947055529e-03
1.280000000000000027e+00 1.614490657799997619e-01 2.443760185155246720e-03
1.290000000000000036e+00 1.640229461699999058e-01 2.613149878130799353e-03
1.300000000000000044e+00 1.666480388099999543e-01 2.901337452967867134e-03
1.310000000000000053e+00 1.695230610000000582e-01 2.988884638975415793e-03
1.320000000000000062e+00 1.729176696699997740e-01 2.981070475959361494e-03
1.330000000000000071e+00 1.747046752199997721e-01 3.148031867485926328e-03
1.340000000000000080e+00 1.786254895199997084e-01 3.533101517242659591e-03
1.350000000000000089e+00 1.828896969299998732e-01 3.725870654925945123e-03
1.360000000000000098e+00 1.850431962400002073e-01 3.792313701670978546e-03
1.370000000000000107e+00 1.882653418899998266e-01 3.931291239149618463e-03
1.379999999999999893e+00 1.925816577700000809e-01 4.096942234083555609e-03
1.389999999999999902e+00 1.962300272099999354e-01 4.109923630200410655e-03
1.399999999999999911e+00 1.986743285100000811e-01 4.325485380298777285e-03
1.409999999999999920e+00 2.024390024099996799e-01 4.386681794462904231e-03
1.419999999999999929e+00 2.056265650700005165e-01 4.345657242542655396e-03
1.429999999999999938e+00 2.116708354699996242e-01 4.786737415768655725e-03
1.439999999999999947e+00 2.152420629400004226e-01 4.652750416447216757e-03
1.449999999999999956e+00 2.187319483400000375e-01 4.982185275108753572e-03
1.459999999999999964e+00 2.244167876099998904e-01 5.256535643078215359e-03
1.469999999999999973e+00 2.284230740800000381e-01 5.556191804942205159e-03
1.479999999999999982e+00 2.333455980899998006e-01 5.531712653979371785e-03
1.489999999999999991e+00 2.378504590500001292e-01 5.742743383231245155e-03
1.500000000000000000e+00 2.443105364399998369e-01 5.920406122238240816e-03
1.510000000000000009e+00 2.475698565399998274e-01 6.268801852409739209e-03
1.520000000000000018e+00 2.537367380200000744e-01 6.487820597793771127e-03
1.530000000000000027e+00 2.590282080899998229e-01 6.602441335039438593e-03
1.540000000000000036e+00 2.637660412400001375e-01 7.297544869116274167e-03
1.550000000000000044e+00 2.714544393499997987e-01 7.395163170960874534e-03
1.560000000000000053e+00 2.765245850699997177e-01 7.643745568537628834e-03
1.570000000000000062e+00 2.815045869299999115e-01 7.875471851058912787e-03
1.580000000000000071e+00 2.880506707800000732e-01 8.288215759637361513e-03
1.590000000000000080e+00 2.949017324099998394e-01 8.478468030570873379e-03
1.600000000000000089e+00 3.007142696800000348e-01 8.952672946320985176e-03
1.610000000000000098e+00 3.079848799000002857e-01 9.177934135176984629e-03
1.620000000000000107e+00 3.160747885499998744e-01 9.388116440051151937e-03
1.629999999999999893e+00 3.205142818299998586e-01 9.755283591779363370e-03
1.639999999999999902e+00 3.291469103399999874e-01 9.885339333811660537e-03
1.649999999999999911e+00 3.342127986700002551e-01 1.014200603829992428e-02
1.659999999999999920e+00 3.421731593200003640e-01 1.030695937589972029e-02
1.669999999999999929e+00 3.493345066500001539e-01 1.067775561624455076e-02
1.679999999999999938e+00 3.557964972600001774e-01 1.075311953376618772e-02
1.689999999999999947e+00 3.650785227000006294e-01 1.124035064716948605e-02
1.699999999999999956e+00 3.727777681999999149e-01 1.142070498336892823e-02
1.709999999999999964e+00 3.811824434699994102e-01 1.163681347927570699e-02
1.719999999999999973e+00 3.915498734999994790e-01 1.175419971297350825e-02
1.729999999999999982e+00 3.972495831200001937e-01 1.203275428361222539e-02
1.739999999999999991e+00 4.057015899900003886e-01 1.211223557068584304e-02
1.750000000000000000e+00 4.132802195399999379e-01 1.230242202166727077e-02
1.760000000000000009e+00 4.204116639299998459e-01 1.243906760028126723e-02
1.770000000000000018e+00 4.303815040800000880e-01 1.256865980880944936e-02
1.780000000000000027e+00 4.383086553099998506e-01 1.247515249635569937e-02
1.790000000000000036e+00 4.456731845599999353e-01 1.265267079983145582e-02
1.800000000000000044e+00 4.536975384200003236e-01 1.261125078530208297e-02
1.810000000000000053e+00 4.612850017399998115e-01 1.259364215809205025e-02
1.820000000000000062e+00 4.681072855200000271e-01 1.253358009490456414e-02
1.830000000000000071e+00 4.761683826800005570e-01 1.250487727327148635e-02
1.840000000000000080e+00 4.848616687499996969e-01 1.253703284637268205e-02
1.850000000000000089e+00 4.910134850599995326e-01 1.268438167978614729e-02
1.860000000000000098e+00 5.006040325700004123e-01 1.255669115232804951e-02
1.870000000000000107e+00 5.088977520700000978e-01 1.251891076575008081e-02
1.879999999999999893e+00 5.167421755500004599e-01 1.248597736743614628e-02
1.889999999999999902e+00 5.242824810400000812e-01 1.259828398684284360e-02
1.899999999999999911e+00 5.307589135399993774e-01 1.260195929241273230e-02
1.909999999999999920e+00 5.367423117799997589e-01 1.273130940525604368e-02
1.919999999999999929e+00 5.438924861400008526e-01 1.272768411267034654e-02
1.929999999999999938e+00 5.504483545799998545e-01 1.288760620554117026e-02
1.939999999999999947e+00 5.565811227999988287e-01 1.288379639435538113e-02
1.949999999999999956e+00 5.646174669500001464e-01 1.280370603506257414e-02
1.959999999999999964e+00 5.705212635799996601e-01 1.278340819423017319e-02
1.969999999999999973e+00 5.769420362099996202e-01 1.283337332229843135e-02
1.979999999999999982e+00 5.828955370399999669e-01 1.276701769843549723e-02
1.989999999999999991e+00 5.898365036999999589e-01 1.280958730736019187e-02
2.000000000000000000e+00 5.958410513899995431e-01 1.277578837031936865e-02
2.009999999999999787e+00 6.023757916000000989e-01 1.255599155446182960e-02
2.020000000000000018e+00 6.088526827099995931e-01 1.254139313088514437e-02
2.029999999999999805e+00 6.135578673599997312e-01 1.260569996156081334e-02
2.040000000000000036e+00 6.199940476099993214e-01 1.244435050967850238e-02
2.049999999999999822e+00 6.253429868200004460e-01 1.238033511531552548e-02
2.060000000000000053e+00 6.303452843100002534e-01 1.222943912648556848e-02
2.069999999999999840e+00 6.374987482400011896e-01 1.186170237721427545e-02
2.080000000000000071e+00 6.414449887999992272e-01 1.195252818842233375e-02
2.089999999999999858e+00 6.478442528299994674e-01 1.169479597805036901e-02
2.100000000000000089e+00 6.527011743599995253e-01 1.160188607601390226e-02
2.109999999999999876e+00 6.589693256699997725e-01 1.128973250211914511e-02
2.120000000000000107e+00 6.652143341100003049e-01 1.123894997831187230e-02
2.129999999999999893e+00 6.703558642900000475e-01 1.107110084883143435e-02
2.140000000000000124e+00 6.758813238799993295e-01 1.090280391451776271e-02
2.149999999999999911e+00 6.807596837200006190e-01 1.084515822540295729e-02
2.160000000000000142e+00 6.867218832899995018e-01 1.057586291331182211e-02
2.169999999999999929e+00 6.914377418999996250e-01 1.044453855551704703e-02
2.180000000000000160e+00 6.964757312199997275e-01 1.038668443030068070e-02
2.189999999999999947e+00 7.013210418099995458e-01 1.025208899625276553e-02
2.200000000000000178e+00 7.063739258099996920e-01 1.015402810403043775e-02
2.209999999999999964e+00 7.118032623599985786e-01 9.860102469137332210e-03
2.220000000000000195e+00 7.155895420200013568e-01 9.850702351212176772e-03
2.229999999999999982e+00 7.202402538200005644e-01 9.706581492714343867e-03
2.240000000000000213e+00 7.251062632800012731e-01 9.436283789895581406e-03
2.250000000000000000e+00 7.293062028799999208e-01 9.237733169799295860e-03
2.259999999999999787e+00 7.334881667399998362e-01 9.056284708349703061e-03
2.270000000000000018e+00 7.376213089099987741e-01 8.888460865572562347e-03
2.279999999999999805e+00 7.402909906699997045e-01 8.919509621610624897e-03
2.290000000000000036e+00 7.443495618500001187e-01 8.652335350695618960e-03
2.299999999999999822e+00 7.482763207299996111e-01 8.401901027794556401e-03
2.310000000000000053e+00 7.507459557100000236e-01 8.348726068227688146e-03
2.319999999999999840e+00 7.541551826600002562e-01 8.209701665816644678e-03
2.330000000000000071e+00 7.578669366500002669e-01 8.059831492414223919e-03
2.339999999999999858e+00 7.609567855799989067e-01 7.866286001962211755e-03
2.350000000000000089e+00 7.641448918800000101e-01 7.691863254701275000e-03
2.359999999999999876e+00 7.680361866600010634e-01 7.561069669171150906e-03
2.370000000000000107e+00 7.712911584999991854e-01 7.372344501805086492e-03
2.379999999999999893e+00 7.740671912899995677e-01 7.273787274888304268e-03
2.390000000000000124e+00 7.772655231799991959e-01 7.080373651609295216e-03
2.399999999999999911e+00 7.800968745799991000e-01 6.932319352948334776e-03
2.410000000000000142e+00 7.831744369700007757e-01 6.687602720553730354e-03
2.419999999999999929e+00 7.856172810100008341e-01 6.633832116495828705e-03
2.430000000000000160e+00 7.892610780000008930e-01 6.234857712572964943e-03
2.439999999999999947e+00 7.920070039499994552e-01 6.114890347274553294e-03
2.450000000000000178e+00 7.947300542800004308e-01 5.991020958277891613e-03
2.459999999999999964e+00 7.971805619300008638e-01 5.905240416190641814e-03
2.470000000000000195e+00 7.997164276199999478e-01 5.789172931026966874e-03
2.479999999999999982e+00 8.020405902599996306e-01 5.697582042711865809e-03
2.490000000000000213e+00 8.044990080900004115e-01 5.602494267506956220e-03
2.500000000000000000e+00 8.066538951899986376e-01 5.517332193303071258e-03
2.509999999999999787e+00 8.094927101499996835e-01 5.376306733786207111e-03
2.520000000000000018e+00 8.117591715700001043e-01 5.288617180010057005e-03
2.529999999999999805e+00 8.139296863100003998e-01 5.207243966789154230e-03
2.540000000000000036e+00 8.157678041799996116e-01 5.155380437950086991e-03
2.549999999999999822e+00 8.177906426100011172e-01 5.117195689698186313e-03
2.560000000000000053e+00 8.200122914799991003e-01 5.037422196063668506e-03
2.569999999999999840e+00 8.219647920899988414e-01 4.969890954206052092e-03
2.580000000000000071e+00 8.241313445500008106e-01 4.913818621354660784e-03
2.589999999999999858e+00 8.259555872900004037e-01 4.837096011338661711e-03
2.600000000000000089e+00 8.277876505400008078e-01 4.781726291081951977e-03
2.609999999999999876e+00 8.294743136799983541e-01 4.746861894601438724e-03
2.620000000000000107e+00 8.312563709900000486e-01 4.701103732279237127e-03
2.629999999999999893e+00 8.330156947300001447e-01 4.640907697235697668e-03
2.640000000000000124e+00 8.346880341900002609e-01 4.587428491890772203e-03
2.649999999999999911e+00 8.363296845299997839e-01 4.546525557655971793e-03
2.660000000000000142e+00 8.380079216500004868e-01 4.485163056267608105e-03
2.669999999999999929e+00 8.395708945300001114e-01 4.440345697193771521e-03
2.680000000000000160e+00 8.410838796299994202e-01 4.403778128886211285e-03
2.689999999999999947e+00 8.426190350799998008e-01 4.364476874402526026e-03
2.700000000000000178e+00 8.441626206900000318e-01 4.315124991956668758e-03
