6.700000000000000400e-01 3.911005196000005152e-02 1.274322838011858895e-04
6.800000000000000488e-01 3.974781798199998606e-02 1.360216604329636384e-04
6.899999999999999467e-01 3.998851921700007084e-02 1.368124863873932426e-04
6.999999999999999556e-01 4.060143641199998737e-02 1.477585697396683435e-04
7.099999999999999645e-01 4.103728800050013281e-02 1.290847922131545462e-04
7.199999999999999734e-01 4.130603803000001267e-02 1.453572143990175937e-04
7.299999999999999822e-01 4.183707501449999977e-02 1.520233523610640914e-04
7.399999999999999911e-01 4.211860556050005949e-02 1.491600631458841260e-04
7.500000000000000000e-01 4.274211741900001832e-02 1.409909695389146916e-04
7.600000000000000089e-01 4.299619268149999785e-02 1.609646289367903558e-04
7.700000000000000178e-01 4.343995986199997161e-02 1.549679225865967951e-04
7.800000000000000266e-01 4.401187702299996091e-02 1.588845911124512288e-04
7.900000000000000355e-01 4.451110906050007726e-02 1.611953577378661220e-04
8.000000000000000444e-01 4.495929059000007555e-02 1.722067869188568970e-04
8.100000000000000533e-01 4.541613717350002216e-02 1.855440406460948858e-04
8.199999999999999512e-01 4.591804067349999907e-02 1.662316344048381527e-04
8.299999999999999600e-01 4.632966464049993044e-02 1.683805173110918690e-04
8.399999999999999689e-01 4.693486627599991606e-02 1.834078381169623750e-04
8.499999999999999778e-01 4.748627673900006341e-02 1.810224171757101306e-04
8.599999999999999867e-01 4.810156594550001746e-02 1.816656156816163288e-04
8.699999999999999956e-01 4.856324801399997809e-02 1.856989223791421779e-04
8.800000000000000044e-01 4.919636885800003634e-02 1.807982755996201103e-04
8.900000000000000133e-01 4.958600158549998638e-02 1.949862831286668259e-04
9.000000000000000222e-01 5.028465752849999720e-02 1.920934840439559915e-04
9.100000000000000311e-01 5.094397834549995591e-02 2.134655148040344745e-04
9.200000000000000400e-01 5.140562799650000292e-02 2.092252445273353682e-04
9.300000000000000488e-01 5.204083039700001245e-02 2.185946104351467814e-04
9.399999999999999467e-01 5.290504401599997741e-02 2.221678133547940815e-04
9.499999999999999556e-01 5.321781841100001187e-02 2.266276131537845243e-04
9.599999999999999645e-01 5.400675321750005031e-02 2.131074555559146376e-04
9.699999999999999734e-01 5.477606579150009342e-02 2.295984062512806284e-04
9.799999999999999822e-01 5.535748147849995499e-02 2.209472910935706997e-04
9.899999999999999911e-01 5.644512362299998476e-02 2.396394161951307549e-04
1.000000000000000000e+00 5.687779308899994224e-02 2.435235594386605910e-04
1.010000000000000009e+00 5.782990285049993684e-02 2.491818384898988902e-04
1.020000000000000018e+00 5.863253130849990780e-02 2.519978729429786513e-04
1.030000000000000027e+00 5.958076288850009533e-02 2.712925491822475469e-04
1.040000000000000036e+00 6.029768255900013613e-02 2.857887246355308693e-04
1.050000000000000044e+00 6.115786478399999615e-02 2.777939907205233890e-04
1.060000000000000053e+00 6.212805356649996058e-02 2.774282920765901010e-04
1.070000000000000062e+00 6.266573401000011256e-02 2.979795657620532283e-04
1.080000000000000071e+00 6.389854211700003728e-02 3.239628515570866312e-04
1.090000000000000080e+00 6.492905189750006190e-02 3.119379766167617771e-04
1.100000000000000089e+00 6.587919046050004501e-02 3.150399597520774845e-04
1.110000000000000098e+00 6.665392428849999107e-02 3.456851155287705047e-04
1.120000000000000107e+00 6.754981136350009241e-02 3.502838130314051197e-04
1.129999999999999893e+00 6.882585581000001673e-02 3.565633612474133386e-04
1.139999999999999902e+00 6.964726559550009355e-02 3.437514929273749660e-04
1.149999999999999911e+00 7.102605731050001814e-02 3.647074950236860267e-04
1.159999999999999920e+00 7.222087461050005763e-02 4.094691479302883861e-04
1.169999999999999929e+00 7.352938143899989676e-02 4.426495432620820587e-04
1.179999999999999938e+00 7.462049327199994642e-02 4.082585061756495654e-04
1.189999999999999947e+00 7.615427934250004749e-02 5.046050342588886788e-04
1.199999999999999956e+00 7.734953090400011055e-02 4.697404350683207917e-04
1.209999999999999964e+00 7.870260349050016424e-02 4.973603743668783940e-04
1.219999999999999973e+00 7.999646526500009402e-02 5.201232977193783868e-04
1.229999999999999982e+00 8.079415753350004115e-02 4.918523555083061495e-04
1.239999999999999991e+00 8.309118461249996590e-02 5.703235567271700826e-04
1.250000000000000000e+00 8.437772872250007272e-02 5.724115656132920888e-04
1.260000000000000009e+00 8.638901761250002143e-02 6.472338725887436537e-04
1.270000000000000018e+00 8.773005365999989036e-02 6.377843357043526265e-04
1.280000000000000027e+00 8.966176658699996638e-02 7.227144982769057990e-04
1.290000000000000036e+00 9.121939054099995059e-02 7.671629562433959337e-04
1.300000000000000044e+00 9.339482451149989928e-02 7.863643947095823013e-04
1.310000000000000053e+00 9.522020107400010203e-02 8.460170298802013010e-04
1.320000000000000062e+00 9.662895152100002549e-02 9.015226031037699202e-04
1.330000000000000071e+00 9.857393003599991543e-02 8.674964612720732077e-04
1.340000000000000080e+00 1.018304996445000415e-01 1.014247266401451701e-03
1.350000000000000089e+00 1.036129212889999873e-01 1.110657012696211190e-03
1.360000000000000098e+00 1.060403078175001096e-01 1.113326959589089598e-03
1.370000000000000107e+00 1.085800245124999841e-01 1.190498105735195893e-03
1.379999999999999893e+00 1.112265708589999791e-01 1.209006100302779203e-03
1.389999999999999902e+00 1.141082866594999856e-01 1.344546643423412272e-03
1.399999999999999911e+00 1.168317286509999026e-01 1.388929791325761547e-03
1.409999999999999920e+00 1.195191554180001087e-01 1.492078154331114275e-03
1.419999999999999929e+00 1.233034004865001532e-01 1.547400567629716658e-03
1.429999999999999938e+00 1.261915153425000324e-01 1.663543042665477671e-03
1.439999999999999947e+00 1.292381257880001466e-01 1.768969760098372708e-03
1.449999999999999956e+00 1.323532068604999501e-01 1.847561889174036218e-03
1.459999999999999964e+00 1.379901746585001920e-01 2.115295635604536127e-03
1.469999999999999973e+00 1.410748697939998575e-01 2.365193116076988109e-03
1.479999999999999982e+00 1.459539758354999883e-01 2.457027786905838316e-03
1.489999999999999991e+00 1.515094841984997998e-01 2.730174418915003957e-03
1.500000000000000000e+00 1.554124718620000234e-01 2.838553522123552462e-03
1.510000000000000009e+00 1.603203385850001106e-01 3.042342235297434711e-03
1.520000000000000018e+00 1.657172687314999726e-01 3.309031376090950088e-03
1.530000000000000027e+00 1.698276278899999714e-01 3.490175386624060766e-03
1.540000000000000036e+00 1.746727215000001276e-01 3.712042879602287307e-03
1.550000000000000044e+00 1.830615591899999728e-01 3.918852823833529619e-03
1.560000000000000053e+00 1.874455516249996789e-01 4.051065799373974527e-03
1.570000000000000062e+00 1.947343171250000282e-01 4.350040759795288647e-03
1.580000000000000071e+00 2.020334452249998858e-01 4.598054261020110764e-03
1.590000000000000080e+00 2.077888469499998281e-01 4.860901658558422142e-03
1.600000000000000089e+00 2.166711593400001412e-01 5.100192831616175149e-03
1.610000000000000098e+00 2.236010532699999609e-01 5.411806890296812743e-03
1.620000000000000107e+00 2.311261210050000181e-01 5.567249333164740396e-03
1.629999999999999893e+00 2.395606320050000515e-01 5.844767928707313154e-03
1.639999999999999902e+00 2.466640438649999323e-01 6.133347033195892146e-03
1.649999999999999911e+00 2.557434567600000430e-01 6.306602508887511685e-03
1.659999999999999920e+00 2.650866059250002182e-01 6.616220718277945716e-03
1.669999999999999929e+00 2.737667109499998808e-01 6.812966511987271316e-03
1.679999999999999938e+00 2.836135300699997308e-01 7.082931174165114398e-03
1.689999999999999947e+00 2.924449237600005858e-01 7.210097459003354803e-03
1.699999999999999956e+00 3.033391911750000780e-01 7.388945757416357993e-03
1.709999999999999964e+00 3.132716640300000077e-01 7.524674955333284128e-03
1.719999999999999973e+00 3.234671436850001247e-01 7.713065987157497090e-03
1.729999999999999982e+00 3.332485955699996949e-01 7.743350626817541854e-03
1.739999999999999991e+00 3.454658390750001140e-01 7.920716345428211597e-03
1.750000000000000000e+00 3.559349851849998858e-01 7.940037794124140194e-03
1.760000000000000009e+00 3.655237485350000259e-01 8.068993800306137332e-03
1.770000000000000018e+00 3.765253930200001542e-01 8.200374994922876581e-03
1.780000000000000027e+00 3.876902400000004079e-01 8.171182322919736882e-03
1.790000000000000036e+00 4.008417092699992357e-01 8.027425569395545829e-03
1.800000000000000044e+00 4.101646403650003880e-01 8.229454649409157288e-03
1.810000000000000053e+00 4.208979632699996198e-01 8.277007856061479804e-03
1.820000000000000062e+00 4.321270931100000823e-01 8.271000794029190195e-03
1.830000000000000071e+00 4.434222502600004279e-01 8.229796318574322464e-03
1.840000000000000080e+00 4.536252587449999818e-01 8.231939715436778146e-03
1.850000000000000089e+00 4.644638109099997747e-01 8.190437810450288542e-03
1.860000000000000098e+00 4.743394273750000112e-01 8.220065522140905523e-03
1.870000000000000107e+00 4.854134315399998290e-01 7.995359151322224342e-03
1.879999999999999893e+00 4.955714834549998504e-01 8.044519320807524618e-03
1.889999999999999902e+00 5.065403231499998604e-01 7.808068652984600892e-03
1.899999999999999911e+00 5.156376238949996749e-01 7.839975579082116355e-03
1.909999999999999920e+00 5.269697529250001455e-01 7.633743995095896434e-03
1.919999999999999929e+00 5.364414326900001084e-01 7.627102761022346890e-03
1.929999999999999938e+00 5.460972291549996971e-01 7.481691430051970980e-03
1.939999999999999947e+00 5.562806910999998911e-01 7.295884813180838514e-03
1.949999999999999956e+00 5.656466897099995395e-01 7.132140014775243883e-03
1.959999999999999964e+00 5.744619021649993718e-01 6.974831047829361044e-03
1.969999999999999973e+00 5.840612515700007723e-01 6.761528819175956391e-03
1.979999999999999982e+00 5.922335208049994693e-01 6.653379092430257956e-03
1.989999999999999991e+00 6.011673642449990584e-01 6.410496204702940265e-03
2.000000000000000000e+00 6.091261951299994371e-01 6.296150230076130380e-03
2.009999999999999787e+00 6.168626082800003907e-01 6.159870277028570672e-03
2.020000000000000018e+00 6.247530976949996484e-01 6.016255673072792680e-03
2.029999999999999805e+00 6.322416074949999132e-01 5.867393253342292718e-03
2.040000000000000036e+00 6.393692487149998938e-01 5.682396640650901401e-03
2.049999999999999822e+00 6.463116527450000204e-01 5.509416432646464280e-03
2.060000000000000053e+00 6.530222193649989348e-01 5.401250242132122313e-03
2.069999999999999840e+00 6.595653243150002565e-01 5.260066431711095565e-03
2.080000000000000071e+00 6.660085004700001532e-01 5.055476271067128533e-03
2.089999999999999858e+00 6.719122924449987266e-01 4.930872625553679375e-03
2.100000000000000089e+00 6.780002434550007617e-01 4.782080215742606256e-03
2.109999999999999876e+00 6.843039982100005414e-01 4.535803459524010567e-03
2.120000000000000107e+00 6.899971733899996629e-01 4.388989518578523263e-03
2.129999999999999893e+00 6.954150165649999327e-01 4.310861339948431417e-03
2.140000000000000124e+00 7.007082995099995770e-01 4.159991728679366882e-03
2.149999999999999911e+00 7.057191551350006087e-01 4.044808248472871182e-03
2.160000000000000142e+00 7.105027805500003790e-01 3.959101528972792244e-03
2.169999999999999929e+00 7.152543729649994964e-01 3.865014816696747506e-03
2.180000000000000160e+00 7.197614099249998176e-01 3.777776768929710753e-03
2.189999999999999947e+00 7.240894014749998941e-01 3.722895277396496769e-03
2.200000000000000178e+00 7.283708215250007667e-01 3.622555988303605146e-03
2.209999999999999964e+00 7.324399120399992524e-01 3.555815687564047728e-03
2.220000000000000195e+00 7.366562312850000183e-01 3.461559395917146193e-03
2.229999999999999982e+00 7.406161998450003781e-01 3.369124285120038507e-03
2.240000000000000213e+00 7.442062631350002677e-01 3.351477556344608245e-03
2.250000000000000000e+00 7.480272443099991175e-01 3.236491928016413042e-03
2.259999999999999787e+00 7.516077177149991240e-01 3.182887570275997127e-03
