9.300000000000000488e-01 3.691737648500002800e-02 1.315312779175078258e-04
9.399999999999999467e-01 3.741868883900002773e-02 1.408761562908625602e-04
9.499999999999999556e-01 3.776468280450002296e-02 1.489637934851569781e-04
9.599999999999999645e-01 3.829298525700003397e-02 1.449307208446592283e-04
9.699999999999999734e-01 3.862745601549999463e-02 1.504355540801710460e-04
9.799999999999999822e-01 3.916520350800006822e-02 1.537928756070178888e-04
9.899999999999999911e-01 3.986505253249999353e-02 1.632749022364669974e-04
1.000000000000000000e+00 4.029516420349996825e-02 1.525974165734394561e-04
1.010000000000000009e+00 4.094518290149998241e-02 1.750217537951851831e-04
1.020000000000000018e+00 4.153432978349997501e-02 1.776401420492082657e-04
1.030000000000000027e+00 4.208715064699997815e-02 1.842734389447128415e-04
1.040000000000000036e+00 4.244718700999999816e-02 1.814606856001270592e-04
1.050000000000000044e+00 4.318637173850001926e-02 1.714150111643830958e-04
1.060000000000000053e+00 4.395031958649991272e-02 1.962106316958256327e-04
1.070000000000000062e+00 4.451887951649995123e-02 1.829727640886449176e-04
1.080000000000000071e+00 4.491697837499996487e-02 1.948040413038798859e-04
1.090000000000000080e+00 4.569395663199991853e-02 1.964557134491720842e-04
1.100000000000000089e+00 4.662224181099992870e-02 2.073226517945984829e-04
1.110000000000000098e+00 4.693464517599998248e-02 2.271183338435583509e-04
1.120000000000000107e+00 4.784975677799999799e-02 2.162529251059332398e-04
1.129999999999999893e+00 4.851501822049997248e-02 2.318065209006397705e-04
1.139999999999999902e+00 4.917826403299999788e-02 2.281146675734777171e-04
1.149999999999999911e+00 5.017349888250002138e-02 2.265764490448776507e-04
1.159999999999999920e+00 5.087817260700005367e-02 2.527688598798270131e-04
1.169999999999999929e+00 5.167523915550007590e-02 2.808124613211596251e-04
1.179999999999999938e+00 5.248067199950005174e-02 2.479852417560644861e-04
1.189999999999999947e+00 5.312721593900001510e-02 2.853852662059406793e-04
1.199999999999999956e+00 5.451868189600002357e-02 2.889615810317798864e-04
1.209999999999999964e+00 5.533597518649999852e-02 2.822339250989026535e-04
1.219999999999999973e+00 5.661636871550015243e-02 3.429743047739605309e-04
1.229999999999999982e+00 5.746130136299990726e-02 3.311126410071322992e-04
1.239999999999999991e+00 5.869772174100005430e-02 3.578555688913925663e-04
1.250000000000000000e+00 5.968498252450001040e-02 3.584667199666500387e-04
1.260000000000000009e+00 6.050031204750001834e-02 3.676390423293317256e-04
1.270000000000000018e+00 6.215050078999992400e-02 4.201637288435973276e-04
1.280000000000000027e+00 6.287613400499995897e-02 4.155301752191066403e-04
1.290000000000000036e+00 6.399436936299994494e-02 4.321131151519049126e-04
1.300000000000000044e+00 6.550968658350009299e-02 4.765261311654535640e-04
1.310000000000000053e+00 6.676458925299999514e-02 4.675584766077126313e-04
1.320000000000000062e+00 6.828113143450009748e-02 4.893631923136674156e-04
1.330000000000000071e+00 6.935937790600002484e-02 5.505040326863044550e-04
1.340000000000000080e+00 7.152607272350004763e-02 5.762235871892758829e-04
1.350000000000000089e+00 7.232753647799994301e-02 5.805399258844028175e-04
1.360000000000000098e+00 7.479799454050006791e-02 6.426425692893418138e-04
1.370000000000000107e+00 7.566219828100002875e-02 6.466320471931957066e-04
1.379999999999999893e+00 7.810921154050001758e-02 6.798389606333404443e-04
1.389999999999999902e+00 8.018766234150000172e-02 7.452715596892996132e-04
1.399999999999999911e+00 8.084829224150003046e-02 7.993870031411306207e-04
1.409999999999999920e+00 8.428549002650013999e-02 8.254563958198192150e-04
1.419999999999999929e+00 8.577420998500009941e-02 8.755309305061913195e-04
1.429999999999999938e+00 8.795059135550005458e-02 9.510213518052328683e-04
1.439999999999999947e+00 9.024647950349991288e-02 9.757241004215257748e-04
1.449999999999999956e+00 9.309377851550003358e-02 1.080349995124112433e-03
1.459999999999999964e+00 9.573888254949992904e-02 1.206967303970995055e-03
1.469999999999999973e+00 9.854490514599990869e-02 1.240556720822653817e-03
1.479999999999999982e+00 1.017596037959999644e-01 1.387517760731386308e-03
1.489999999999999991e+00 1.043981935419999452e-01 1.437406773384518983e-03
1.500000000000000000e+00 1.086165200109999035e-01 1.638786394206899694e-03
1.510000000000000009e+00 1.118127368415000600e-01 1.771164516022606140e-03
1.520000000000000018e+00 1.156631600940001281e-01 1.938368453938342853e-03
1.530000000000000027e+00 1.201185982915000811e-01 2.126589270661189985e-03
1.540000000000000036e+00 1.240398166669999663e-01 2.268708570509971652e-03
1.550000000000000044e+00 1.290548184829999889e-01 2.434571558403680891e-03
1.560000000000000053e+00 1.330083293005000222e-01 2.723059879396038958e-03
1.570000000000000062e+00 1.390419518905000873e-01 2.940191188388903854e-03
1.580000000000000071e+00 1.440766916624998673e-01 3.156901156283111170e-03
1.590000000000000080e+00 1.510793418545000322e-01 3.341780244580557120e-03
1.600000000000000089e+00 1.569874891285001628e-01 3.550830279692225155e-03
1.610000000000000098e+00 1.649067856799999732e-01 3.712791381160924446e-03
1.620000000000000107e+00 1.715958012370000785e-01 3.928549123383397179e-03
1.629999999999999893e+00 1.792244521549997416e-01 4.131306452964899484e-03
1.639999999999999902e+00 1.880948605435001086e-01 4.352101104232353364e-03
1.649999999999999911e+00 1.960588511849997995e-01 4.693442545529597984e-03
1.659999999999999920e+00 2.051175517100002343e-01 4.976181252885631366e-03
1.669999999999999929e+00 2.147267690100002346e-01 5.082446726208031222e-03
1.679999999999999938e+00 2.247165859999999682e-01 5.338367270137002289e-03
1.689999999999999947e+00 2.354216131399998468e-01 5.617734324231041416e-03
1.699999999999999956e+00 2.470003797500005538e-01 5.750961660171767693e-03
1.709999999999999964e+00 2.585542511200000226e-01 5.948350903850664270e-03
1.719999999999999973e+00 2.683764355800004053e-01 6.179921524796795108e-03
1.729999999999999982e+00 2.803437087299999186e-01 6.367045797956641731e-03
1.739999999999999991e+00 2.925805830449996203e-01 6.426675304673051294e-03
1.750000000000000000e+00 3.040792153049997060e-01 6.587930739700137601e-03
1.760000000000000009e+00 3.173896806549997840e-01 6.729005874301391410e-03
1.770000000000000018e+00 3.325564821000002169e-01 6.707252700461810435e-03
1.780000000000000027e+00 3.439146518800001440e-01 6.836056167224514694e-03
1.790000000000000036e+00 3.585502480349999632e-01 6.930590097185630565e-03
1.800000000000000044e+00 3.728764634400008049e-01 6.964483128016236112e-03
1.810000000000000053e+00 3.874348463550001398e-01 6.914697878001651449e-03
1.820000000000000062e+00 4.006550346449999078e-01 7.053117441568557133e-03
1.830000000000000071e+00 4.138140244799998757e-01 6.924523232440296314e-03
1.840000000000000080e+00 4.277608127800001103e-01 6.880784913823317396e-03
1.850000000000000089e+00 4.403032080100003354e-01 6.758869350854349728e-03
1.860000000000000098e+00 4.535792530550000201e-01 6.756519522639242541e-03
1.870000000000000107e+00 4.652766457199999928e-01 6.640905939209628371e-03
1.879999999999999893e+00 4.766167248900003428e-01 6.611648851376304009e-03
1.889999999999999902e+00 4.901891217799999034e-01 6.378634445810076568e-03
1.899999999999999911e+00 5.027397619200001389e-01 6.210618612776696787e-03
1.909999999999999920e+00 5.140405008000004106e-01 6.050303751532639870e-03
1.919999999999999929e+00 5.248522480299999682e-01 5.908553062699264599e-03
1.929999999999999938e+00 5.352260760649996119e-01 5.717505049297179516e-03
1.939999999999999947e+00 5.456508188250005498e-01 5.557034199866130349e-03
1.949999999999999956e+00 5.561432939599995073e-01 5.373201168229169503e-03
1.959999999999999964e+00 5.654784285950000822e-01 5.192320596002438643e-03
1.969999999999999973e+00 5.747152324799998935e-01 5.031381046314925554e-03
1.979999999999999982e+00 5.833264508050004515e-01 4.928007315644181673e-03
1.989999999999999991e+00 5.919572009350010378e-01 4.781482541518888851e-03
2.000000000000000000e+00 6.004698114300002221e-01 4.584892889948166510e-03
2.009999999999999787e+00 6.089646096600001002e-01 4.391533995145800381e-03
2.020000000000000018e+00 6.169717199200004387e-01 4.201326725216627221e-03
2.029999999999999805e+00 6.244626240250001903e-01 4.066544254383823095e-03
2.040000000000000036e+00 6.319111127449997811e-01 3.923384757980356678e-03
2.049999999999999822e+00 6.388738432649994081e-01 3.825310050178038108e-03
2.060000000000000053e+00 6.457414676499995121e-01 3.654463667987101119e-03
2.069999999999999840e+00 6.522190728350003575e-01 3.525789002213049281e-03
2.080000000000000071e+00 6.582322113699985433e-01 3.474189257901809207e-03
2.089999999999999858e+00 6.645724371500004724e-01 3.328380090961615984e-03
2.100000000000000089e+00 6.705565180250004920e-01 3.254453574639523498e-03
2.109999999999999876e+00 6.768361468649993773e-01 3.133662027679518999e-03
2.120000000000000107e+00 6.825808347650007546e-01 3.057338582889922683e-03
2.129999999999999893e+00 6.880821846700005961e-01 2.977325485256722241e-03
