8.100000000000000533e-01 9.031804194800012453e-02 6.380507483940555270e-04
8.199999999999999512e-01 9.235230126499996417e-02 6.506703447281431693e-04
8.299999999999999600e-01 9.286202188200004537e-02 6.909686900743093564e-04
8.399999999999999689e-01 9.405699639799998402e-02 6.743570370768121013e-04
8.499999999999999778e-01 9.521807546599998784e-02 7.280026817807711079e-04
8.599999999999999867e-01 9.639727520899993296e-02 7.081675146494676798e-04
8.699999999999999956e-01 9.692780948099999350e-02 7.745426898047053522e-04
8.800000000000000044e-01 9.831901779800000796e-02 7.652639486789061243e-04
8.900000000000000133e-01 9.959253970800002742e-02 7.872739497056593927e-04
9.000000000000000222e-01 1.005879771919999666e-01 8.742021262006096716e-04
9.100000000000000311e-01 1.018812149079999646e-01 8.704572188601783977e-04
9.200000000000000400e-01 1.027953403990000403e-01 8.472950767133866990e-04
9.300000000000000488e-01 1.047148839430001033e-01 9.172945161928124829e-04
9.399999999999999467e-01 1.062235838829998780e-01 1.038085574185986740e-03
9.499999999999999556e-01 1.077595739700001054e-01 9.775503187179153310e-04
9.599999999999999645e-01 1.088352178970000278e-01 9.047637815795218572e-04
9.699999999999999734e-01 1.103303344799999586e-01 9.560483475758702445e-04
9.799999999999999822e-01 1.116588440829998641e-01 9.465259342842539470e-04
9.899999999999999911e-01 1.127233337250000828e-01 9.775548577938635540e-04
1.000000000000000000e+00 1.145013766530000726e-01 1.044156949294220999e-03
1.010000000000000009e+00 1.157199083930001704e-01 1.006542938123845994e-03
1.020000000000000018e+00 1.181866489239999374e-01 1.051887023598679699e-03
1.030000000000000027e+00 1.193011470080000691e-01 1.089963877924243502e-03
1.040000000000000036e+00 1.206337106350000715e-01 1.204744324677077538e-03
1.050000000000000044e+00 1.230210739799998676e-01 1.200039900212600610e-03
1.060000000000000053e+00 1.240819307209999334e-01 1.215739447707054341e-03
1.070000000000000062e+00 1.251830467339998254e-01 1.277737402791168835e-03
1.080000000000000071e+00 1.280567342599999436e-01 1.358090851728799417e-03
1.090000000000000080e+00 1.286422147310000708e-01 1.319538887880639761e-03
1.100000000000000089e+00 1.315128358999999858e-01 1.431231444481288403e-03
1.110000000000000098e+00 1.333534345000000898e-01 1.445365752732348345e-03
1.120000000000000107e+00 1.350519215600000100e-01 1.441792712867201801e-03
1.129999999999999893e+00 1.379305191900001282e-01 1.730329566985502020e-03
1.139999999999999902e+00 1.390370204399999920e-01 1.493143583962309225e-03
1.149999999999999911e+00 1.415568584699999355e-01 1.692502293750456060e-03
1.159999999999999920e+00 1.439258787900001002e-01 1.691289542153628532e-03
1.169999999999999929e+00 1.467456017400000090e-01 1.766517077136582278e-03
1.179999999999999938e+00 1.488963585300000503e-01 1.886217577361302576e-03
1.189999999999999947e+00 1.515258586799999307e-01 1.851184096978273795e-03
1.199999999999999956e+00 1.542631314899999551e-01 2.073307619134767688e-03
1.209999999999999964e+00 1.568388674000000260e-01 2.014082198111747865e-03
1.219999999999999973e+00 1.592563458299999513e-01 2.228907024089185965e-03
1.229999999999999982e+00 1.618123194500002693e-01 2.257989990115187064e-03
1.239999999999999991e+00 1.659468524300001802e-01 2.281883871430966191e-03
1.250000000000000000e+00 1.681721285999998872e-01 2.505169199215501966e-03
1.260000000000000009e+00 1.716628738999999848e-01 2.533502357713799530e-03
1.270000000000000018e+00 1.749800568099998954e-01 2.744239267254463665e-03
1.280000000000000027e+00 1.765593842900000099e-01 2.727097495699873017e-03
1.290000000000000036e+00 1.806039292200002644e-01 3.088442888400234725e-03
1.300000000000000044e+00 1.849044174199999668e-01 3.203273878276719985e-03
1.310000000000000053e+00 1.875827640199999591e-01 3.253357124385893636e-03
1.320000000000000062e+00 1.935903458400000110e-01 3.537378518855974988e-03
1.330000000000000071e+00 1.965107633699999801e-01 3.585574028768303504e-03
1.340000000000000080e+00 1.998680277699999841e-01 3.642262019656123360e-03
1.350000000000000089e+00 2.020621063299999909e-01 3.796133087554945645e-03
1.360000000000000098e+00 2.085552178300000004e-01 4.143286390345518426e-03
1.370000000000000107e+00 2.123344736999998594e-01 4.347733246051894464e-03
1.379999999999999893e+00 2.167801255599999533e-01 4.426483566189812202e-03
1.389999999999999902e+00 2.220656909400000600e-01 4.760136680247798943e-03
1.399999999999999911e+00 2.250358436500003445e-01 4.792542908796873155e-03
1.409999999999999920e+00 2.310646605200002701e-01 5.356373797540026419e-03
1.419999999999999929e+00 2.352248948600000888e-01 5.339804212043959726e-03
1.429999999999999938e+00 2.415603178600001233e-01 5.583073056713357130e-03
1.439999999999999947e+00 2.454306966900002551e-01 5.792748549044429186e-03
1.449999999999999956e+00 2.511559961800002849e-01 5.986555184999001536e-03
1.459999999999999964e+00 2.568805258199998720e-01 6.317514321515261232e-03
1.469999999999999973e+00 2.632403430000000988e-01 6.758430130070369572e-03
1.479999999999999982e+00 2.675506008400000413e-01 6.904973446350453140e-03
1.489999999999999991e+00 2.732514223800001640e-01 7.427210780405506772e-03
1.500000000000000000e+00 2.810507580200003463e-01 7.730130320771516107e-03
1.510000000000000009e+00 2.853398392299999475e-01 7.987163042813523808e-03
1.520000000000000018e+00 2.939466259599999853e-01 8.077898658513660290e-03
1.530000000000000027e+00 2.994761026999996356e-01 8.397051058457186135e-03
1.540000000000000036e+00 3.094198428300000137e-01 8.656099027879254892e-03
1.550000000000000044e+00 3.144426185000003260e-01 9.230573020652357158e-03
1.560000000000000053e+00 3.215398282100004890e-01 9.581131861120360457e-03
1.570000000000000062e+00 3.295797356899997088e-01 9.848144469192606290e-03
1.580000000000000071e+00 3.350145423000001066e-01 1.009259203179056416e-02
1.590000000000000080e+00 3.445487185700000787e-01 1.048280665608402988e-02
1.600000000000000089e+00 3.496700022199992208e-01 1.073816409775598009e-02
1.610000000000000098e+00 3.576014335099996777e-01 1.080571061096845600e-02
1.620000000000000107e+00 3.652930518299996043e-01 1.111507854962234983e-02
1.629999999999999893e+00 3.719060325199997075e-01 1.141486277269771268e-02
1.639999999999999902e+00 3.806771014200002745e-01 1.159390804561715588e-02
1.649999999999999911e+00 3.868347532900002772e-01 1.156261435206433659e-02
1.659999999999999920e+00 3.943615167900000884e-01 1.175159448261207246e-02
1.669999999999999929e+00 4.014094430999999852e-01 1.206119268319623232e-02
1.679999999999999938e+00 4.087815712699998660e-01 1.216642963463074843e-02
1.689999999999999947e+00 4.162985212499999421e-01 1.241114220070739516e-02
1.699999999999999956e+00 4.252981207800007879e-01 1.248739650607940538e-02
1.709999999999999964e+00 4.331968280600008159e-01 1.270734771666504233e-02
1.719999999999999973e+00 4.407970288799999414e-01 1.287598744972699542e-02
1.729999999999999982e+00 4.477819852699993497e-01 1.284218770838885422e-02
1.739999999999999991e+00 4.556632198799993594e-01 1.284019861539072334e-02
1.750000000000000000e+00 4.633541462399997091e-01 1.309387080743100625e-02
1.760000000000000009e+00 4.700074794800002675e-01 1.318623422852101094e-02
1.770000000000000018e+00 4.796009676300002078e-01 1.323526799905063410e-02
1.780000000000000027e+00 4.871350545799997267e-01 1.331758899603808013e-02
1.790000000000000036e+00 4.951662681800002574e-01 1.327454805306528020e-02
1.800000000000000044e+00 5.031003545600000182e-01 1.341618507626666547e-02
1.810000000000000053e+00 5.094487973499993716e-01 1.346499303930154615e-02
1.820000000000000062e+00 5.165808993499990676e-01 1.350641298930409587e-02
1.830000000000000071e+00 5.231786915199991839e-01 1.344515781654981312e-02
1.840000000000000080e+00 5.318784830099998473e-01 1.334252514091214745e-02
1.850000000000000089e+00 5.392026088099995951e-01 1.339347002613860797e-02
1.860000000000000098e+00 5.483020223900006984e-01 1.312277003883747378e-02
1.870000000000000107e+00 5.558578946599997961e-01 1.304304935323648967e-02
1.879999999999999893e+00 5.612754084400002341e-01 1.322236948590167077e-02
1.889999999999999902e+00 5.691825867400003292e-01 1.294684283846151730e-02
1.899999999999999911e+00 5.755161077499996169e-01 1.300759813688154992e-02
1.909999999999999920e+00 5.833284639900001567e-01 1.278840353092133841e-02
1.919999999999999929e+00 5.887111092100002496e-01 1.283143137308119693e-02
1.929999999999999938e+00 5.955168408499995625e-01 1.279698564867134958e-02
1.939999999999999947e+00 6.026539013300002967e-01 1.272411753301016211e-02
1.949999999999999956e+00 6.085320921600000377e-01 1.276289995506582793e-02
1.959999999999999964e+00 6.144086370099995920e-01 1.273504768088851158e-02
1.969999999999999973e+00 6.198669712400003418e-01 1.258508279705603146e-02
1.979999999999999982e+00 6.248237285700009025e-01 1.282614510074534322e-02
1.989999999999999991e+00 6.314276387399995194e-01 1.265310664558386838e-02
2.000000000000000000e+00 6.371286331500002342e-01 1.257432642070841627e-02
2.009999999999999787e+00 6.420710804700006102e-01 1.248975169808925860e-02
2.020000000000000018e+00 6.471311142699991414e-01 1.248296005131775861e-02
2.029999999999999805e+00 6.526090744800002730e-01 1.242759659068707820e-02
2.040000000000000036e+00 6.591005116899998351e-01 1.207828767326452057e-02
2.049999999999999822e+00 6.641037472599997660e-01 1.211922554386947980e-02
2.060000000000000053e+00 6.694935869499989423e-01 1.193406760980375222e-02
2.069999999999999840e+00 6.737339500700002537e-01 1.189750010629335789e-02
2.080000000000000071e+00 6.778853076800004374e-01 1.191487719787967352e-02
2.089999999999999858e+00 6.830834127200002825e-01 1.172286617901083065e-02
2.100000000000000089e+00 6.884975648500001322e-01 1.163674681527904556e-02
2.109999999999999876e+00 6.932072485100000403e-01 1.164896204239417379e-02
2.120000000000000107e+00 6.983103443999998383e-01 1.136918402219129140e-02
2.129999999999999893e+00 7.024487105899996919e-01 1.137921845982783897e-02
2.140000000000000124e+00 7.075422364100003580e-01 1.109864825715256922e-02
2.149999999999999911e+00 7.113345235200000394e-01 1.106274181100807934e-02
2.160000000000000142e+00 7.161185769399992518e-01 1.088053653021875053e-02
2.169999999999999929e+00 7.199855198300002534e-01 1.086088794320033170e-02
2.180000000000000160e+00 7.243214445499999155e-01 1.069974600534651273e-02
2.189999999999999947e+00 7.283292104399998745e-01 1.057903122676207876e-02
2.200000000000000178e+00 7.328707916300010172e-01 1.044102669366240091e-02
2.209999999999999964e+00 7.368677917300003877e-01 1.026716578073743648e-02
2.220000000000000195e+00 7.416081255700006647e-01 9.998607874398391868e-03
2.229999999999999982e+00 7.454429955300003741e-01 9.776947485144371966e-03
2.240000000000000213e+00 7.496727346700016170e-01 9.684278496510703368e-03
2.250000000000000000e+00 7.536847164599990156e-01 9.339209884102583903e-03
2.259999999999999787e+00 7.568674731699999159e-01 9.315301385056887207e-03
2.270000000000000018e+00 7.605580761000000356e-01 9.099857097891881491e-03
2.279999999999999805e+00 7.641319887800004373e-01 8.941075963695506792e-03
2.290000000000000036e+00 7.674491119299998720e-01 8.756089898425609835e-03
2.299999999999999822e+00 7.708187468899997397e-01 8.695136747771827976e-03
2.310000000000000053e+00 7.736326641500007595e-01 8.579955438213536859e-03
2.319999999999999840e+00 7.780639252799996797e-01 8.146649606014102346e-03
2.330000000000000071e+00 7.805883757900008435e-01 8.213278095196192147e-03
2.339999999999999858e+00 7.840728621700002732e-01 8.017603132568667731e-03
2.350000000000000089e+00 7.872107343900004439e-01 7.940264699639931756e-03
2.359999999999999876e+00 7.901951477100017662e-01 7.641613984857456229e-03
2.370000000000000107e+00 7.929956512600002672e-01 7.546658832566780634e-03
2.379999999999999893e+00 7.958319708300003459e-01 7.301019449580731756e-03
2.390000000000000124e+00 7.989726760499985536e-01 6.951756081537445106e-03
2.399999999999999911e+00 8.013176840799994816e-01 6.940615864587466530e-03
2.410000000000000142e+00 8.041649302199983529e-01 6.705536494366476363e-03
2.419999999999999929e+00 8.069445193199993316e-01 6.528115482214342374e-03
2.430000000000000160e+00 8.094855162800006498e-01 6.389753297420093514e-03
2.439999999999999947e+00 8.117354046500004916e-01 6.298167939269022284e-03
2.450000000000000178e+00 8.139582925700006300e-01 6.210133335288139760e-03
2.459999999999999964e+00 8.160510003500011100e-01 6.184972132929893174e-03
2.470000000000000195e+00 8.183958588300001002e-01 6.057790326965087346e-03
2.479999999999999982e+00 8.204952477500000452e-01 5.938673541086847418e-03
2.490000000000000213e+00 8.225471086300008006e-01 5.844614094462068955e-03
2.500000000000000000e+00 8.243723728800008699e-01 5.786197583689973827e-03
2.509999999999999787e+00 8.258417507299994353e-01 5.761628444800345403e-03
2.520000000000000018e+00 8.277575263599999955e-01 5.694013079797390423e-03
2.529999999999999805e+00 8.296905177599999126e-01 5.610318854558597919e-03
2.540000000000000036e+00 8.315849460800003312e-01 5.524507941358892428e-03
2.549999999999999822e+00 8.334501212499993983e-01 5.458826046608759343e-03
2.560000000000000053e+00 8.353232902699987417e-01 5.382070028247451336e-03
2.569999999999999840e+00 8.371624385499991661e-01 5.311894327357765191e-03
2.580000000000000071e+00 8.391369939399995204e-01 5.201929761602294353e-03
2.589999999999999858e+00 8.407311047399997905e-01 5.149660571945982243e-03
2.600000000000000089e+00 8.422712534199993106e-01 5.099494561756854130e-03
2.609999999999999876e+00 8.437865940400001152e-01 5.101538910132640339e-03
2.620000000000000107e+00 8.451367599500003713e-01 5.097287395190806120e-03
2.629999999999999893e+00 8.463358480499998393e-01 5.112404166422392440e-03
2.640000000000000124e+00 8.478737081899995198e-01 5.056794721645784668e-03
2.649999999999999911e+00 8.493896646999994360e-01 5.002687447817433762e-03
