9.799999999999999822e-01 3.883245257549989421e-02 1.594622503544959765e-04
9.899999999999999911e-01 3.924761819199997642e-02 1.705951878612039715e-04
1.000000000000000000e+00 3.988257152499997266e-02 1.663906546813603501e-04
1.010000000000000009e+00 4.024617593600000182e-02 1.581133420256575879e-04
1.020000000000000018e+00 4.094419193199999585e-02 1.660684448749972836e-04
1.030000000000000027e+00 4.146306785400001582e-02 1.795392072790906641e-04
1.040000000000000036e+00 4.194388006099997873e-02 1.831496008558203303e-04
1.050000000000000044e+00 4.252876529000004791e-02 1.782079516632184405e-04
1.060000000000000053e+00 4.315782080549999261e-02 2.018737675013682151e-04
1.070000000000000062e+00 4.384015408750003423e-02 1.959068492363386451e-04
1.080000000000000071e+00 4.442831449300005398e-02 2.027191253821154380e-04
1.090000000000000080e+00 4.482397287149997994e-02 1.982410618829352062e-04
1.100000000000000089e+00 4.570488391249998006e-02 2.057876655647346460e-04
1.110000000000000098e+00 4.645262853050002166e-02 2.138246631744993563e-04
1.120000000000000107e+00 4.712151400699998022e-02 2.292318251321508258e-04
1.129999999999999893e+00 4.788245305050005396e-02 2.181546693158575921e-04
1.139999999999999902e+00 4.849874473900007282e-02 2.571459464837808008e-04
1.149999999999999911e+00 4.942359337049995888e-02 2.513870427920507160e-04
1.159999999999999920e+00 4.995275476050006769e-02 2.629956699743922336e-04
1.169999999999999929e+00 5.087696397700001982e-02 2.919793837546347227e-04
1.179999999999999938e+00 5.181708047699996877e-02 2.664660605779079578e-04
1.189999999999999947e+00 5.233365450050000978e-02 2.764564631888196669e-04
1.199999999999999956e+00 5.316446299300002509e-02 2.945765860635162457e-04
1.209999999999999964e+00 5.441900981799999842e-02 3.088451535441488868e-04
1.219999999999999973e+00 5.515020076249994851e-02 3.158053967202643355e-04
1.229999999999999982e+00 5.578254314699995775e-02 3.206383956072188473e-04
1.239999999999999991e+00 5.678657394300002520e-02 3.377560418781792384e-04
1.250000000000000000e+00 5.807149824500004026e-02 3.470036891962491950e-04
1.260000000000000009e+00 5.888549419999991597e-02 3.620084838808947515e-04
1.270000000000000018e+00 5.999501524100008670e-02 3.997568475730133193e-04
1.280000000000000027e+00 6.124319914099992518e-02 4.066158692912878064e-04
1.290000000000000036e+00 6.276191650450005377e-02 4.470029843310084129e-04
1.300000000000000044e+00 6.332490245049997302e-02 4.428386596293208688e-04
1.310000000000000053e+00 6.475623114300009531e-02 4.370599084503755849e-04
1.320000000000000062e+00 6.613071150599995895e-02 4.521023683374673680e-04
1.330000000000000071e+00 6.685361300399997320e-02 4.723790288021385017e-04
1.340000000000000080e+00 6.866152701050007301e-02 5.891310260135782352e-04
1.350000000000000089e+00 7.017157586900010791e-02 5.358959839356315299e-04
1.360000000000000098e+00 7.166985704950003255e-02 5.882852631600584380e-04
1.370000000000000107e+00 7.299587295199996828e-02 6.323116022335924062e-04
1.379999999999999893e+00 7.480505833699997720e-02 6.148184886429891843e-04
1.389999999999999902e+00 7.584563228449997530e-02 6.490181486651366372e-04
1.399999999999999911e+00 7.816550726250000303e-02 7.256967560874906433e-04
1.409999999999999920e+00 7.954051734349999736e-02 7.475673353202589525e-04
1.419999999999999929e+00 8.125201649350007049e-02 7.881732016722010513e-04
1.429999999999999938e+00 8.298933397350000130e-02 8.153584857895699971e-04
1.439999999999999947e+00 8.546356101299996955e-02 8.819757402538770880e-04
1.449999999999999956e+00 8.758121839700011568e-02 9.224203261016833844e-04
1.459999999999999964e+00 8.907900136150007087e-02 1.003823459979457993e-03
1.469999999999999973e+00 9.280129246049993730e-02 1.047930246360616238e-03
1.479999999999999982e+00 9.490529694799985927e-02 1.118514072215983333e-03
1.489999999999999991e+00 9.700967794799995880e-02 1.206786634549310289e-03
1.500000000000000000e+00 1.001610780340000950e-01 1.260305414285831961e-03
1.510000000000000009e+00 1.039420130915000434e-01 1.467408315684252083e-03
1.520000000000000018e+00 1.050182225040000306e-01 1.579376393468383266e-03
1.530000000000000027e+00 1.096646637830000631e-01 1.632520776054147528e-03
1.540000000000000036e+00 1.124398998155001494e-01 1.806669417992795221e-03
1.550000000000000044e+00 1.158865581854998106e-01 1.903409954533560053e-03
1.560000000000000053e+00 1.197942068974999913e-01 2.082190316101968641e-03
1.570000000000000062e+00 1.243620898019998089e-01 2.324058094924739450e-03
1.580000000000000071e+00 1.288427580204999368e-01 2.482877670519056598e-03
1.590000000000000080e+00 1.331007346744999265e-01 2.635696621700518629e-03
1.600000000000000089e+00 1.386060168190000053e-01 2.832153513184466724e-03
1.610000000000000098e+00 1.439008505639999547e-01 3.039170173034892730e-03
1.620000000000000107e+00 1.487129291519998231e-01 3.210060467398566288e-03
1.629999999999999893e+00 1.557171928115001769e-01 3.393662895299334650e-03
1.639999999999999902e+00 1.609125687370000501e-01 3.569075391578982025e-03
1.649999999999999911e+00 1.676931554574999927e-01 3.866230986748334097e-03
1.659999999999999920e+00 1.759593844320002098e-01 4.115132892175153712e-03
1.669999999999999929e+00 1.833300974000000860e-01 4.357780213114129976e-03
1.679999999999999938e+00 1.909967115860000952e-01 4.482026128793939988e-03
1.689999999999999947e+00 1.991577570764999638e-01 4.865232199701001112e-03
1.699999999999999956e+00 2.094171450200002504e-01 5.031594142719858845e-03
1.709999999999999964e+00 2.193396042880000341e-01 5.298682319970911617e-03
1.719999999999999973e+00 2.300851809350000221e-01 5.461250409845570634e-03
1.729999999999999982e+00 2.379784720899998929e-01 5.711747094337345752e-03
1.739999999999999991e+00 2.493375511550000312e-01 6.004724954260616185e-03
1.750000000000000000e+00 2.603737785499998236e-01 6.227897716622279346e-03
1.760000000000000009e+00 2.706169569749997672e-01 6.397730732070963655e-03
1.770000000000000018e+00 2.812916315550000323e-01 6.587168334682186495e-03
1.780000000000000027e+00 2.929874538999997502e-01 6.712640730172036302e-03
1.790000000000000036e+00 3.050681507200000420e-01 6.850870522847235349e-03
1.800000000000000044e+00 3.167066253700001055e-01 7.063750090148759701e-03
1.810000000000000053e+00 3.275770190700000306e-01 7.139854970628753753e-03
1.820000000000000062e+00 3.406123045850003583e-01 7.205170294136982456e-03
1.830000000000000071e+00 3.533280897200002935e-01 7.109933819640612031e-03
1.840000000000000080e+00 3.661437654500004357e-01 7.187593834514964010e-03
1.850000000000000089e+00 3.777664544199999530e-01 7.277467993314274720e-03
1.860000000000000098e+00 3.910699636850000771e-01 7.256683162680816618e-03
1.870000000000000107e+00 4.034834602049997554e-01 7.063613030701146323e-03
1.879999999999999893e+00 4.168335820700000971e-01 7.093641474609275847e-03
1.889999999999999902e+00 4.299409720949995406e-01 7.010400601313120789e-03
1.899999999999999911e+00 4.416580422400000483e-01 6.872085167239277113e-03
1.909999999999999920e+00 4.550046483600000413e-01 6.705435730938310787e-03
1.919999999999999929e+00 4.664540067249999256e-01 6.590970159481276090e-03
1.929999999999999938e+00 4.769254021900005691e-01 6.565324674060247709e-03
1.939999999999999947e+00 4.884289662150015365e-01 6.294907983003366833e-03
1.949999999999999956e+00 4.999464665699996924e-01 6.136950981880015185e-03
1.959999999999999964e+00 5.106493807049998779e-01 5.991373855533596582e-03
1.969999999999999973e+00 5.209076464250003147e-01 5.962164245460501583e-03
1.979999999999999982e+00 5.309067511000009620e-01 5.839354365460534824e-03
1.989999999999999991e+00 5.416625895800004642e-01 5.553961982426160876e-03
2.000000000000000000e+00 5.509668436999999308e-01 5.458013687489888209e-03
2.009999999999999787e+00 5.605700947500003029e-01 5.200959798526499922e-03
2.020000000000000018e+00 5.693876905499998253e-01 5.140350758975565683e-03
2.029999999999999805e+00 5.783245313650003938e-01 4.935225322679030746e-03
2.040000000000000036e+00 5.868234588549999797e-01 4.855068730322511378e-03
2.049999999999999822e+00 5.951269132749994473e-01 4.674987752597352733e-03
2.060000000000000053e+00 6.026994432749994690e-01 4.587962532745105092e-03
2.069999999999999840e+00 6.106403467799994544e-01 4.386958326409068874e-03
2.080000000000000071e+00 6.178904850999995535e-01 4.327763147272070503e-03
2.089999999999999858e+00 6.254440599899989683e-01 4.182615513810741120e-03
2.100000000000000089e+00 6.325536815900002496e-01 4.007128612451787628e-03
2.109999999999999876e+00 6.391772316550003996e-01 3.972513135899908947e-03
2.120000000000000107e+00 6.454463544899998739e-01 3.861738584636208345e-03
2.129999999999999893e+00 6.520073055199987477e-01 3.703359577409840678e-03
2.140000000000000124e+00 6.585571790249999946e-01 3.464679018295083353e-03
2.149999999999999911e+00 6.644782927649999227e-01 3.370366663324626637e-03
2.160000000000000142e+00 6.703961331650000188e-01 3.255893232281331911e-03
2.169999999999999929e+00 6.757050619600004637e-01 3.190201746780380303e-03
2.180000000000000160e+00 6.814150350200000039e-01 3.079985135497551908e-03
