7.199999999999999734e-01 4.083278775299998414e-02 1.376091649436125776e-04
7.299999999999999822e-01 4.124633697599998372e-02 1.526734790987343518e-04
7.399999999999999911e-01 4.179763576250004192e-02 1.491243358311744377e-04
7.500000000000000000e-01 4.202297717949998734e-02 1.463059426895558677e-04
7.600000000000000089e-01 4.262597485099997585e-02 1.543299323299790406e-04
7.700000000000000178e-01 4.298991627750003292e-02 1.590775426092830346e-04
7.800000000000000266e-01 4.339893963449999864e-02 1.596731809393467448e-04
7.900000000000000355e-01 4.410841053250003085e-02 1.695124566370221123e-04
8.000000000000000444e-01 4.450406649250000790e-02 1.540840361048809908e-04
8.100000000000000533e-01 4.516809107350004682e-02 1.704685774894356472e-04
8.199999999999999512e-01 4.559258475000001198e-02 1.853763495857503303e-04
8.299999999999999600e-01 4.605765711899998532e-02 1.731165491501031990e-04
8.399999999999999689e-01 4.621476439450004914e-02 1.826317625662124530e-04
8.499999999999999778e-01 4.707964683450003435e-02 1.740073949292306513e-04
8.599999999999999867e-01 4.776347834450003771e-02 1.789644232548828187e-04
8.699999999999999956e-01 4.818219595300005792e-02 1.989115101612175176e-04
8.800000000000000044e-01 4.859394612450002038e-02 1.991579964718082161e-04
8.900000000000000133e-01 4.935915609650001062e-02 1.859118482868862398e-04
9.000000000000000222e-01 5.001922408399993997e-02 1.919456350178944213e-04
9.100000000000000311e-01 5.063439722750000954e-02 2.219741364829485046e-04
9.200000000000000400e-01 5.116102191099997087e-02 2.252872306496401882e-04
9.300000000000000488e-01 5.185633192199998187e-02 2.237709601163863588e-04
9.399999999999999467e-01 5.231989468500006929e-02 2.131955638165095740e-04
9.499999999999999556e-01 5.291609357349998793e-02 2.356883841943913994e-04
9.599999999999999645e-01 5.374030709499996727e-02 2.174663573263208840e-04
9.699999999999999734e-01 5.422834783799998504e-02 2.516988775293749724e-04
9.799999999999999822e-01 5.517265417700000646e-02 2.668667577346804914e-04
9.899999999999999911e-01 5.561812087350002237e-02 2.362817050452489321e-04
1.000000000000000000e+00 5.666921684650001734e-02 2.397745997237757116e-04
1.010000000000000009e+00 5.707499198499995513e-02 2.436995532524863575e-04
1.020000000000000018e+00 5.809959874350007630e-02 2.484013176744608292e-04
1.030000000000000027e+00 5.879352237399996378e-02 2.733767988579078093e-04
1.040000000000000036e+00 5.944462090200004073e-02 2.833032267130193918e-04
1.050000000000000044e+00 6.001528330999999356e-02 2.757438272656013512e-04
1.060000000000000053e+00 6.120675347050000270e-02 2.946934183673880479e-04
1.070000000000000062e+00 6.204557125949999863e-02 3.164272508682819699e-04
1.080000000000000071e+00 6.286292479649999154e-02 3.090625446520545530e-04
1.090000000000000080e+00 6.361574994400000238e-02 3.027801727970600787e-04
1.100000000000000089e+00 6.494738648299995531e-02 3.290860061063734091e-04
1.110000000000000098e+00 6.564474867149995563e-02 3.487544759714904133e-04
1.120000000000000107e+00 6.679244348200004400e-02 3.700784050689660842e-04
1.129999999999999893e+00 6.754672038550001145e-02 3.483804041861270811e-04
1.139999999999999902e+00 6.876887569249991172e-02 3.864551835451018186e-04
1.149999999999999911e+00 6.950024743650005943e-02 3.923559773460614424e-04
1.159999999999999920e+00 7.092666177050001297e-02 3.926749056452674669e-04
1.169999999999999929e+00 7.192988031550004435e-02 4.380718992775183918e-04
1.179999999999999938e+00 7.309837438249998376e-02 4.346630381394923871e-04
1.189999999999999947e+00 7.452401834499995659e-02 5.230132633339602301e-04
1.199999999999999956e+00 7.558381908900006774e-02 5.148208101478635428e-04
1.209999999999999964e+00 7.683620852900008291e-02 5.116483156307521842e-04
1.219999999999999973e+00 7.824450008349997931e-02 5.312879011068693223e-04
1.229999999999999982e+00 7.920730658749998432e-02 5.725502582597189610e-04
1.239999999999999991e+00 8.062926747950008299e-02 5.661520111062332255e-04
1.250000000000000000e+00 8.182341342149999919e-02 5.757840325994011263e-04
1.260000000000000009e+00 8.385287411549985359e-02 7.168215856120680341e-04
1.270000000000000018e+00 8.556310308399991960e-02 7.503674618167269434e-04
1.280000000000000027e+00 8.613234709900007002e-02 7.162892050872312136e-04
1.290000000000000036e+00 8.848149892000012340e-02 7.240676876120585512e-04
1.300000000000000044e+00 9.014645751700006704e-02 8.143032825741483788e-04
1.310000000000000053e+00 9.173224411599989470e-02 8.125498211700054501e-04
1.320000000000000062e+00 9.337541994650004618e-02 8.433464557047624715e-04
1.330000000000000071e+00 9.556142017500010577e-02 9.603307856282362019e-04
1.340000000000000080e+00 9.772441661750014275e-02 9.674456285887664785e-04
1.350000000000000089e+00 9.917448840499996920e-02 9.401134561908235229e-04
1.360000000000000098e+00 1.013509443134999327e-01 1.025728068805105116e-03
1.370000000000000107e+00 1.034207041934999821e-01 1.143399184256202114e-03
1.379999999999999893e+00 1.059903941694996937e-01 1.227086873666476683e-03
1.389999999999999902e+00 1.085461528890000610e-01 1.296178278330455732e-03
1.399999999999999911e+00 1.110595703030002046e-01 1.355846342505098463e-03
1.409999999999999920e+00 1.138031095614998323e-01 1.411667546426784809e-03
1.419999999999999929e+00 1.162185933364999479e-01 1.557376519979794755e-03
1.429999999999999938e+00 1.185228560269999121e-01 1.626702250815437699e-03
1.439999999999999947e+00 1.211091513015000454e-01 1.795228874474507838e-03
1.449999999999999956e+00 1.238435889484999219e-01 1.894319160331621021e-03
1.459999999999999964e+00 1.284755198724999159e-01 1.997395694977803938e-03
1.469999999999999973e+00 1.310865163364998698e-01 2.172308729602276563e-03
1.479999999999999982e+00 1.343530394094998859e-01 2.285975396322209845e-03
1.489999999999999991e+00 1.380521163185000622e-01 2.289177299315194036e-03
1.500000000000000000e+00 1.428423554275000396e-01 2.566353416048007628e-03
1.510000000000000009e+00 1.463134333319998925e-01 2.676827261112220933e-03
1.520000000000000018e+00 1.502041217595000144e-01 2.773713381834434430e-03
1.530000000000000027e+00 1.538220779190000165e-01 2.906323471466291941e-03
1.540000000000000036e+00 1.593210648829999077e-01 3.005784817384914154e-03
1.550000000000000044e+00 1.629405175299999398e-01 3.129555045883344877e-03
1.560000000000000053e+00 1.683054937200000600e-01 3.322296169472598471e-03
1.570000000000000062e+00 1.738461425400000537e-01 3.514805947759806586e-03
1.580000000000000071e+00 1.792749488650003942e-01 3.762199817595685957e-03
1.590000000000000080e+00 1.853500008800001708e-01 3.870874824969301048e-03
1.600000000000000089e+00 1.902188813850002325e-01 4.128178842802124673e-03
1.610000000000000098e+00 1.968338741749999787e-01 4.274771253128175665e-03
1.620000000000000107e+00 2.015772525749999489e-01 4.519988870735383926e-03
1.629999999999999893e+00 2.104945908650000808e-01 4.682004368918349889e-03
1.639999999999999902e+00 2.167557509850003561e-01 5.012795487428948343e-03
1.649999999999999911e+00 2.246540009649999614e-01 5.220402661266903069e-03
1.659999999999999920e+00 2.328592769000001339e-01 5.414471926254526765e-03
1.669999999999999929e+00 2.390949611499999794e-01 5.603491388765039632e-03
1.679999999999999938e+00 2.479235260649999550e-01 5.822465200464622959e-03
1.689999999999999947e+00 2.553706703150003809e-01 6.065590172331722721e-03
1.699999999999999956e+00 2.642071206499999603e-01 6.210583896941563979e-03
1.709999999999999964e+00 2.735557505500000874e-01 6.367175059085107558e-03
1.719999999999999973e+00 2.811995043599996857e-01 6.488447882226050512e-03
1.729999999999999982e+00 2.900601123800001790e-01 6.715320369958897168e-03
1.739999999999999991e+00 3.004187152950002493e-01 6.827354328521192776e-03
1.750000000000000000e+00 3.103660943850000131e-01 7.001702198033569850e-03
1.760000000000000009e+00 3.215166792299997689e-01 7.022874436066427022e-03
1.770000000000000018e+00 3.283779621550000916e-01 7.220480975197981870e-03
1.780000000000000027e+00 3.402354903600001146e-01 7.399757244437335686e-03
1.790000000000000036e+00 3.534090579349998817e-01 7.481220826997453388e-03
1.800000000000000044e+00 3.642750008099998604e-01 7.591716962836531947e-03
1.810000000000000053e+00 3.744736400050001635e-01 7.716199465523404522e-03
1.820000000000000062e+00 3.873480819299998656e-01 7.645402360241663683e-03
1.830000000000000071e+00 3.981434314300002497e-01 7.768435186730104219e-03
1.840000000000000080e+00 4.090769548800002320e-01 7.825055380533869204e-03
1.850000000000000089e+00 4.189346031599999742e-01 7.765050824706938061e-03
1.860000000000000098e+00 4.291381908750001029e-01 7.794465228562707376e-03
1.870000000000000107e+00 4.397343326249998352e-01 7.766673989532153245e-03
1.879999999999999893e+00 4.488172441699994630e-01 7.718922088867984609e-03
1.889999999999999902e+00 4.589756067300000963e-01 7.658632010684324372e-03
1.899999999999999911e+00 4.694866801300007775e-01 7.514168622961393297e-03
1.909999999999999920e+00 4.798152091050000290e-01 7.390931154774522949e-03
1.919999999999999929e+00 4.902588134800002773e-01 7.368162539244262239e-03
1.929999999999999938e+00 4.994590720900000669e-01 7.290640328317354348e-03
1.939999999999999947e+00 5.098299303250000136e-01 7.209084784035509411e-03
1.949999999999999956e+00 5.196796065499997841e-01 7.030200287857049299e-03
1.959999999999999964e+00 5.285349809750000682e-01 6.999238148524769380e-03
1.969999999999999973e+00 5.380553416700004643e-01 6.841134756214516804e-03
1.979999999999999982e+00 5.463301930749998592e-01 6.844596049840093524e-03
1.989999999999999991e+00 5.555232183400008461e-01 6.665068064842194669e-03
2.000000000000000000e+00 5.642037851649998048e-01 6.529705138813214627e-03
2.009999999999999787e+00 5.726319780149995431e-01 6.344470418097588292e-03
2.020000000000000018e+00 5.808338950400002698e-01 6.206140356153150121e-03
2.029999999999999805e+00 5.884220625400001792e-01 6.096424194278958833e-03
2.040000000000000036e+00 5.964642120550007753e-01 5.935138889782816396e-03
2.049999999999999822e+00 6.043625022850002138e-01 5.787390572413514921e-03
2.060000000000000053e+00 6.124164876950000114e-01 5.548929702708145333e-03
2.069999999999999840e+00 6.194071805999999958e-01 5.403347973465242628e-03
2.080000000000000071e+00 6.255868528549998198e-01 5.417339640186544583e-03
2.089999999999999858e+00 6.328605935850012409e-01 5.163232657186367196e-03
2.100000000000000089e+00 6.399596227899991829e-01 4.975095802632255489e-03
2.109999999999999876e+00 6.462258272050001029e-01 4.835509911271224266e-03
2.120000000000000107e+00 6.520803398999999168e-01 4.800029242042397337e-03
2.129999999999999893e+00 6.579154664050014256e-01 4.707316991412262633e-03
2.140000000000000124e+00 6.634733268350000435e-01 4.583214046609994895e-03
2.149999999999999911e+00 6.692167911949994386e-01 4.480960971741493673e-03
2.160000000000000142e+00 6.746911279549994145e-01 4.373345535013324278e-03
2.169999999999999929e+00 6.800448063949998678e-01 4.309375916836302896e-03
2.180000000000000160e+00 6.851222963249995468e-01 4.146014693058375396e-03
2.189999999999999947e+00 6.906439828550001714e-01 4.023140048973474284e-03
2.200000000000000178e+00 6.952008394450002182e-01 3.959900373465643532e-03
2.209999999999999964e+00 6.999927773800000974e-01 3.892838512845774989e-03
2.220000000000000195e+00 7.045115366150005443e-01 3.812384706937404708e-03
2.229999999999999982e+00 7.092515584949997676e-01 3.722751219910799478e-03
2.240000000000000213e+00 7.136039190499989804e-01 3.663896515078841811e-03
2.250000000000000000e+00 7.179242935800000947e-01 3.598242548207729839e-03
2.259999999999999787e+00 7.220027702850002616e-01 3.567244575189842167e-03
2.270000000000000018e+00 7.263078573850001440e-01 3.482106861823942943e-03
2.279999999999999805e+00 7.302272366000007731e-01 3.414063793333960758e-03
2.290000000000000036e+00 7.342228803600004960e-01 3.343016170322701992e-03
2.299999999999999822e+00 7.381766786899999211e-01 3.281480202717446809e-03
2.310000000000000053e+00 7.419162537450002537e-01 3.207685775889745298e-03
