1.050000000000000044e+00 5.248955792650002866e-02 2.545650838809288409e-04
1.060000000000000053e+00 5.315481273499998022e-02 2.576060649472691473e-04
1.070000000000000062e+00 5.369380011599997338e-02 2.588458356869432087e-04
1.080000000000000071e+00 5.426120295200005661e-02 2.598515142709375376e-04
1.090000000000000080e+00 5.487065782149998933e-02 2.662834011391667223e-04
1.100000000000000089e+00 5.552940796499999943e-02 2.691082672873370651e-04
1.110000000000000098e+00 5.622907233399997151e-02 2.853193164808170003e-04
1.120000000000000107e+00 5.700744129349996636e-02 3.005410489423136701e-04
1.129999999999999893e+00 5.773832919599994340e-02 3.018561180480302045e-04
1.139999999999999902e+00 5.818476682100003072e-02 3.013510761030714852e-04
1.149999999999999911e+00 5.880209242750001480e-02 3.014254071829039526e-04
1.159999999999999920e+00 5.958791658300008343e-02 3.309249160338033542e-04
1.169999999999999929e+00 6.043489457449995050e-02 3.385160555475524207e-04
1.179999999999999938e+00 6.093967441100005267e-02 3.613212157605336311e-04
1.189999999999999947e+00 6.193736732300004350e-02 3.527969793838657293e-04
1.199999999999999956e+00 6.280142863750000359e-02 3.764986190486064969e-04
1.209999999999999964e+00 6.327032108099997498e-02 3.611363516059378528e-04
1.219999999999999973e+00 6.405182058549996338e-02 3.676679538725897631e-04
1.229999999999999982e+00 6.470107776550010348e-02 3.688404875708117402e-04
1.239999999999999991e+00 6.570208491449999744e-02 4.164955456809411503e-04
1.250000000000000000e+00 6.660213002499998369e-02 4.233492640212027972e-04
1.260000000000000009e+00 6.748967272849994148e-02 4.005140228193125010e-04
1.270000000000000018e+00 6.812387838200002765e-02 4.284951734562118873e-04
1.280000000000000027e+00 6.910723001899994611e-02 4.444010903624486192e-04
1.290000000000000036e+00 7.047174768100007702e-02 4.936811953358137594e-04
1.300000000000000044e+00 7.091934397900000187e-02 4.640449454397143551e-04
1.310000000000000053e+00 7.171029536899987955e-02 5.129485093097862353e-04
1.320000000000000062e+00 7.247828665949994364e-02 5.007134780546604888e-04
1.330000000000000071e+00 7.406815144749992474e-02 5.145247934622988305e-04
1.340000000000000080e+00 7.468588247949997649e-02 5.084729429061178151e-04
1.350000000000000089e+00 7.632878341549999279e-02 5.678264310909925550e-04
1.360000000000000098e+00 7.642365046199996181e-02 5.360590818060515959e-04
1.370000000000000107e+00 7.829604090050014398e-02 5.916012406615071915e-04
1.379999999999999893e+00 7.944576181449990171e-02 6.567330590695061787e-04
1.389999999999999902e+00 8.047494113549992500e-02 6.244246887349913988e-04
1.399999999999999911e+00 8.168984969000006591e-02 6.733842501469941176e-04
1.409999999999999920e+00 8.261170649249992282e-02 7.013257029621776557e-04
1.419999999999999929e+00 8.371479135750001244e-02 6.543685315484148828e-04
1.429999999999999938e+00 8.477601332249982968e-02 7.365461094724931688e-04
1.439999999999999947e+00 8.608247457350001741e-02 7.850657513154265859e-04
1.449999999999999956e+00 8.781934165649987745e-02 8.640481846877793573e-04
1.459999999999999964e+00 8.887603722000012030e-02 7.726782501120177437e-04
1.469999999999999973e+00 9.021981109799996623e-02 8.790261626105634520e-04
1.479999999999999982e+00 9.177566917000001823e-02 9.180131053593400346e-04
1.489999999999999991e+00 9.332515762499998813e-02 9.487383780548879278e-04
1.500000000000000000e+00 9.490754854050006961e-02 9.798680161796006864e-04
1.510000000000000009e+00 9.606777082900011533e-02 1.083893483108367599e-03
1.520000000000000018e+00 9.770998985199996767e-02 1.144948078808295409e-03
1.530000000000000027e+00 9.936763699900004465e-02 1.147213896282072657e-03
1.540000000000000036e+00 1.011466804189999763e-01 1.160995435412794964e-03
1.550000000000000044e+00 1.026959557110000698e-01 1.306991999835400422e-03
1.560000000000000053e+00 1.048436553515000591e-01 1.359165181452541213e-03
1.570000000000000062e+00 1.068927793305001067e-01 1.435810358608695077e-03
1.580000000000000071e+00 1.081795718849999921e-01 1.496903107189544516e-03
1.590000000000000080e+00 1.104428776300000192e-01 1.623490974959833355e-03
1.600000000000000089e+00 1.124375646335000756e-01 1.614319765273706945e-03
1.610000000000000098e+00 1.142871783104999484e-01 1.705254971606632404e-03
1.620000000000000107e+00 1.156085150915000803e-01 1.719718863276482488e-03
1.629999999999999893e+00 1.187783820494998088e-01 1.809724361810495378e-03
1.639999999999999902e+00 1.206198167500001361e-01 1.915647993124517008e-03
1.649999999999999911e+00 1.234874988474999602e-01 2.045846729744415973e-03
1.659999999999999920e+00 1.249395945939999891e-01 2.083994907092879146e-03
1.669999999999999929e+00 1.285718171319998882e-01 2.181344258500188694e-03
1.679999999999999938e+00 1.305579737440001886e-01 2.325925110602069124e-03
1.689999999999999947e+00 1.320964299300001199e-01 2.412069524223776559e-03
1.699999999999999956e+00 1.357091868804998769e-01 2.546744439589539340e-03
1.709999999999999964e+00 1.396179279834999509e-01 2.627019831193903171e-03
1.719999999999999973e+00 1.412383419030000531e-01 2.731354363456673685e-03
1.729999999999999982e+00 1.439432979275000746e-01 2.804664260860182962e-03
1.739999999999999991e+00 1.468196418965000694e-01 2.926883560601302708e-03
1.750000000000000000e+00 1.489832942320001852e-01 3.039326844590212184e-03
1.760000000000000009e+00 1.534823283069999544e-01 3.176316521246270314e-03
1.770000000000000018e+00 1.571321280849997393e-01 3.294049635468766432e-03
1.780000000000000027e+00 1.609812569685000472e-01 3.476060030769941717e-03
1.790000000000000036e+00 1.638963313880000272e-01 3.621622396453747558e-03
1.800000000000000044e+00 1.675529007340001986e-01 3.661251754982375577e-03
1.810000000000000053e+00 1.716475302350003174e-01 3.807422527814131354e-03
1.820000000000000062e+00 1.751710631949996988e-01 3.986569154307416374e-03
1.830000000000000071e+00 1.813083667650001451e-01 4.145109778036061912e-03
1.840000000000000080e+00 1.835859884400001807e-01 4.312613781506140914e-03
1.850000000000000089e+00 1.880796270099997225e-01 4.388409309874656550e-03
1.860000000000000098e+00 1.935499995199996548e-01 4.458570506453662236e-03
1.870000000000000107e+00 1.985390220950000451e-01 4.729917036503806203e-03
1.879999999999999893e+00 2.023385920300000973e-01 4.876779082956478849e-03
1.889999999999999902e+00 2.074724239449999841e-01 4.979646467067134000e-03
1.899999999999999911e+00 2.137490439749998306e-01 5.152917372427762155e-03
1.909999999999999920e+00 2.182325464250001457e-01 5.252661217533255780e-03
1.919999999999999929e+00 2.217988453700001361e-01 5.413397725228603213e-03
1.929999999999999938e+00 2.288010771199999460e-01 5.645649435867802768e-03
1.939999999999999947e+00 2.331604087349997412e-01 5.731571597433989841e-03
1.949999999999999956e+00 2.391633680849999388e-01 5.884206970793494536e-03
1.959999999999999964e+00 2.449717486449999038e-01 6.074234254422806144e-03
1.969999999999999973e+00 2.513045486949999074e-01 6.083221176889374443e-03
1.979999999999999982e+00 2.581518074150002673e-01 6.275736373931609276e-03
1.989999999999999991e+00 2.648114383449997611e-01 6.327575908677971622e-03
2.000000000000000000e+00 2.708011774049998710e-01 6.538738969610581597e-03
2.009999999999999787e+00 2.776786655650003155e-01 6.594614720343680916e-03
2.020000000000000018e+00 2.824751251599996738e-01 6.784625532476178458e-03
2.029999999999999805e+00 2.905999309750001980e-01 6.916372029351797526e-03
2.040000000000000036e+00 2.974807455199998119e-01 6.976153026341454753e-03
2.049999999999999822e+00 3.055877405800001001e-01 7.056278232451696809e-03
2.060000000000000053e+00 3.115909646400001898e-01 7.162486463457580499e-03
2.069999999999999840e+00 3.176064551899996924e-01 7.322940045543993061e-03
2.080000000000000071e+00 3.273886913100002571e-01 7.279723708100651995e-03
2.089999999999999858e+00 3.340717011150000082e-01 7.309654909029659337e-03
2.100000000000000089e+00 3.412638514150000968e-01 7.443307512363463857e-03
2.109999999999999876e+00 3.489356051249998814e-01 7.499942837815489621e-03
2.120000000000000107e+00 3.568709311500002923e-01 7.485201733552072738e-03
2.129999999999999893e+00 3.646123385300000241e-01 7.565172740497489064e-03
2.140000000000000124e+00 3.709361390850002826e-01 7.642840832355893115e-03
2.149999999999999911e+00 3.794877862700004600e-01 7.657675200365860260e-03
2.160000000000000142e+00 3.879749295649999596e-01 7.717380823346290698e-03
2.169999999999999929e+00 3.952111791049998102e-01 7.694853433287735314e-03
2.180000000000000160e+00 4.036650221449996634e-01 7.638548846438707532e-03
2.189999999999999947e+00 4.120266326850000604e-01 7.643611996536810345e-03
2.200000000000000178e+00 4.193704590300002533e-01 7.597610056440499277e-03
2.209999999999999964e+00 4.274584776450002233e-01 7.508001761352807446e-03
2.220000000000000195e+00 4.353988308549995856e-01 7.535603957471511891e-03
2.229999999999999982e+00 4.426658799300002833e-01 7.553187365608259214e-03
2.240000000000000213e+00 4.513115758899998720e-01 7.466033598129791747e-03
2.250000000000000000e+00 4.603561032349998694e-01 7.387287080853657296e-03
2.259999999999999787e+00 4.667931639600004234e-01 7.410998020393573353e-03
2.270000000000000018e+00 4.758902749850000835e-01 7.305763515729259486e-03
2.279999999999999805e+00 4.830667276900002527e-01 7.193316827826003873e-03
2.290000000000000036e+00 4.917058087149999701e-01 7.109226684973319124e-03
2.299999999999999822e+00 4.993604271000001704e-01 7.022841327866936011e-03
2.310000000000000053e+00 5.069772438050001995e-01 6.899876004481790039e-03
2.319999999999999840e+00 5.140058501550002212e-01 6.833848273177917793e-03
2.330000000000000071e+00 5.214631085849996683e-01 6.757141070312239033e-03
2.339999999999999858e+00 5.281917244299993985e-01 6.637260871115580572e-03
2.350000000000000089e+00 5.345595496549998549e-01 6.569557268091922100e-03
2.359999999999999876e+00 5.417178452799993327e-01 6.424365296034613079e-03
2.370000000000000107e+00 5.479051213699998035e-01 6.354806683330250193e-03
2.379999999999999893e+00 5.542648329550001751e-01 6.243003575895568653e-03
2.390000000000000124e+00 5.615235185550003782e-01 6.099806048548441460e-03
2.399999999999999911e+00 5.678299429750005567e-01 5.984403865471348352e-03
2.410000000000000142e+00 5.741392159749998392e-01 5.865754752948503827e-03
2.419999999999999929e+00 5.800777684199998063e-01 5.793809710750717420e-03
2.430000000000000160e+00 5.857683202150005819e-01 5.686619688475792397e-03
2.439999999999999947e+00 5.918901005699997997e-01 5.579691246807094197e-03
2.450000000000000178e+00 5.978260167850001361e-01 5.478156852796666268e-03
2.459999999999999964e+00 6.032703907199999938e-01 5.377129160973255148e-03
2.470000000000000195e+00 6.091594928850004864e-01 5.304979408453207486e-03
2.479999999999999982e+00 6.146830342100000344e-01 5.154212341400687264e-03
2.490000000000000213e+00 6.195461315549999348e-01 5.136216842568572943e-03
2.500000000000000000e+00 6.248130401699998338e-01 5.023460987177967400e-03
2.509999999999999787e+00 6.300230517950003994e-01 4.916311131354551833e-03
2.520000000000000018e+00 6.348989633199998428e-01 4.888346138467673102e-03
2.529999999999999805e+00 6.401732680599997449e-01 4.737945634915747932e-03
2.540000000000000036e+00 6.447623752350009063e-01 4.663977226943969399e-03
2.549999999999999822e+00 6.498455365999997735e-01 4.514522272631230071e-03
2.560000000000000053e+00 6.542505665049997976e-01 4.489303228733849613e-03
2.569999999999999840e+00 6.586526165649996267e-01 4.372684006673620803e-03
2.580000000000000071e+00 6.631792485550006555e-01 4.331240608864043475e-03
2.589999999999999858e+00 6.678157778099998998e-01 4.204115527941320457e-03
2.600000000000000089e+00 6.718493475899992573e-01 4.121801759986559385e-03
2.609999999999999876e+00 6.756609289450000722e-01 4.087385257964796029e-03
2.620000000000000107e+00 6.799438202149999944e-01 3.973932550463037464e-03
2.629999999999999893e+00 6.841388448800005406e-01 3.887727255734205190e-03
2.640000000000000124e+00 6.881987408350002111e-01 3.800486374932589805e-03
