1.489999999999999991e+00 4.631744194099998019e-02 3.117400729214290069e-04
1.500000000000000000e+00 4.678292254199997724e-02 2.993955363018143074e-04
1.510000000000000009e+00 4.775085885599993779e-02 3.330458030588156473e-04
1.520000000000000018e+00 4.874113181949999568e-02 3.208706309127124369e-04
1.530000000000000027e+00 4.923623392199999449e-02 3.646720084507356838e-04
1.540000000000000036e+00 5.000434031750002756e-02 3.353822370752329888e-04
1.550000000000000044e+00 5.083204654799999833e-02 3.549184659830706173e-04
1.560000000000000053e+00 5.189413759100000578e-02 4.131860403169453771e-04
1.570000000000000062e+00 5.295390315700004846e-02 4.072958014361315526e-04
1.580000000000000071e+00 5.369034285250004479e-02 4.099271447852673059e-04
1.590000000000000080e+00 5.454236159150002705e-02 4.101338730750296157e-04
1.600000000000000089e+00 5.504093666650006211e-02 4.232103865303932862e-04
1.610000000000000098e+00 5.650654914550001101e-02 4.597001856024546360e-04
1.620000000000000107e+00 5.714435877399993979e-02 4.623079916499224593e-04
1.629999999999999893e+00 5.842652607799994624e-02 5.057806746829231898e-04
1.639999999999999902e+00 5.997818041750000578e-02 4.995065945184845027e-04
1.649999999999999911e+00 6.099962213849996484e-02 5.283346577702768181e-04
1.659999999999999920e+00 6.192100769900003160e-02 5.827228937063193802e-04
1.669999999999999929e+00 6.333248952949996347e-02 5.657545689874473455e-04
1.679999999999999938e+00 6.445344948599997237e-02 6.155561655339797118e-04
1.689999999999999947e+00 6.580280853300003729e-02 6.059453961016005074e-04
1.699999999999999956e+00 6.707429454599997398e-02 6.709152776016248567e-04
1.709999999999999964e+00 6.811860725849996911e-02 7.310344847642233183e-04
1.719999999999999973e+00 6.977622486650000844e-02 7.306773587254987391e-04
1.729999999999999982e+00 7.158519526400006217e-02 8.515576608000214372e-04
1.739999999999999991e+00 7.389043273849998927e-02 9.670021693270239825e-04
1.750000000000000000e+00 7.599103466649999306e-02 1.022140201562215861e-03
1.760000000000000009e+00 7.734035939350007716e-02 1.003978629882538477e-03
1.770000000000000018e+00 7.942872412100000779e-02 1.119271343907449201e-03
1.780000000000000027e+00 8.140187938950006752e-02 1.223597484780396694e-03
1.790000000000000036e+00 8.397880176049996037e-02 1.230994618726684265e-03
1.800000000000000044e+00 8.566565301199996485e-02 1.396839391342712339e-03
1.810000000000000053e+00 8.818298672600004273e-02 1.552307080360850735e-03
1.820000000000000062e+00 9.077741680749992770e-02 1.635776320168268010e-03
1.830000000000000071e+00 9.426986938849996056e-02 1.762351155198959912e-03
1.840000000000000080e+00 9.659440044500003375e-02 1.922879150387115038e-03
1.850000000000000089e+00 9.972848742900002061e-02 1.995967702013882322e-03
1.860000000000000098e+00 1.029142416990000003e-01 2.179788972062222593e-03
1.870000000000000107e+00 1.067578965575000788e-01 2.248643185645562547e-03
1.879999999999999893e+00 1.102276554175000006e-01 2.426177483301014941e-03
1.889999999999999902e+00 1.149536677105000709e-01 2.595769523232495900e-03
1.899999999999999911e+00 1.192859578010000421e-01 2.827359367514587114e-03
1.909999999999999920e+00 1.238501570725000500e-01 2.982481533952621635e-03
1.919999999999999929e+00 1.287949925010000440e-01 3.201470262670438448e-03
1.929999999999999938e+00 1.329672249019999142e-01 3.287231338086951931e-03
1.939999999999999947e+00 1.395218038359998525e-01 3.497570371433140948e-03
1.949999999999999956e+00 1.446460054655000216e-01 3.778454701618173383e-03
1.959999999999999964e+00 1.512491164065001004e-01 3.910544550308339001e-03
1.969999999999999973e+00 1.580827144520000616e-01 4.138176047418260645e-03
1.979999999999999982e+00 1.638092254504998901e-01 4.361579823337690537e-03
1.989999999999999991e+00 1.712814339675000075e-01 4.452162294550944359e-03
2.000000000000000000e+00 1.800591272839999479e-01 4.622879309545489812e-03
2.009999999999999787e+00 1.861697861679999788e-01 4.872458314478400436e-03
2.020000000000000018e+00 1.946312421085001632e-01 5.048045293820780342e-03
2.029999999999999805e+00 2.035333976525001975e-01 5.270137718837526221e-03
2.040000000000000036e+00 2.114148619765000847e-01 5.391837851914747098e-03
2.049999999999999822e+00 2.219639184769999773e-01 5.729304245646357589e-03
2.060000000000000053e+00 2.305001535160000337e-01 5.790190584683322338e-03
2.069999999999999840e+00 2.412381672540001298e-01 5.993970569030694466e-03
2.080000000000000071e+00 2.501228456200001449e-01 6.061539508564263955e-03
2.089999999999999858e+00 2.599789623150002282e-01 6.190364972988735871e-03
2.100000000000000089e+00 2.722537279750001371e-01 6.239852127005424132e-03
2.109999999999999876e+00 2.834439960600001474e-01 6.302062322501647551e-03
2.120000000000000107e+00 2.946337210550000751e-01 6.321171689221422550e-03
2.129999999999999893e+00 3.062168239450001606e-01 6.303870204435642506e-03
2.140000000000000124e+00 3.172025744249998835e-01 6.409948237015647074e-03
2.149999999999999911e+00 3.287647870049998922e-01 6.320275411523025924e-03
2.160000000000000142e+00 3.403974523100000149e-01 6.221059885789359534e-03
2.169999999999999929e+00 3.509799452549994814e-01 6.226001364450320721e-03
2.180000000000000160e+00 3.628877176049999931e-01 6.049667314480853576e-03
2.189999999999999947e+00 3.729758877550002349e-01 5.960630207327517749e-03
2.200000000000000178e+00 3.842794265699999157e-01 5.923851823718990529e-03
2.209999999999999964e+00 3.949874423250002708e-01 5.731693542809751518e-03
2.220000000000000195e+00 4.054212728699994606e-01 5.734314181311141352e-03
2.229999999999999982e+00 4.160669147299999038e-01 5.514590805128372596e-03
2.240000000000000213e+00 4.262671188150001234e-01 5.353993554969191729e-03
2.250000000000000000e+00 4.358433585200003346e-01 5.290167122562982466e-03
2.259999999999999787e+00 4.458285809500000529e-01 5.188441996517492889e-03
2.270000000000000018e+00 4.557171080450004852e-01 5.012207730943463169e-03
2.279999999999999805e+00 4.656592303699999547e-01 4.787510283328564632e-03
2.290000000000000036e+00 4.743912387299996092e-01 4.696994628364291498e-03
2.299999999999999822e+00 4.837883773450001867e-01 4.475278071351754434e-03
2.310000000000000053e+00 4.926870676700002005e-01 4.271353582703586206e-03
2.319999999999999840e+00 5.009914095700001013e-01 4.163770439734306057e-03
2.330000000000000071e+00 5.098799402949998338e-01 3.962894446956995512e-03
2.339999999999999858e+00 5.172275207149997778e-01 3.906448924260675672e-03
2.350000000000000089e+00 5.253058371700004558e-01 3.727346717391426516e-03
2.359999999999999876e+00 5.327889649249997195e-01 3.635682059110086073e-03
2.370000000000000107e+00 5.402568680000001677e-01 3.506818340586680474e-03
2.379999999999999893e+00 5.473744794499998401e-01 3.437307969778508488e-03
2.390000000000000124e+00 5.545708758900003144e-01 3.324876348662565012e-03
2.399999999999999911e+00 5.612671051199998873e-01 3.209164956199897500e-03
2.410000000000000142e+00 5.677391571250002267e-01 3.135737887049581778e-03
2.419999999999999929e+00 5.741204969600003372e-01 3.040628482132936086e-03
