5.000000000000000278e-02 3.334925039899997584e-02 8.567246593465566065e-05
5.999999999999999778e-02 3.386439414800004877e-02 8.787493543583483680e-05
7.000000000000000666e-02 3.437618528900000109e-02 9.408651588917167987e-05
8.000000000000000167e-02 3.486180950949999136e-02 9.723828555983105048e-05
8.999999999999999667e-02 3.523492602899998272e-02 1.000558324813129190e-04
1.000000000000000056e-01 3.565783187549999289e-02 9.910373309261981520e-05
1.100000000000000006e-01 3.608021227749997478e-02 9.723217744666865316e-05
1.199999999999999956e-01 3.668450920900003659e-02 1.044393331137676294e-04
1.300000000000000044e-01 3.714545879650003185e-02 9.856811995865712530e-05
1.400000000000000133e-01 3.742095261200002049e-02 9.747703431724730162e-05
1.499999999999999944e-01 3.808161419599998682e-02 1.083862790738638737e-04
1.600000000000000033e-01 3.860938705949999716e-02 1.155986294844360665e-04
1.700000000000000122e-01 3.897886735299996297e-02 1.094575589290910586e-04
1.799999999999999933e-01 3.945677368150000280e-02 1.185395872870667947e-04
1.900000000000000022e-01 3.991570754099992013e-02 1.144583125594238123e-04
2.000000000000000111e-01 4.045235472249996550e-02 1.108533091863194683e-04
2.099999999999999922e-01 4.104157419699999004e-02 1.136191740440857680e-04
2.200000000000000011e-01 4.161005310099992471e-02 1.315054592930329364e-04
2.300000000000000100e-01 4.212524109950004786e-02 1.263751392123390531e-04
2.399999999999999911e-01 4.262825600700004269e-02 1.338492864719046684e-04
2.500000000000000000e-01 4.309199095300008525e-02 1.355773528840935349e-04
2.600000000000000089e-01 4.362671170699994327e-02 1.276317162902274743e-04
2.700000000000000178e-01 4.428052807600003915e-02 1.434155607123627522e-04
2.800000000000000266e-01 4.491898716750000048e-02 1.359988257728266317e-04
2.899999999999999800e-01 4.533236242100002755e-02 1.421862017961410870e-04
2.999999999999999889e-01 4.590135975799998491e-02 1.410832618988967931e-04
3.099999999999999978e-01 4.683028718299998144e-02 1.429603284463246084e-04
3.200000000000000067e-01 4.706235077499996977e-02 1.517283257324338725e-04
3.300000000000000155e-01 4.795474225500003657e-02 1.484137140962841562e-04
3.400000000000000244e-01 4.827267993549998193e-02 1.529250064613834204e-04
3.499999999999999778e-01 4.889423116500005856e-02 1.520790820539264301e-04
3.599999999999999867e-01 4.951622963149995837e-02 1.650939306078438775e-04
3.699999999999999956e-01 5.017032688799995949e-02 1.578232316259786747e-04
3.800000000000000044e-01 5.088339412450001986e-02 1.615086273761361893e-04
3.900000000000000133e-01 5.152096237250000654e-02 1.655261566751463137e-04
4.000000000000000222e-01 5.228478192999995444e-02 1.772956327773941789e-04
4.099999999999999756e-01 5.278838969900002953e-02 1.828903670780756511e-04
4.199999999999999845e-01 5.362719183450000843e-02 1.908678367884958360e-04
4.299999999999999933e-01 5.433103044750002553e-02 1.927391794245286326e-04
4.400000000000000022e-01 5.500035412700002291e-02 1.855646557356936232e-04
4.500000000000000111e-01 5.562208513649994496e-02 1.964514995604382569e-04
4.600000000000000200e-01 5.653413103350001662e-02 1.979906906466013714e-04
4.699999999999999734e-01 5.724514260849993680e-02 2.122684509762043186e-04
4.799999999999999822e-01 5.782251239900001311e-02 2.065595321291051692e-04
4.899999999999999911e-01 5.852668543850001598e-02 2.169372327020901276e-04
5.000000000000000000e-01 5.929020025450001952e-02 2.272704608630468192e-04
5.100000000000000089e-01 5.998724339900003005e-02 2.144447687553893386e-04
5.200000000000000178e-01 6.081144582549997957e-02 2.130880432926935168e-04
5.300000000000000266e-01 6.169665606100007554e-02 2.366657982812733307e-04
5.400000000000000355e-01 6.235562201449999786e-02 2.538111391331345922e-04
5.500000000000000444e-01 6.336558497950005309e-02 2.348423920214721679e-04
5.600000000000000533e-01 6.393990282849988660e-02 2.685403317061799936e-04
5.699999999999999512e-01 6.527289583599990563e-02 2.733912297419963675e-04
5.799999999999999600e-01 6.625533323999995006e-02 2.781871918091329736e-04
5.899999999999999689e-01 6.676052476399998992e-02 2.616420227280317231e-04
5.999999999999999778e-01 6.752069144849995319e-02 2.941297000730909309e-04
6.099999999999999867e-01 6.833344325199999791e-02 2.867218551626476530e-04
6.199999999999999956e-01 6.932291346500008000e-02 2.934319640854758703e-04
6.300000000000000044e-01 7.037036068400001620e-02 2.774889031187951854e-04
6.400000000000000133e-01 7.133876891649998386e-02 3.160569754131596371e-04
6.500000000000000222e-01 7.216467330500003774e-02 3.120503892938819839e-04
6.600000000000000311e-01 7.357081204850000888e-02 3.349454035994696671e-04
6.700000000000000400e-01 7.412047001800009527e-02 3.399050499416842439e-04
6.800000000000000488e-01 7.515487987499994138e-02 3.309132951481668196e-04
6.899999999999999467e-01 7.657617976799996340e-02 3.642260442233291465e-04
6.999999999999999556e-01 7.712536260850012815e-02 3.319217892131532126e-04
7.099999999999999645e-01 7.826901944149990131e-02 3.560734138630650657e-04
7.199999999999999734e-01 7.976071369949985779e-02 3.758349088458616538e-04
7.299999999999999822e-01 8.053910588950007055e-02 3.948333709791039146e-04
7.399999999999999911e-01 8.175211106400008532e-02 3.725735448882326367e-04
7.500000000000000000e-01 8.272554958550011606e-02 4.035128475093024514e-04
7.600000000000000089e-01 8.447748789799996993e-02 4.076413063231986138e-04
7.700000000000000178e-01 8.540049841449999513e-02 3.806567221509070485e-04
7.800000000000000266e-01 8.713382673300004710e-02 4.225010677806018632e-04
7.900000000000000355e-01 8.822125189750008867e-02 4.283724635399815159e-04
8.000000000000000444e-01 8.971066529200007189e-02 4.663431325710067749e-04
8.100000000000000533e-01 9.134753423150009100e-02 4.795835089390500347e-04
8.199999999999999512e-01 9.264769670750003239e-02 5.088266426021733875e-04
8.299999999999999600e-01 9.428076811349991870e-02 5.041518880642645870e-04
8.399999999999999689e-01 9.544401569049985878e-02 5.270163963520434680e-04
8.499999999999999778e-01 9.717879841349995329e-02 5.310533673972937666e-04
8.599999999999999867e-01 9.892421049600003125e-02 5.800421703720961110e-04
8.699999999999999956e-01 1.004571020195001024e-01 5.544757629076520027e-04
8.800000000000000044e-01 1.021312422420000005e-01 6.058962643050444042e-04
8.900000000000000133e-01 1.043984280454999802e-01 6.362849328717572542e-04
9.000000000000000222e-01 1.060870450760001277e-01 6.761032934979635100e-04
9.100000000000000311e-01 1.074288924160000241e-01 6.565678514302109936e-04
9.200000000000000400e-01 1.098229323100000376e-01 7.273628414027130803e-04
9.300000000000000488e-01 1.120995310309998855e-01 7.583299208556223015e-04
9.399999999999999467e-01 1.139581549030000973e-01 8.110273784376012150e-04
9.499999999999999556e-01 1.165287334350000870e-01 8.345858063910700135e-04
9.599999999999999645e-01 1.184884005360001685e-01 8.906816605047495738e-04
9.699999999999999734e-01 1.208394964230000423e-01 9.036143438168845344e-04
9.799999999999999822e-01 1.230708936709999646e-01 9.746661770593072205e-04
9.899999999999999911e-01 1.250009530685000370e-01 9.976732253340722840e-04
1.000000000000000000e+00 1.283806520050001787e-01 1.125765707234659217e-03
1.010000000000000009e+00 1.312158356600000575e-01 1.195757078375456715e-03
1.020000000000000018e+00 1.337703960800002145e-01 1.217973796169333168e-03
1.030000000000000027e+00 1.370181174899999244e-01 1.284627368426035331e-03
1.040000000000000036e+00 1.410100435550001585e-01 1.495029972597247897e-03
1.050000000000000044e+00 1.440551906899998902e-01 1.639681278345632822e-03
1.060000000000000053e+00 1.485695837450001222e-01 1.935445201898341626e-03
1.070000000000000062e+00 1.519812643599998681e-01 2.025637662605550993e-03
1.080000000000000071e+00 1.568628198800001150e-01 2.310945202152353897e-03
1.090000000000000080e+00 1.598884232450001330e-01 2.363550392205892182e-03
1.100000000000000089e+00 1.636113971649999776e-01 2.595189457518549871e-03
1.110000000000000098e+00 1.695385391499996952e-01 2.838739569540882617e-03
1.120000000000000107e+00 1.731191270400002646e-01 3.053399187248805480e-03
1.129999999999999893e+00 1.793398513900000824e-01 3.212406224587423427e-03
1.139999999999999902e+00 1.854002088399999415e-01 3.428046114320494608e-03
1.149999999999999911e+00 1.896668378500001306e-01 3.689747998430547606e-03
1.159999999999999920e+00 1.960725896650003242e-01 4.012423822975297490e-03
1.169999999999999929e+00 2.019526358150001699e-01 4.100110162585296480e-03
1.179999999999999938e+00 2.088661736450001249e-01 4.664862583893276266e-03
1.189999999999999947e+00 2.182513537550002103e-01 5.023691251437921099e-03
1.199999999999999956e+00 2.266601913799996537e-01 5.383422470994467940e-03
1.209999999999999964e+00 2.364610293750004089e-01 5.719887399249691355e-03
1.219999999999999973e+00 2.429577553799999456e-01 6.091152521244754675e-03
1.229999999999999982e+00 2.504514708499998576e-01 6.359269018768997500e-03
1.239999999999999991e+00 2.619203080449996612e-01 6.711627777311992941e-03
1.250000000000000000e+00 2.754614686300003168e-01 7.274523754807928587e-03
1.260000000000000009e+00 2.872746291200002910e-01 7.562127352879453174e-03
1.270000000000000018e+00 2.991517004100004429e-01 8.301232233908342750e-03
1.280000000000000027e+00 3.143441488650001170e-01 8.706477750369173707e-03
1.290000000000000036e+00 3.246344749249998052e-01 9.326680545757115234e-03
1.300000000000000044e+00 3.408919393150000587e-01 9.496841348748810002e-03
1.310000000000000053e+00 3.550750513000000552e-01 1.013451823516865746e-02
1.320000000000000062e+00 3.690278484849996432e-01 1.041825373858508950e-02
1.330000000000000071e+00 3.870497346549995332e-01 1.083348242909414581e-02
1.340000000000000080e+00 4.014652866100000828e-01 1.103422732340604735e-02
1.350000000000000089e+00 4.201985933250000360e-01 1.126290024857806021e-02
1.360000000000000098e+00 4.385592309550001566e-01 1.171506673801514346e-02
1.370000000000000107e+00 4.558334003000001911e-01 1.172025519705722357e-02
1.379999999999999893e+00 4.728575532249995605e-01 1.192712737889816896e-02
1.389999999999999902e+00 4.927885395350002362e-01 1.203399932887683384e-02
1.399999999999999911e+00 5.118107330449999104e-01 1.206873693460294543e-02
1.409999999999999920e+00 5.288772319899999186e-01 1.218660102436426584e-02
1.419999999999999929e+00 5.458815864450006217e-01 1.204781249252007309e-02
1.429999999999999938e+00 5.627467096349999531e-01 1.206507036184624113e-02
1.439999999999999947e+00 5.784364782499996638e-01 1.202895156203133593e-02
1.449999999999999956e+00 5.971282794099994629e-01 1.166121778331721814e-02
1.459999999999999964e+00 6.115742401149996121e-01 1.165473653953405173e-02
1.469999999999999973e+00 6.265401806800006135e-01 1.146776165107370876e-02
1.479999999999999982e+00 6.394534246950002165e-01 1.119345998732183475e-02
1.489999999999999991e+00 6.538760028850005845e-01 1.095833727504328878e-02
1.500000000000000000e+00 6.675517586950006077e-01 1.066732908569994337e-02
1.510000000000000009e+00 6.816622024499999766e-01 1.023098219011882824e-02
1.520000000000000018e+00 6.945180705849995917e-01 9.936295605499035830e-03
1.530000000000000027e+00 7.039171590100001819e-01 9.873420687447471283e-03
1.540000000000000036e+00 7.162031748400007336e-01 9.371806147467609191e-03
1.550000000000000044e+00 7.272551697850004881e-01 8.918605773268055079e-03
1.560000000000000053e+00 7.380827173199993041e-01 8.688100070511243361e-03
1.570000000000000062e+00 7.488399433800005944e-01 8.260623285003281316e-03
1.580000000000000071e+00 7.593867780350005425e-01 7.726701019026671613e-03
1.590000000000000080e+00 7.697685597949999181e-01 7.186482450869937852e-03
1.600000000000000089e+00 7.786843064950009774e-01 6.950622800629315499e-03
1.610000000000000098e+00 7.871090885799992831e-01 6.598623279926321347e-03
1.620000000000000107e+00 7.959386083100008502e-01 6.155679776859664110e-03
1.629999999999999893e+00 8.035618453000016315e-01 5.825890281020035602e-03
1.639999999999999902e+00 8.100922081000005992e-01 5.644583144597497062e-03
1.649999999999999911e+00 8.164512323650002790e-01 5.356802002917085762e-03
1.659999999999999920e+00 8.228520815399996691e-01 5.113372523914997032e-03
1.669999999999999929e+00 8.287908556049988773e-01 4.884120725507774124e-03
1.679999999999999938e+00 8.338600148849997229e-01 4.605966659152697235e-03
1.689999999999999947e+00 8.389627061500007921e-01 4.308893092808730590e-03
1.699999999999999956e+00 8.432823228050007058e-01 4.198056766920763364e-03
1.709999999999999964e+00 8.479264879400003618e-01 3.912901400237099418e-03
1.719999999999999973e+00 8.526744362600001681e-01 3.585483311610623575e-03
1.729999999999999982e+00 8.570007286050002060e-01 3.346885280543522405e-03
1.739999999999999991e+00 8.608395647199998946e-01 3.276446367550453747e-03
1.750000000000000000e+00 8.641346881200010488e-01 3.212658434838946715e-03
1.760000000000000009e+00 8.674166344000001638e-01 3.112735090787957168e-03
1.770000000000000018e+00 8.708539396400006849e-01 2.875088481775781198e-03
1.780000000000000027e+00 8.742509357449990137e-01 2.719247759508226000e-03
1.790000000000000036e+00 8.772131512249990992e-01 2.629216854742114085e-03
1.800000000000000044e+00 8.799138389650005276e-01 2.539406525345453032e-03
1.810000000000000053e+00 8.824894031349997947e-01 2.457225800908769808e-03
1.820000000000000062e+00 8.849072440599998757e-01 2.384103618163579182e-03
1.830000000000000071e+00 8.873503651850008778e-01 2.313972185206309568e-03
1.840000000000000080e+00 8.898186622400000578e-01 2.262457804817162837e-03
1.850000000000000089e+00 8.920115506049997034e-01 2.198656600263752987e-03
1.860000000000000098e+00 8.942748905900019807e-01 2.152289518786185823e-03
1.870000000000000107e+00 8.965285227249988331e-01 2.079799732783804353e-03
1.879999999999999893e+00 8.986016686699995759e-01 2.010560174419886732e-03
1.889999999999999902e+00 9.006113939149992254e-01 1.954657744959876174e-03
1.899999999999999911e+00 9.023891765000000564e-01 1.918667775626698054e-03
1.909999999999999920e+00 9.042932513249996029e-01 1.846239893703462750e-03
1.919999999999999929e+00 9.060508180099990927e-01 1.795896083138481944e-03
1.929999999999999938e+00 9.077494349849998256e-01 1.750679160284240735e-03
1.939999999999999947e+00 9.094694509100005320e-01 1.684031929694924457e-03
1.949999999999999956e+00 9.110297723100000411e-01 1.628862579464601971e-03
1.959999999999999964e+00 9.125811609550000814e-01 1.589401398089349514e-03
1.969999999999999973e+00 9.140861739050004653e-01 1.534013910172014666e-03
1.979999999999999982e+00 9.154230501799993647e-01 1.508257025223374865e-03
1.989999999999999991e+00 9.167687033550000475e-01 1.468327474876186074e-03
2.000000000000000000e+00 9.181723659650007363e-01 1.426769448419353556e-03
2.009999999999999787e+00 9.194695216500000656e-01 1.388715366659695012e-03
2.020000000000000018e+00 9.206393154850012195e-01 1.359401485544930533e-03
2.029999999999999805e+00 9.219477522950008108e-01 1.331746812242277965e-03
2.040000000000000036e+00 9.231427152800001368e-01 1.301396518504398291e-03
2.049999999999999822e+00 9.242761504649995574e-01 1.277783699649411324e-03
2.060000000000000053e+00 9.253564967999998725e-01 1.256567491645480721e-03
2.069999999999999840e+00 9.263778451100009859e-01 1.235877515830551693e-03
2.080000000000000071e+00 9.274497908449981232e-01 1.213617839267652721e-03
2.089999999999999858e+00 9.284783836499992393e-01 1.195186438478337181e-03
2.100000000000000089e+00 9.294895518750001528e-01 1.172385099233699346e-03
2.109999999999999876e+00 9.304155636250003303e-01 1.153606281126183042e-03
2.120000000000000107e+00 9.314131105800002031e-01 1.127473858730263911e-03
