5.200000000000000178e-01 8.587524120899990565e-02 4.790254425584572224e-04
5.300000000000000266e-01 8.679235238599991575e-02 4.598543656021841525e-04
5.400000000000000355e-01 8.821085543200005152e-02 4.980467862003386996e-04
5.500000000000000444e-01 8.885312804200007353e-02 5.498577029776868623e-04
5.600000000000000533e-01 8.994420005799992623e-02 4.919204555364157377e-04
5.699999999999999512e-01 9.151829867900018733e-02 4.832152009058247465e-04
5.799999999999999600e-01 9.247446790699986874e-02 5.167253305856840413e-04
5.899999999999999689e-01 9.385133901199997630e-02 5.427062343611233942e-04
5.999999999999999778e-01 9.504241664000000200e-02 5.930260838162842866e-04
6.099999999999999867e-01 9.555101094599988132e-02 5.664439120557549466e-04
6.199999999999999956e-01 9.720197852099995983e-02 6.650093861155984129e-04
6.300000000000000044e-01 9.783688379000014812e-02 5.843420797080611795e-04
6.400000000000000133e-01 9.910154074199999108e-02 6.158403396051716607e-04
6.500000000000000222e-01 9.999508868199984135e-02 5.926688544930397732e-04
6.600000000000000311e-01 1.017544315779999875e-01 6.620664293211900352e-04
6.700000000000000400e-01 1.025061382830000228e-01 6.483558187703536901e-04
6.800000000000000488e-01 1.041731033500001430e-01 6.608154534534532070e-04
6.899999999999999467e-01 1.054297347730000778e-01 6.398756713877002452e-04
6.999999999999999556e-01 1.072925164819999722e-01 7.094923043293426945e-04
7.099999999999999645e-01 1.085032040510001544e-01 7.140263815803763294e-04
7.199999999999999734e-01 1.092910328059999991e-01 7.185936647773762771e-04
7.299999999999999822e-01 1.115915332650001951e-01 6.914207492339819209e-04
7.399999999999999911e-01 1.129162246969999811e-01 7.628712347959208055e-04
7.500000000000000000e-01 1.148607683310001182e-01 7.727799739627190913e-04
7.600000000000000089e-01 1.156355355329999057e-01 7.875259261557408233e-04
7.700000000000000178e-01 1.172810202599999380e-01 7.904952705679768772e-04
7.800000000000000266e-01 1.190877548899998972e-01 8.148216407898016154e-04
7.900000000000000355e-01 1.200253617359999386e-01 9.418685644014501658e-04
8.000000000000000444e-01 1.222727424600001667e-01 9.783014061529040576e-04
8.100000000000000533e-01 1.242707939000000233e-01 9.285171208398831444e-04
8.199999999999999512e-01 1.260277854399998732e-01 1.027852440638836072e-03
8.299999999999999600e-01 1.284532137799997975e-01 1.077195463721747392e-03
8.399999999999999689e-01 1.306293790400000487e-01 1.078038066317174755e-03
8.499999999999999778e-01 1.320597142199999297e-01 1.180517461033760282e-03
8.599999999999999867e-01 1.335586508399999039e-01 1.191367053489515802e-03
8.699999999999999956e-01 1.353598978900000527e-01 1.237909978719070343e-03
8.800000000000000044e-01 1.380013976399999398e-01 1.279505707380169640e-03
8.900000000000000133e-01 1.403799036699999170e-01 1.437031012752345259e-03
9.000000000000000222e-01 1.428924457999998232e-01 1.503009748837097178e-03
9.100000000000000311e-01 1.462406015900000189e-01 1.546906610126925563e-03
9.200000000000000400e-01 1.475674765399999644e-01 1.630874734196355444e-03
9.300000000000000488e-01 1.501517452400000785e-01 1.720368863970382330e-03
9.399999999999999467e-01 1.538972582900001718e-01 1.769691880432118806e-03
9.499999999999999556e-01 1.553427106700002447e-01 1.853033060908693694e-03
9.599999999999999645e-01 1.583326848300000700e-01 2.036153220725386501e-03
9.699999999999999734e-01 1.623816363500000803e-01 2.189063814164211082e-03
9.799999999999999822e-01 1.641696514999998469e-01 2.166290354429098019e-03
9.899999999999999911e-01 1.670419292799998623e-01 2.412279090430021790e-03
1.000000000000000000e+00 1.720857601799999081e-01 2.570641903322820002e-03
1.010000000000000009e+00 1.750919213499999016e-01 2.863234853771983758e-03
1.020000000000000018e+00 1.786458890899998708e-01 3.032374888503441401e-03
1.030000000000000027e+00 1.839232606400001413e-01 3.687995144003715538e-03
1.040000000000000036e+00 1.865415141900001461e-01 3.317411883315058395e-03
1.050000000000000044e+00 1.938816445300002578e-01 4.458986809315245749e-03
1.060000000000000053e+00 1.977616462099999473e-01 4.443102436303186277e-03
1.070000000000000062e+00 2.025546285400001978e-01 4.853812620004739273e-03
1.080000000000000071e+00 2.078243126999999857e-01 4.902604961303762797e-03
1.090000000000000080e+00 2.121213773200000818e-01 5.328628140682739947e-03
1.100000000000000089e+00 2.166734553999998258e-01 5.320860162771133550e-03
1.110000000000000098e+00 2.218424039199999864e-01 5.470876027439131213e-03
1.120000000000000107e+00 2.280745514499994686e-01 5.663586219554582815e-03
1.129999999999999893e+00 2.333521223399998845e-01 5.777645843320989086e-03
1.139999999999999902e+00 2.414229708199998048e-01 6.111287892323297687e-03
1.149999999999999911e+00 2.464631022799998461e-01 6.438359540662342423e-03
1.159999999999999920e+00 2.555151922900000816e-01 6.684034121204138895e-03
1.169999999999999929e+00 2.628742111299999240e-01 7.131649831079315931e-03
1.179999999999999938e+00 2.746728941199995111e-01 7.685080314920611673e-03
1.189999999999999947e+00 2.815537622899997872e-01 7.794765731211693131e-03
1.199999999999999956e+00 2.895158062999996784e-01 8.257399762992365805e-03
1.209999999999999964e+00 2.982248164100000931e-01 8.729904920033648361e-03
1.219999999999999973e+00 3.118455291199999646e-01 9.276568414908318433e-03
1.229999999999999982e+00 3.215401866799998398e-01 9.897907563196993441e-03
1.239999999999999991e+00 3.347083891300006164e-01 1.071455598583908285e-02
1.250000000000000000e+00 3.476450930899999126e-01 1.141431201003271188e-02
1.260000000000000009e+00 3.592963157900003757e-01 1.209523873630722300e-02
1.270000000000000018e+00 3.755935398099996547e-01 1.308983819971000322e-02
1.280000000000000027e+00 3.885351589999995747e-01 1.359147164766680294e-02
1.290000000000000036e+00 4.020844270900006956e-01 1.394083087503168554e-02
1.300000000000000044e+00 4.149388764200004909e-01 1.442929743813487625e-02
1.310000000000000053e+00 4.303042854499997683e-01 1.510630040308393734e-02
1.320000000000000062e+00 4.471118950899994893e-01 1.552582142468557705e-02
1.330000000000000071e+00 4.633539822099997929e-01 1.593889883563349638e-02
1.340000000000000080e+00 4.754218994900005213e-01 1.625172036883266308e-02
1.350000000000000089e+00 4.949351740699998725e-01 1.635002845743946734e-02
1.360000000000000098e+00 5.087421151599995639e-01 1.661977018951627666e-02
1.370000000000000107e+00 5.223286046800000859e-01 1.683953576465187230e-02
1.379999999999999893e+00 5.405765188700003554e-01 1.648815194576614546e-02
1.389999999999999902e+00 5.522421776300000529e-01 1.670431341571836786e-02
1.399999999999999911e+00 5.710619917499996090e-01 1.626436379564608764e-02
1.409999999999999920e+00 5.828928785799992740e-01 1.635739442658620119e-02
1.419999999999999929e+00 5.950633122299989752e-01 1.625189057019752609e-02
1.429999999999999938e+00 6.096731608399995617e-01 1.609389140589346720e-02
1.439999999999999947e+00 6.246050303299990336e-01 1.587213290623902193e-02
1.449999999999999956e+00 6.408785458300009230e-01 1.545749720704378896e-02
1.459999999999999964e+00 6.534034193700015702e-01 1.553922794953884433e-02
1.469999999999999973e+00 6.650651247399997912e-01 1.549266186891867098e-02
1.479999999999999982e+00 6.752148954399989078e-01 1.534697690112121413e-02
1.489999999999999991e+00 6.871375851900008991e-01 1.506354421543992968e-02
1.500000000000000000e+00 6.979483449100005732e-01 1.478465722325055312e-02
1.510000000000000009e+00 7.064426851399998597e-01 1.466223269437626903e-02
1.520000000000000018e+00 7.162824975599990651e-01 1.433366088676354608e-02
1.530000000000000027e+00 7.239896242199993504e-01 1.428743793302212489e-02
1.540000000000000036e+00 7.350260194799990154e-01 1.345266298179628207e-02
1.550000000000000044e+00 7.423866359499987633e-01 1.339650546935059611e-02
1.560000000000000053e+00 7.511500138699991336e-01 1.306547018437245918e-02
1.570000000000000062e+00 7.595106808399993970e-01 1.268405525063738028e-02
1.580000000000000071e+00 7.678160675199992014e-01 1.245179061554403666e-02
1.590000000000000080e+00 7.767385984600002624e-01 1.180150868366325323e-02
1.600000000000000089e+00 7.833189151900002978e-01 1.167673603406825349e-02
1.610000000000000098e+00 7.926265298999997100e-01 1.099081477082651873e-02
1.620000000000000107e+00 7.992041490499999234e-01 1.087418636734646324e-02
1.629999999999999893e+00 8.059373164299996617e-01 1.043553768620268316e-02
1.639999999999999902e+00 8.123823429099999993e-01 9.993164911782871987e-03
1.649999999999999911e+00 8.173610809199992611e-01 9.801782479053507136e-03
1.659999999999999920e+00 8.228164754099995815e-01 9.513687431189037438e-03
1.669999999999999929e+00 8.282783926700009181e-01 9.393817654920129032e-03
1.679999999999999938e+00 8.342580082500010707e-01 9.002713652850111506e-03
1.689999999999999947e+00 8.393471539599999254e-01 8.809939438581571372e-03
1.699999999999999956e+00 8.437936375599986993e-01 8.474324256291338939e-03
1.709999999999999964e+00 8.489957796699990622e-01 7.835250678707455022e-03
1.719999999999999973e+00 8.523438593699992349e-01 7.763757830576685157e-03
1.729999999999999982e+00 8.568762369000000323e-01 7.285225280257909969e-03
1.739999999999999991e+00 8.612606808200005126e-01 6.738251564153466787e-03
1.750000000000000000e+00 8.648296714300002241e-01 6.522322493246112025e-03
1.760000000000000009e+00 8.686010249799992478e-01 6.149343446674057807e-03
1.770000000000000018e+00 8.720279980299996403e-01 5.975762248524528128e-03
1.780000000000000027e+00 8.755737286899989424e-01 5.605297610076520089e-03
1.790000000000000036e+00 8.785044162600004203e-01 5.406447845476801406e-03
1.800000000000000044e+00 8.822395127400022297e-01 4.843612511511984423e-03
1.810000000000000053e+00 8.844669248600001144e-01 4.818788644715174541e-03
1.820000000000000062e+00 8.870317008499993827e-01 4.589305479946856683e-03
1.830000000000000071e+00 8.891865195200001626e-01 4.500895393021176784e-03
1.840000000000000080e+00 8.915609585799991743e-01 4.341444384988288503e-03
1.850000000000000089e+00 8.936590132099999639e-01 4.311953258727450368e-03
1.860000000000000098e+00 8.955009153399994259e-01 4.180752272290484683e-03
1.870000000000000107e+00 8.974726253900001671e-01 4.073196247501739004e-03
1.879999999999999893e+00 9.000284310199998528e-01 3.951216974628421821e-03
1.889999999999999902e+00 9.021199167299994714e-01 3.817087775247284161e-03
1.899999999999999911e+00 9.042602149200007489e-01 3.675283018893482374e-03
1.909999999999999920e+00 9.058950950100000954e-01 3.585506348020255866e-03
1.919999999999999929e+00 9.076689835199981404e-01 3.530852192253487558e-03
1.929999999999999938e+00 9.091722495500007550e-01 3.477855664495271056e-03
1.939999999999999947e+00 9.105531434600003804e-01 3.447711281202158785e-03
1.949999999999999956e+00 9.121027191200010709e-01 3.358410291573824154e-03
1.959999999999999964e+00 9.133693099100005375e-01 3.302728218991435663e-03
1.969999999999999973e+00 9.149337150299999832e-01 3.226299903982461983e-03
1.979999999999999982e+00 9.162385210100001398e-01 3.189430331104769513e-03
1.989999999999999991e+00 9.174663696500006127e-01 3.150982312213602282e-03
2.000000000000000000e+00 9.188535410999999486e-01 3.066262408545737759e-03
2.009999999999999787e+00 9.200934532199989135e-01 3.029468225837023566e-03
2.020000000000000018e+00 9.213229063000004659e-01 2.974303743278147553e-03
2.029999999999999805e+00 9.225130335900008083e-01 2.929639631840795337e-03
2.040000000000000036e+00 9.236955461900003828e-01 2.881548570203693559e-03
2.049999999999999822e+00 9.248002749199996098e-01 2.850116352327473380e-03
2.060000000000000053e+00 9.259038613299994669e-01 2.795060983600712850e-03
2.069999999999999840e+00 9.269303359699996303e-01 2.751571945806131295e-03
2.080000000000000071e+00 9.277781344700009036e-01 2.747143286242900110e-03
2.089999999999999858e+00 9.288174659699993674e-01 2.679619273359887515e-03
2.100000000000000089e+00 9.298640474799994005e-01 2.649459198614871353e-03
2.109999999999999876e+00 9.308473797999996524e-01 2.600218721929004051e-03
2.120000000000000107e+00 9.317711610500023500e-01 2.575223117933936670e-03
2.129999999999999893e+00 9.326908890800001961e-01 2.554113500653986367e-03
2.140000000000000124e+00 9.336690328900005831e-01 2.514204199679480767e-03
2.149999999999999911e+00 9.345518839800009969e-01 2.481139752512649243e-03
2.160000000000000142e+00 9.354047377900004401e-01 2.447630582980211099e-03
2.169999999999999929e+00 9.362897585199995154e-01 2.402466952022008773e-03
2.180000000000000160e+00 9.371660985800006616e-01 2.350442733200671947e-03
2.189999999999999947e+00 9.379654539299999705e-01 2.315717577266961352e-03
2.200000000000000178e+00 9.387403327000003461e-01 2.279040831164995742e-03
2.209999999999999964e+00 9.393581532199989370e-01 2.259350312181182194e-03
2.220000000000000195e+00 9.401677603700010488e-01 2.255743735099832725e-03
2.229999999999999982e+00 9.407410920999986770e-01 2.222877375936453247e-03
2.240000000000000213e+00 9.415552817499999172e-01 2.207395275024016598e-03
2.250000000000000000e+00 9.421232765999980607e-01 2.170836615645500931e-03
2.259999999999999787e+00 9.428952220500014247e-01 2.148563447164066661e-03
2.270000000000000018e+00 9.435496127300000424e-01 2.119729463686363929e-03
2.279999999999999805e+00 9.441996008099999838e-01 2.088558231810752359e-03
2.290000000000000036e+00 9.448242044900007075e-01 2.063556093211702056e-03
2.299999999999999822e+00 9.454391579999985584e-01 2.043499570272209499e-03
2.310000000000000053e+00 9.460547151399998356e-01 2.005042452583673512e-03
2.319999999999999840e+00 9.466345251599994626e-01 2.001855489886882663e-03
2.330000000000000071e+00 9.472239941000001329e-01 2.003451862696972296e-03
2.339999999999999858e+00 9.478377740099996895e-01 1.957349971401005796e-03
2.350000000000000089e+00 9.484628922899986936e-01 1.923945124459638164e-03
2.359999999999999876e+00 9.490030178799998550e-01 1.902547744993249908e-03
