-1.499999999999999944e-01 8.535140627800007207e-02 3.747960727164189264e-04
-1.400000000000000133e-01 8.548761192899995143e-02 3.839625132807913586e-04
-1.300000000000000044e-01 8.553881157000008117e-02 4.119121177643924312e-04
-1.199999999999999956e-01 8.596528659600002897e-02 3.773912714191201222e-04
-1.100000000000000006e-01 8.634853859400010156e-02 3.503523776698086846e-04
-1.000000000000000056e-01 8.642446656299997143e-02 3.229376164094508546e-04
-8.999999999999999667e-02 8.680089799899995406e-02 3.566751548866150721e-04
-8.000000000000000167e-02 8.696748874100007631e-02 3.829030000553173261e-04
-7.000000000000000666e-02 8.730967017199987856e-02 3.540101741928278396e-04
-5.999999999999999778e-02 8.769650516100005455e-02 3.426349334146437816e-04
-5.000000000000000278e-02 8.785631560300001530e-02 3.132956018208530279e-04
-4.000000000000000083e-02 8.805408565700009738e-02 3.042996064405344083e-04
-2.999999999999999889e-02 8.796102911500001953e-02 3.047606865563216166e-04
-2.000000000000000042e-02 8.804732310199996081e-02 2.987537315011977402e-04
-1.000000000000000021e-02 8.815514815300001805e-02 3.153373417353674954e-04
-1.110219999999999998e-16 8.858908929899994567e-02 3.196790832598297625e-04
1.000000000000000021e-02 8.944317694600005531e-02 3.179480276359124649e-04
2.000000000000000042e-02 9.074293030999992793e-02 3.301268816304551404e-04
2.999999999999999889e-02 9.216439950000003545e-02 3.585735955818498944e-04
4.000000000000000083e-02 9.362337031500005124e-02 3.636435330735501197e-04
5.000000000000000278e-02 9.476857878200006802e-02 3.917059257962161151e-04
5.999999999999999778e-02 9.604031862700011801e-02 4.251683179134568098e-04
7.000000000000000666e-02 9.709808428599989161e-02 4.345841064162104909e-04
8.000000000000000167e-02 9.824690259099985723e-02 4.491926896208473029e-04
8.999999999999999667e-02 9.963326332900006299e-02 4.989809770894970903e-04
1.000000000000000056e-01 1.009279563440000499e-01 5.647959481726935608e-04
1.100000000000000006e-01 1.027723845589998686e-01 6.048464757855042317e-04
1.199999999999999956e-01 1.038411521160000628e-01 5.846508450085460265e-04
1.300000000000000044e-01 1.049809354010001750e-01 5.778826673202823059e-04
1.400000000000000133e-01 1.067310036159999642e-01 6.072972900864611690e-04
1.499999999999999944e-01 1.083389793269999013e-01 6.405551195948484648e-04
1.600000000000000033e-01 1.094952024320001577e-01 6.015307480009615942e-04
1.700000000000000122e-01 1.110907790030001702e-01 6.480016318010587816e-04
1.799999999999999933e-01 1.126426452049999055e-01 6.708505266801095346e-04
1.900000000000000022e-01 1.140960241209999226e-01 7.302527099283485576e-04
2.000000000000000111e-01 1.157665099660000613e-01 7.490624784092925334e-04
2.099999999999999922e-01 1.173320626400000538e-01 7.528499151901596464e-04
2.200000000000000011e-01 1.188107300849999548e-01 7.420459911374590939e-04
2.300000000000000100e-01 1.205701391199999750e-01 8.111704180212839840e-04
2.399999999999999911e-01 1.218246516100001953e-01 8.052710066888692751e-04
2.500000000000000000e-01 1.229883455999998682e-01 8.415559280622058767e-04
2.600000000000000089e-01 1.246954120900000129e-01 7.883334398771451278e-04
2.700000000000000178e-01 1.264689462999998015e-01 8.630780202555902612e-04
2.800000000000000266e-01 1.286552498900000729e-01 8.976531781457046692e-04
2.899999999999999800e-01 1.293936978000000959e-01 8.817048077016275591e-04
2.999999999999999889e-01 1.312491914399999682e-01 9.220916301722555152e-04
3.099999999999999978e-01 1.331646548100000049e-01 9.272956434149610310e-04
3.200000000000000067e-01 1.343955056400001624e-01 9.786668281058649114e-04
3.300000000000000155e-01 1.363621469800000707e-01 9.376885252866651831e-04
3.400000000000000244e-01 1.384183627800000538e-01 1.068429638252078439e-03
3.499999999999999778e-01 1.399531756999998766e-01 1.071931888694195849e-03
3.599999999999999867e-01 1.414397870899998799e-01 1.108267102055468479e-03
3.699999999999999956e-01 1.430467975699998839e-01 1.138108392130463171e-03
3.800000000000000044e-01 1.452752888100000972e-01 1.189780567296625999e-03
3.900000000000000133e-01 1.461340236600000564e-01 1.088862307163120579e-03
4.000000000000000222e-01 1.480709437600001011e-01 1.159390954114901612e-03
4.099999999999999756e-01 1.509155869399998739e-01 1.185460590498069004e-03
4.199999999999999845e-01 1.529970460299998614e-01 1.256117350977420692e-03
4.299999999999999933e-01 1.549889028199999130e-01 1.344480023536031091e-03
4.400000000000000022e-01 1.567947878200001699e-01 1.356777408654365972e-03
4.500000000000000111e-01 1.579433594799998786e-01 1.275240669278833276e-03
4.600000000000000200e-01 1.600438994900003076e-01 1.418522218169119891e-03
4.699999999999999734e-01 1.626918909800001145e-01 1.416828356843074371e-03
4.799999999999999822e-01 1.638217732399999960e-01 1.445368638470236359e-03
4.899999999999999911e-01 1.655464257499999481e-01 1.486771462536807045e-03
5.000000000000000000e-01 1.685126538199999413e-01 1.598254972158698068e-03
5.100000000000000089e-01 1.701509532799999613e-01 1.549809672243351779e-03
5.200000000000000178e-01 1.719686509600001079e-01 1.600839831239613551e-03
5.300000000000000266e-01 1.738510402900001472e-01 1.626057908428177497e-03
5.400000000000000355e-01 1.770928716200001751e-01 1.725968686793821066e-03
5.500000000000000444e-01 1.788636184799998197e-01 1.767542999169040025e-03
5.600000000000000533e-01 1.811580937099999400e-01 1.823290865142843629e-03
5.699999999999999512e-01 1.828815770900002469e-01 1.779720192383800557e-03
5.799999999999999600e-01 1.867409088700001385e-01 1.971256879939604044e-03
5.899999999999999689e-01 1.886453812999999702e-01 2.067241121743590079e-03
5.999999999999999778e-01 1.911610103900000246e-01 2.118215024220100433e-03
6.099999999999999867e-01 1.939078463599994973e-01 2.296241191390385825e-03
6.199999999999999956e-01 1.964111522900000018e-01 2.306237855404523734e-03
6.300000000000000044e-01 1.987127435600002934e-01 2.310489969249067063e-03
6.400000000000000133e-01 2.005111464700000123e-01 2.325400435640072230e-03
6.500000000000000222e-01 2.037613052999997787e-01 2.440240656901260588e-03
6.600000000000000311e-01 2.061456141800000474e-01 2.502874725942497505e-03
6.700000000000000400e-01 2.089235025400000001e-01 2.416438965570520594e-03
6.800000000000000488e-01 2.125626935099996229e-01 2.420647103048561601e-03
6.899999999999999467e-01 2.149071547300002716e-01 2.571552405445107128e-03
6.999999999999999556e-01 2.164904757699999682e-01 2.483845104724853939e-03
7.099999999999999645e-01 2.197529445500000511e-01 2.642905799154675675e-03
7.199999999999999734e-01 2.222847630299999711e-01 2.691760672367168525e-03
7.299999999999999822e-01 2.266954718099997157e-01 2.876452939519436904e-03
7.399999999999999911e-01 2.300188396799999480e-01 2.944904161381909063e-03
7.500000000000000000e-01 2.326975376899997894e-01 3.032447125326073051e-03
7.600000000000000089e-01 2.348098846900003311e-01 2.977341662477907269e-03
7.700000000000000178e-01 2.396306428600000482e-01 3.196312157773587362e-03
7.800000000000000266e-01 2.450833116599999972e-01 3.491709024449923815e-03
7.900000000000000355e-01 2.467114454099997856e-01 3.701814802150322180e-03
8.000000000000000444e-01 2.508357352100001325e-01 3.798621608320831497e-03
8.100000000000000533e-01 2.548621958199999149e-01 3.830361608784053559e-03
8.199999999999999512e-01 2.585882865299998223e-01 3.958837934666447310e-03
8.299999999999999600e-01 2.628131081900004218e-01 4.047317759341950358e-03
8.399999999999999689e-01 2.667607057300004358e-01 4.211012997464109661e-03
8.499999999999999778e-01 2.695283185600004239e-01 4.416571826992435681e-03
8.599999999999999867e-01 2.751726473100002401e-01 4.633677700556254608e-03
8.699999999999999956e-01 2.780557305100002097e-01 4.526538878671660694e-03
8.800000000000000044e-01 2.832628695400002949e-01 4.926783935019614369e-03
8.900000000000000133e-01 2.901528138000001311e-01 5.007537738470449126e-03
9.000000000000000222e-01 2.944259905700002955e-01 5.441924790026989034e-03
9.100000000000000311e-01 3.004576077999995265e-01 5.638783736147265184e-03
9.200000000000000400e-01 3.066405902299997321e-01 6.080316427183229434e-03
9.300000000000000488e-01 3.133537320600000564e-01 6.183567385591281183e-03
9.399999999999999467e-01 3.179208518099998493e-01 6.397447491555375947e-03
9.499999999999999556e-01 3.247203802500001624e-01 6.904846110780629535e-03
9.599999999999999645e-01 3.321191042899998558e-01 6.748606127856226350e-03
9.699999999999999734e-01 3.377743854999997186e-01 7.210992902484259469e-03
9.799999999999999822e-01 3.464231910899999156e-01 7.561245392125617859e-03
9.899999999999999911e-01 3.541567768399999649e-01 7.734479654047572879e-03
1.000000000000000000e+00 3.611925245200000023e-01 8.048395655217439187e-03
1.010000000000000009e+00 3.683351951499999610e-01 8.346711566083735157e-03
1.020000000000000018e+00 3.773092626900002577e-01 8.757517473978506869e-03
1.030000000000000027e+00 3.876726327699999142e-01 9.507043905450080976e-03
1.040000000000000036e+00 3.962321866200000375e-01 9.852395252698625816e-03
1.050000000000000044e+00 4.039750172699992925e-01 1.039999985447041635e-02
1.060000000000000053e+00 4.121113988799997019e-01 1.041873880467807448e-02
1.070000000000000062e+00 4.204370750999996131e-01 1.069185376686628518e-02
1.080000000000000071e+00 4.295467746900005768e-01 1.079063223456204132e-02
1.090000000000000080e+00 4.396179605800004109e-01 1.093722047677894368e-02
1.100000000000000089e+00 4.460771398000008547e-01 1.147138414572033971e-02
1.110000000000000098e+00 4.564243611300000669e-01 1.160738938842060045e-02
1.120000000000000107e+00 4.676514422500006041e-01 1.212956866642634843e-02
1.129999999999999893e+00 4.772768224199998022e-01 1.266126633207970489e-02
1.139999999999999902e+00 4.861242352099996999e-01 1.265182609295027391e-02
1.149999999999999911e+00 4.954066658199994255e-01 1.302748359672767711e-02
1.159999999999999920e+00 5.087329755499996331e-01 1.315506074788276407e-02
1.169999999999999929e+00 5.151921737200003681e-01 1.351465979898033506e-02
1.179999999999999938e+00 5.247243455999998085e-01 1.364069482595972257e-02
1.189999999999999947e+00 5.312941448999993765e-01 1.415220937930011802e-02
1.199999999999999956e+00 5.423681928500004856e-01 1.414464683290612632e-02
1.209999999999999964e+00 5.543137568200006138e-01 1.427594435721582858e-02
1.219999999999999973e+00 5.627207416399991891e-01 1.458163631386320477e-02
1.229999999999999982e+00 5.735134740899993089e-01 1.476383992795621616e-02
1.239999999999999991e+00 5.855153502000003396e-01 1.493108895838023142e-02
1.250000000000000000e+00 5.943056568100012482e-01 1.500154142329411348e-02
1.260000000000000009e+00 6.047088264299995686e-01 1.508848054593648312e-02
1.270000000000000018e+00 6.151321602699997282e-01 1.532355022598764181e-02
1.280000000000000027e+00 6.278888217099996005e-01 1.511384580332529419e-02
1.290000000000000036e+00 6.360375993400002592e-01 1.503290620471064293e-02
1.300000000000000044e+00 6.456310584899997984e-01 1.509770759362302935e-02
1.310000000000000053e+00 6.531922117400005279e-01 1.537772220898963628e-02
1.320000000000000062e+00 6.628423717000000437e-01 1.531199395187821111e-02
1.330000000000000071e+00 6.706726312000002022e-01 1.543907597185007266e-02
1.340000000000000080e+00 6.828983053299990669e-01 1.538079028441632044e-02
1.350000000000000089e+00 6.933071141500004586e-01 1.513702664376676693e-02
1.360000000000000098e+00 7.016205523700002056e-01 1.511958743345498228e-02
1.370000000000000107e+00 7.106133545499998538e-01 1.512830919119934926e-02
1.379999999999999893e+00 7.190697757900008646e-01 1.504811570373732962e-02
1.389999999999999902e+00 7.253296646199994813e-01 1.521136523694172071e-02
1.399999999999999911e+00 7.330323206700004590e-01 1.509236864720552018e-02
1.409999999999999920e+00 7.401030769599994397e-01 1.489481302423491423e-02
1.419999999999999929e+00 7.475104845900004680e-01 1.458751501674193998e-02
1.429999999999999938e+00 7.532408300199990858e-01 1.463754370048672877e-02
1.439999999999999947e+00 7.613305760299988734e-01 1.433524593321341793e-02
1.449999999999999956e+00 7.660344760100002981e-01 1.425613309980272407e-02
1.459999999999999964e+00 7.724722889599986431e-01 1.401033120786994955e-02
1.469999999999999973e+00 7.768314012699998328e-01 1.377905429378574811e-02
1.479999999999999982e+00 7.825306942899994400e-01 1.365034151916040030e-02
1.489999999999999991e+00 7.872925277999999194e-01 1.353240671158303932e-02
1.500000000000000000e+00 7.937538987500007970e-01 1.317736709320984669e-02
1.510000000000000009e+00 7.998091120800003839e-01 1.296704877730581011e-02
1.520000000000000018e+00 8.057457022199990826e-01 1.267033332505781117e-02
1.530000000000000027e+00 8.111122897499997153e-01 1.245040994144393232e-02
1.540000000000000036e+00 8.170472437799993770e-01 1.201766907372549091e-02
1.550000000000000044e+00 8.221415313899989030e-01 1.186035970047186888e-02
1.560000000000000053e+00 8.279238392499991273e-01 1.152178741280149993e-02
1.570000000000000062e+00 8.335918587399994140e-01 1.107955266283677798e-02
1.580000000000000071e+00 8.372460735199998005e-01 1.100468150181479858e-02
1.590000000000000080e+00 8.434621296899992293e-01 1.063418611769544747e-02
1.600000000000000089e+00 8.478141750200006710e-01 1.041058998521165492e-02
1.610000000000000098e+00 8.510282069299998087e-01 1.032684276765431265e-02
1.620000000000000107e+00 8.557959775700012539e-01 1.013821166135518530e-02
1.629999999999999893e+00 8.596805105100011613e-01 9.894712923056410772e-03
1.639999999999999902e+00 8.633795043500002153e-01 9.638867163011937897e-03
1.649999999999999911e+00 8.675904017599994633e-01 9.245770801204204054e-03
1.659999999999999920e+00 8.703513828300006860e-01 9.138320738964580622e-03
1.669999999999999929e+00 8.725837146199996175e-01 9.073058638807690937e-03
1.679999999999999938e+00 8.748350169699993240e-01 8.913786812439841029e-03
1.689999999999999947e+00 8.773736482699997508e-01 8.768945672071114250e-03
1.699999999999999956e+00 8.797788115700004852e-01 8.684168785228036161e-03
1.709999999999999964e+00 8.826972190700003162e-01 8.383083871671555623e-03
1.719999999999999973e+00 8.849298683799993182e-01 8.173180644337727646e-03
1.729999999999999982e+00 8.872148847899984370e-01 8.058965241379877423e-03
1.739999999999999991e+00 8.896118585499995790e-01 7.899928052481314938e-03
1.750000000000000000e+00 8.913966872600002089e-01 7.897212191767461961e-03
1.760000000000000009e+00 8.936880411899993382e-01 7.698738186700701015e-03
1.770000000000000018e+00 8.959834151200000152e-01 7.473649514010334907e-03
1.780000000000000027e+00 8.981169009600010744e-01 7.265859489251245799e-03
1.790000000000000036e+00 8.996555006800006637e-01 7.150996663579109805e-03
1.800000000000000044e+00 9.013391100099996667e-01 7.037765533666444015e-03
1.810000000000000053e+00 9.030680575900006390e-01 6.873343569708172639e-03
1.820000000000000062e+00 9.049799542099997707e-01 6.677254361982913784e-03
1.830000000000000071e+00 9.067531996200008937e-01 6.638961799782736213e-03
1.840000000000000080e+00 9.082865392399982474e-01 6.545396067992598731e-03
1.850000000000000089e+00 9.104372191800002012e-01 6.256198870445951569e-03
1.860000000000000098e+00 9.121508334800002560e-01 6.137522984020950950e-03
1.870000000000000107e+00 9.136443048700007008e-01 6.040956411721782639e-03
1.879999999999999893e+00 9.160491458899985284e-01 5.660430861674025683e-03
1.889999999999999902e+00 9.174007992100003950e-01 5.575364402185391081e-03
1.899999999999999911e+00 9.187364731300007303e-01 5.504198745497126781e-03
1.909999999999999920e+00 9.199859249499996450e-01 5.440161086963211587e-03
1.919999999999999929e+00 9.214643722799998882e-01 5.376268008502616165e-03
1.929999999999999938e+00 9.231429033099995962e-01 5.175470919105481550e-03
1.939999999999999947e+00 9.246721958299995991e-01 5.076810226342959309e-03
1.949999999999999956e+00 9.257908145600004524e-01 5.019724068698209161e-03
1.959999999999999964e+00 9.267712663900001813e-01 5.022147515711916990e-03
1.969999999999999973e+00 9.279480358800005213e-01 4.919264927020975189e-03
1.979999999999999982e+00 9.290756443900010098e-01 4.832534679491212737e-03
1.989999999999999991e+00 9.302060881700001671e-01 4.775032021670073956e-03
2.000000000000000000e+00 9.316014493299986654e-01 4.545713408206151010e-03
2.009999999999999787e+00 9.326102430100006169e-01 4.474856951878472891e-03
2.020000000000000018e+00 9.335626992100003463e-01 4.402195646176938586e-03
2.029999999999999805e+00 9.344434314100013017e-01 4.363499190867367768e-03
2.040000000000000036e+00 9.353939890299992621e-01 4.274065152377374242e-03
2.049999999999999822e+00 9.364357715899991330e-01 4.149232016168212696e-03
2.060000000000000053e+00 9.373717875299992786e-01 4.072312209107539251e-03
2.069999999999999840e+00 9.383663721800012958e-01 3.991991007790695462e-03
2.080000000000000071e+00 9.392096674100015585e-01 3.950408536141556369e-03
2.089999999999999858e+00 9.400318851200001324e-01 3.883683393708398969e-03
2.100000000000000089e+00 9.408996493899992597e-01 3.812570193320119830e-03
2.109999999999999876e+00 9.417645415000008846e-01 3.709648787200424055e-03
2.120000000000000107e+00 9.424825069399991317e-01 3.683767643125298360e-03
2.129999999999999893e+00 9.432216066200016513e-01 3.629563120414846210e-03
2.140000000000000124e+00 9.440253982000013089e-01 3.518644272934080743e-03
2.149999999999999911e+00 9.449257473600007895e-01 3.405643140811912342e-03
2.160000000000000142e+00 9.456805495300012465e-01 3.342520459430081952e-03
2.169999999999999929e+00 9.463641046899995413e-01 3.308232547615458114e-03
2.180000000000000160e+00 9.470351416000005740e-01 3.274986678361118276e-03
2.189999999999999947e+00 9.478155705499996531e-01 3.150236121718903454e-03
2.200000000000000178e+00 9.485043913400011961e-01 3.080610962007802097e-03
2.209999999999999964e+00 9.491746837300002460e-01 3.011326492916538682e-03
2.220000000000000195e+00 9.500494899699994944e-01 2.782363949023862037e-03
2.229999999999999982e+00 9.506940849299995167e-01 2.708722851059986586e-03
2.240000000000000213e+00 9.513183747600011397e-01 2.641137402623054253e-03
2.250000000000000000e+00 9.519669771499997823e-01 2.552951637334983318e-03
2.259999999999999787e+00 9.525462743500019425e-01 2.498925422772818854e-03
2.270000000000000018e+00 9.531416188600003725e-01 2.442608870878854033e-03
2.279999999999999805e+00 9.536994977799997386e-01 2.395703088315630312e-03
2.290000000000000036e+00 9.542390198899997067e-01 2.352556508394576876e-03
2.299999999999999822e+00 9.547634844800004794e-01 2.312123857550300865e-03
2.310000000000000053e+00 9.552746519199996067e-01 2.273887747536400012e-03
2.319999999999999840e+00 9.557734504399986175e-01 2.237488802662221561e-03
2.330000000000000071e+00 9.562608631000010240e-01 2.202714836855561124e-03
2.339999999999999858e+00 9.567375865599998530e-01 2.169365752471994792e-03
2.350000000000000089e+00 9.572041496700005592e-01 2.137318799803205466e-03
2.359999999999999876e+00 9.576611311999994047e-01 2.106431889436082266e-03
2.370000000000000107e+00 9.581087674599998438e-01 2.076631965317283796e-03
2.379999999999999893e+00 9.585476965000003791e-01 2.047814234528446808e-03
2.390000000000000124e+00 9.589780569199999327e-01 2.019920787524715714e-03
2.399999999999999911e+00 9.594003559600001729e-01 1.992890688047402672e-03
2.410000000000000142e+00 9.598147570099994086e-01 1.966660377622152147e-03
2.419999999999999929e+00 9.602216261799999542e-01 1.941184205188533794e-03
2.430000000000000160e+00 9.606210917799993254e-01 1.916414206337416952e-03
2.439999999999999947e+00 9.610135629600000673e-01 1.892324038789725037e-03
2.450000000000000178e+00 9.613991472800004212e-01 1.868862494208804953e-03
2.459999999999999964e+00 9.617780576300001272e-01 1.846003655763456047e-03
2.470000000000000195e+00 9.621505575699993429e-01 1.823712744897925363e-03
2.479999999999999982e+00 9.625167956099999200e-01 1.801973997532593536e-03
2.490000000000000213e+00 9.628769453900004605e-01 1.780746360439250647e-03
2.500000000000000000e+00 9.632311424499988561e-01 1.760025965441202591e-03
2.509999999999999787e+00 9.635796326200004591e-01 1.739774273747905992e-03
2.520000000000000018e+00 9.639224993899994098e-01 1.719977680572241062e-03
2.529999999999999805e+00 9.642599168099997842e-01 1.700624487698471424e-03
2.540000000000000036e+00 9.645920392799989251e-01 1.681676139969615763e-03
2.549999999999999822e+00 9.649190120300000784e-01 1.663144026470031542e-03
2.560000000000000053e+00 9.652409027399996289e-01 1.644998705684875715e-03
2.569999999999999840e+00 9.655578647700007178e-01 1.627222375459835965e-03
2.580000000000000071e+00 9.658700511800003552e-01 1.609804588037266936e-03
2.589999999999999858e+00 9.661775270800002646e-01 1.592732815943020963e-03
2.600000000000000089e+00 9.664804059099998401e-01 1.575999854772959898e-03
2.609999999999999876e+00 9.667788544600001144e-01 1.559590566046198433e-03
2.620000000000000107e+00 9.670728717299987842e-01 1.543494992420485490e-03
2.629999999999999893e+00 9.673626726999992043e-01 1.527706354550800163e-03
2.640000000000000124e+00 9.676482717700007896e-01 1.512200080534061410e-03
2.649999999999999911e+00 9.679297639600008551e-01 1.496987880716633490e-03
2.660000000000000142e+00 9.682072703499994271e-01 1.482043770437158894e-03
2.669999999999999929e+00 9.684808477199994270e-01 1.467374853108580329e-03
2.680000000000000160e+00 9.687505817299998379e-01 1.452962100428596129e-03
2.689999999999999947e+00 9.690166511300007945e-01 1.438802942719345822e-03
2.700000000000000178e+00 9.692789806200009517e-01 1.424885757397895136e-03
2.709999999999999964e+00 9.695377328499986680e-01 1.411208776607060077e-03
2.720000000000000195e+00 9.697929373199996039e-01 1.397760666485650151e-03
2.729999999999999982e+00 9.700447581099994609e-01 1.384537744760284180e-03
2.740000000000000213e+00 9.702931318399986571e-01 1.371530881065177341e-03
2.750000000000000000e+00 9.705381974400004719e-01 1.358738435195409400e-03
2.759999999999999787e+00 9.707800605699996588e-01 1.346158166931435765e-03
2.770000000000000018e+00 9.710187093599998986e-01 1.333774123404795958e-03
2.779999999999999805e+00 9.712541658700000191e-01 1.321589267088920825e-03
2.790000000000000036e+00 9.714866710500005276e-01 1.309595373648293065e-03
2.799999999999999822e+00 9.717161617500014170e-01 1.297791370588765149e-03
2.810000000000000053e+00 9.719426036199996233e-01 1.286165843531346907e-03
2.819999999999999840e+00 9.721662488600001373e-01 1.274724849197456360e-03
2.830000000000000071e+00 9.723869847900004082e-01 1.263452213051356916e-03
2.839999999999999858e+00 9.726050317599996831e-01 1.252349766331954314e-03
2.850000000000000089e+00 9.728202392700006085e-01 1.241407910678509743e-03
2.859999999999999876e+00 9.730327936600003946e-01 1.230636527770551667e-03
2.870000000000000107e+00 9.732427367599997270e-01 1.220020866277254186e-03
2.879999999999999893e+00 9.734500757400006421e-01 1.209556568143914596e-03
2.890000000000000124e+00 9.736548250799997861e-01 1.199252056763388304e-03
2.899999999999999911e+00 9.738571205499996220e-01 1.189087576488785441e-03
2.910000000000000142e+00 9.740569477299998447e-01 1.179070022097735912e-03
2.919999999999999929e+00 9.742543682600000032e-01 1.169190985928744101e-03
2.930000000000000160e+00 9.744493768100001008e-01 1.159453693786146114e-03
2.939999999999999947e+00 9.746420491400008546e-01 1.149846611126764369e-03
2.950000000000000178e+00 9.748324549700005948e-01 1.140379226025792225e-03
2.959999999999999964e+00 9.750206241599999046e-01 1.131039260406261791e-03
2.970000000000000195e+00 9.752066139199995209e-01 1.121822889212472285e-03
2.979999999999999982e+00 9.753903497899989450e-01 1.112731446517968483e-03
2.990000000000000213e+00 9.755719940700001702e-01 1.103766369386634727e-03
3.000000000000000000e+00 9.757514597799996636e-01 1.094919002122407689e-03
3.009999999999999787e+00 9.759289823899999217e-01 1.086189410660564790e-03
3.020000000000000018e+00 9.761043542200003031e-01 1.077570773960767137e-03
3.029999999999999805e+00 9.762777414799996833e-01 1.069070981951054412e-03
