2.200000000000000011e-01 8.332611300700003276e-02 4.449131349936790640e-04
2.300000000000000100e-01 8.422687156199996916e-02 5.047803098665067231e-04
2.399999999999999911e-01 8.526085207600006544e-02 4.956882263953362767e-04
2.500000000000000000e-01 8.639492898500000795e-02 4.856870952164130421e-04
2.600000000000000089e-01 8.768672672800004175e-02 4.982107178989046183e-04
2.700000000000000178e-01 8.853913281499993515e-02 5.520329759861154284e-04
2.800000000000000266e-01 8.959700891699989844e-02 5.413258500002433122e-04
2.899999999999999800e-01 9.053376944800005377e-02 5.264674367258140135e-04
2.999999999999999889e-01 9.169369417299995384e-02 5.263695422912020166e-04
3.099999999999999978e-01 9.344432958600010219e-02 5.729039044132941882e-04
3.200000000000000067e-01 9.444974061600003301e-02 5.905845210357725875e-04
3.300000000000000155e-01 9.529350455700001665e-02 5.640138001270750918e-04
3.400000000000000244e-01 9.617053426100005686e-02 5.913192986418090713e-04
3.499999999999999778e-01 9.722535299499998618e-02 6.630107538171054263e-04
3.599999999999999867e-01 9.861366291800008343e-02 6.339508259833714215e-04
3.699999999999999956e-01 1.005281750380000449e-01 6.690754787331330920e-04
3.800000000000000044e-01 1.018184277849998737e-01 6.787660813972952890e-04
3.900000000000000133e-01 1.028757352829999805e-01 6.677901103073607134e-04
4.000000000000000222e-01 1.043182512809998908e-01 7.052624225231801918e-04
4.099999999999999756e-01 1.058386249120001066e-01 7.795052696876711732e-04
4.199999999999999845e-01 1.072430820570000748e-01 7.220680633647239216e-04
4.299999999999999933e-01 1.083166537989999900e-01 7.795503488548428559e-04
4.400000000000000022e-01 1.096969544149998949e-01 7.766259630924999277e-04
4.500000000000000111e-01 1.115184762409999752e-01 8.042928487163624515e-04
4.600000000000000200e-01 1.125132801010000905e-01 7.434504573229212777e-04
4.699999999999999734e-01 1.136344084730000481e-01 7.586757368777073945e-04
4.799999999999999822e-01 1.142988786620000308e-01 8.124698877575138936e-04
4.899999999999999911e-01 1.167571513199999744e-01 7.948821458801664640e-04
5.000000000000000000e-01 1.169281335380000231e-01 8.603653223308363723e-04
5.100000000000000089e-01 1.199942053099998379e-01 9.617189321837804400e-04
5.200000000000000178e-01 1.213380522520000476e-01 9.281312579503632259e-04
5.300000000000000266e-01 1.230961476760000506e-01 9.262171601653878010e-04
5.400000000000000355e-01 1.254333347000001486e-01 1.017523228520172398e-03
5.500000000000000444e-01 1.266009691800000225e-01 9.814103241317199966e-04
5.600000000000000533e-01 1.286135208899999716e-01 1.018416627331717459e-03
5.699999999999999512e-01 1.296746445700000250e-01 1.015874804780399817e-03
5.799999999999999600e-01 1.312403396900002073e-01 1.150485284622018581e-03
5.899999999999999689e-01 1.333834235600000195e-01 1.052815784188918793e-03
5.999999999999999778e-01 1.355040740499998397e-01 1.093124418717515960e-03
6.099999999999999867e-01 1.368869675700001010e-01 1.167485944574836107e-03
6.199999999999999956e-01 1.382241386199999644e-01 1.119272659640222585e-03
6.300000000000000044e-01 1.407114804499998706e-01 1.201045793691358707e-03
6.400000000000000133e-01 1.428924254599998889e-01 1.242732868110436482e-03
6.500000000000000222e-01 1.449064376099999663e-01 1.373387764726914173e-03
6.600000000000000311e-01 1.479742265599996998e-01 1.347636424320731042e-03
6.700000000000000400e-01 1.488134515699999494e-01 1.458549570845789432e-03
6.800000000000000488e-01 1.525336194599999085e-01 1.442783295201219588e-03
6.899999999999999467e-01 1.539674807000001033e-01 1.550530143026863841e-03
6.999999999999999556e-01 1.577610025200001098e-01 1.754249546205914959e-03
7.099999999999999645e-01 1.590693477899999542e-01 1.687922197352716104e-03
7.199999999999999734e-01 1.607318566000001392e-01 1.873065174101489665e-03
7.299999999999999822e-01 1.636031666299997966e-01 1.981470362084461305e-03
7.399999999999999911e-01 1.661694333699999804e-01 1.940890275782928848e-03
7.500000000000000000e-01 1.681058877200000967e-01 1.978657937171504448e-03
7.600000000000000089e-01 1.709167839100000363e-01 2.028681629945865931e-03
7.700000000000000178e-01 1.743098466000002345e-01 2.007161334122809209e-03
7.800000000000000266e-01 1.765478735999996551e-01 2.152878043151267278e-03
7.900000000000000355e-01 1.783101589899999673e-01 2.047679797289723557e-03
8.000000000000000444e-01 1.824890824800002587e-01 2.433329881000527006e-03
8.100000000000000533e-01 1.854297308699999203e-01 2.502482123160551086e-03
8.199999999999999512e-01 1.881212873500000826e-01 2.548970504128065043e-03
8.299999999999999600e-01 1.910219692899999266e-01 2.789088198615135954e-03
8.399999999999999689e-01 1.937789892600000341e-01 2.785252395731570123e-03
8.499999999999999778e-01 1.975863492499998209e-01 2.965817630989968541e-03
8.599999999999999867e-01 2.034663867899995371e-01 3.096768916197491315e-03
8.699999999999999956e-01 2.062524483400001163e-01 3.216952739889606533e-03
8.800000000000000044e-01 2.106432236500000443e-01 3.282287859482437096e-03
8.900000000000000133e-01 2.149339576700000642e-01 3.425190797491476334e-03
9.000000000000000222e-01 2.168604515200000249e-01 3.596273942481254156e-03
9.100000000000000311e-01 2.208278977400002507e-01 3.802356651557727701e-03
9.200000000000000400e-01 2.254408621200001961e-01 4.090141566062901676e-03
9.300000000000000488e-01 2.316673059300001503e-01 4.472873946210860138e-03
9.399999999999999467e-01 2.365372230599999959e-01 4.573082660917058076e-03
9.499999999999999556e-01 2.404446556999998430e-01 4.805686875003796835e-03
9.599999999999999645e-01 2.464260209400001012e-01 5.223882576047909031e-03
9.699999999999999734e-01 2.516345880099999932e-01 5.546650631262629166e-03
9.799999999999999822e-01 2.568480933099999142e-01 5.603365041764257759e-03
9.899999999999999911e-01 2.619416304700000753e-01 5.717648627635113674e-03
1.000000000000000000e+00 2.677746765500000348e-01 6.116112499752561320e-03
1.010000000000000009e+00 2.747716096099999672e-01 6.782390444972530297e-03
1.020000000000000018e+00 2.799154121600001544e-01 6.834821322693094940e-03
1.030000000000000027e+00 2.847059565899998645e-01 7.225599782705293024e-03
1.040000000000000036e+00 2.934028890600004491e-01 7.391759295672673327e-03
1.050000000000000044e+00 2.995871928000001239e-01 7.696192894780855449e-03
1.060000000000000053e+00 3.065875142899998074e-01 7.847441085346077566e-03
1.070000000000000062e+00 3.111507683400004942e-01 8.014500937496501359e-03
1.080000000000000071e+00 3.199780500800001870e-01 8.331225229385660902e-03
1.090000000000000080e+00 3.280566287300000772e-01 8.596504153492359052e-03
1.100000000000000089e+00 3.349794370499996621e-01 8.895878830259404055e-03
1.110000000000000098e+00 3.464038986199995396e-01 9.333085000853093283e-03
1.120000000000000107e+00 3.554918760800003241e-01 9.828779850970439241e-03
1.129999999999999893e+00 3.647258968600000650e-01 1.040538814643530811e-02
1.139999999999999902e+00 3.782660632999995109e-01 1.085354139521984076e-02
1.149999999999999911e+00 3.885654902500003671e-01 1.147147779919108386e-02
1.159999999999999920e+00 3.971331634400001587e-01 1.180932621753275416e-02
1.169999999999999929e+00 4.100096528299999599e-01 1.239421985320839428e-02
1.179999999999999938e+00 4.199743940399994768e-01 1.292698107004555848e-02
1.189999999999999947e+00 4.320199475000004452e-01 1.323911503056399847e-02
1.199999999999999956e+00 4.410070207200001424e-01 1.351402269886472877e-02
1.209999999999999964e+00 4.563097266100000771e-01 1.379264652430066060e-02
1.219999999999999973e+00 4.705675364499998792e-01 1.443347344548931779e-02
1.229999999999999982e+00 4.826794298200001720e-01 1.453580981829995407e-02
1.239999999999999991e+00 4.941871446300004633e-01 1.487937656560451780e-02
1.250000000000000000e+00 5.049091572099998482e-01 1.486153788299192716e-02
1.260000000000000009e+00 5.179878677700000544e-01 1.538127160435774632e-02
1.270000000000000018e+00 5.334055362200000872e-01 1.519004988604884775e-02
1.280000000000000027e+00 5.449551434399995120e-01 1.540318363109688046e-02
1.290000000000000036e+00 5.580613596399993659e-01 1.574643793788012627e-02
1.300000000000000044e+00 5.689125991400003635e-01 1.570030589330820986e-02
1.310000000000000053e+00 5.805704169400001113e-01 1.608183476774816337e-02
1.320000000000000062e+00 5.956969366599991211e-01 1.600216180806995209e-02
1.330000000000000071e+00 6.085398842199992719e-01 1.614263913176229234e-02
1.340000000000000080e+00 6.174942661900000296e-01 1.619792396109882848e-02
1.350000000000000089e+00 6.298524726900008863e-01 1.617663764043333896e-02
1.360000000000000098e+00 6.401354086500002927e-01 1.611848106074043399e-02
1.370000000000000107e+00 6.488336024299986571e-01 1.609810460976304064e-02
1.379999999999999893e+00 6.590675605700000439e-01 1.585571882532664165e-02
1.389999999999999902e+00 6.662456972899986063e-01 1.580954034488650170e-02
1.399999999999999911e+00 6.763638242600003014e-01 1.561701151880337535e-02
1.409999999999999920e+00 6.843142139700005844e-01 1.556407409551308248e-02
1.419999999999999929e+00 6.936275198200004821e-01 1.540213916161070271e-02
1.429999999999999938e+00 7.031928773599996907e-01 1.521211260964157146e-02
1.439999999999999947e+00 7.114383192900004538e-01 1.515376215439448969e-02
1.449999999999999956e+00 7.205345959000011291e-01 1.498870253648949130e-02
1.459999999999999964e+00 7.292506105799995142e-01 1.460904983360136397e-02
1.469999999999999973e+00 7.347163365899984644e-01 1.471505510107508526e-02
1.479999999999999982e+00 7.435928621500000890e-01 1.451043459796476712e-02
1.489999999999999991e+00 7.497526238199997417e-01 1.445206894759470950e-02
1.500000000000000000e+00 7.588508010699998030e-01 1.398830611837747692e-02
1.510000000000000009e+00 7.651730017500005809e-01 1.374301102349055441e-02
1.520000000000000018e+00 7.733630851599992972e-01 1.331937043983092914e-02
1.530000000000000027e+00 7.796035789300010954e-01 1.306297240166352791e-02
1.540000000000000036e+00 7.869852448799997680e-01 1.273321344773399762e-02
1.550000000000000044e+00 7.926794282599989305e-01 1.245776384254895439e-02
1.560000000000000053e+00 7.969718397199990756e-01 1.239299053623129331e-02
1.570000000000000062e+00 8.014695095000005098e-01 1.226475603620489317e-02
1.580000000000000071e+00 8.068763259800005860e-01 1.198237287281473697e-02
1.590000000000000080e+00 8.116378928100000945e-01 1.161987129229226021e-02
1.600000000000000089e+00 8.164873698700002569e-01 1.143951746909011719e-02
1.610000000000000098e+00 8.209171369499999038e-01 1.122444966039796987e-02
1.620000000000000107e+00 8.260696791199990674e-01 1.090930144790803157e-02
1.629999999999999893e+00 8.315631052500007669e-01 1.051877982762743254e-02
1.639999999999999902e+00 8.349684608099988692e-01 1.051124919472147881e-02
1.649999999999999911e+00 8.389004904900002613e-01 1.025222721797839666e-02
1.659999999999999920e+00 8.427460944600009274e-01 1.011612636309335359e-02
1.669999999999999929e+00 8.472301312300006826e-01 9.818422718891217649e-03
1.679999999999999938e+00 8.515432520499990332e-01 9.711904682349590395e-03
1.689999999999999947e+00 8.558498060199999369e-01 9.566486904253457615e-03
1.699999999999999956e+00 8.601525414200000830e-01 9.145859043068561844e-03
1.709999999999999964e+00 8.642336116700010118e-01 8.975843650475236885e-03
1.719999999999999973e+00 8.675013396600006477e-01 8.730033583664437852e-03
1.729999999999999982e+00 8.705668907200000417e-01 8.495063087924012435e-03
1.739999999999999991e+00 8.734985406600003222e-01 8.248916803784841004e-03
1.750000000000000000e+00 8.755951962000011468e-01 8.221864708397681396e-03
1.760000000000000009e+00 8.793463395699991914e-01 7.886232770901255990e-03
1.770000000000000018e+00 8.819835377500017115e-01 7.729777833798459272e-03
1.780000000000000027e+00 8.847304316699994287e-01 7.476201399300590883e-03
1.790000000000000036e+00 8.870514482100003706e-01 7.236834070215870593e-03
1.800000000000000044e+00 8.894215636400006897e-01 7.036660603432909680e-03
1.810000000000000053e+00 8.911286681300008006e-01 7.133421982085033988e-03
1.820000000000000062e+00 8.936785623300000925e-01 6.856295774870142107e-03
1.830000000000000071e+00 8.957399775300005640e-01 6.740639341091078651e-03
1.840000000000000080e+00 8.975439271899997573e-01 6.618603727693574482e-03
1.850000000000000089e+00 8.994007641600006986e-01 6.399478880622738904e-03
1.860000000000000098e+00 9.013826966799980411e-01 6.347381505659444902e-03
1.870000000000000107e+00 9.039883198499993888e-01 6.007265861615473761e-03
1.879999999999999893e+00 9.059857359599988724e-01 5.832522229193434771e-03
1.889999999999999902e+00 9.083222362599997490e-01 5.563126442850428038e-03
1.899999999999999911e+00 9.105258971100012033e-01 5.399751598460928760e-03
1.909999999999999920e+00 9.131045928499988973e-01 5.034178616210460526e-03
1.919999999999999929e+00 9.145578685299985411e-01 5.101914067986821830e-03
1.929999999999999938e+00 9.163681318900003259e-01 4.909047050424447320e-03
1.939999999999999947e+00 9.181496765699999063e-01 4.651680860864004265e-03
1.949999999999999956e+00 9.200342401800015724e-01 4.463315811771806710e-03
1.959999999999999964e+00 9.214979343000008205e-01 4.351339330850675056e-03
1.969999999999999973e+00 9.228584397299995912e-01 4.261626853809909188e-03
1.979999999999999982e+00 9.240363366100006193e-01 4.190619545749823399e-03
1.989999999999999991e+00 9.255151364399997194e-01 4.035380419525232999e-03
2.000000000000000000e+00 9.266599402300000898e-01 3.963646427987709865e-03
2.009999999999999787e+00 9.278958660900000766e-01 3.848702679544784011e-03
2.020000000000000018e+00 9.291625814999996402e-01 3.741264400328356624e-03
2.029999999999999805e+00 9.304089671499994330e-01 3.590971102092767060e-03
2.040000000000000036e+00 9.316383484800007109e-01 3.460027798109924137e-03
2.049999999999999822e+00 9.327288209900006510e-01 3.362257970000375167e-03
2.060000000000000053e+00 9.338125420899984208e-01 3.246488811644681217e-03
2.069999999999999840e+00 9.348690441400002715e-01 3.162707131276780957e-03
2.080000000000000071e+00 9.358517703400016652e-01 3.103424027770772253e-03
2.089999999999999858e+00 9.368788523300006776e-01 2.989628944375800033e-03
2.100000000000000089e+00 9.378142375699979327e-01 2.910265621658920509e-03
2.109999999999999876e+00 9.387670870800001177e-01 2.808183508257520392e-03
2.120000000000000107e+00 9.397468871900015452e-01 2.678197228999595978e-03
2.129999999999999893e+00 9.406148297500014355e-01 2.603091792186820134e-03
2.140000000000000124e+00 9.415744580300005051e-01 2.515920154411798067e-03
2.149999999999999911e+00 9.423575748699998256e-01 2.463564163456709224e-03
2.160000000000000142e+00 9.431023367299977700e-01 2.417496128993339762e-03
2.169999999999999929e+00 9.438141303999999510e-01 2.377925665387138534e-03
2.180000000000000160e+00 9.445078357799995272e-01 2.339736595331384696e-03
2.189999999999999947e+00 9.452055494500006816e-01 2.300869422321344653e-03
2.200000000000000178e+00 9.459065808999999048e-01 2.261534884563362602e-03
2.209999999999999964e+00 9.466084291200012046e-01 2.221226355119094043e-03
2.220000000000000195e+00 9.472635190900003943e-01 2.186290647511633309e-03
2.229999999999999982e+00 9.478906885199998023e-01 2.155738223750786487e-03
2.240000000000000213e+00 9.485065581800000700e-01 2.123312247748468905e-03
2.250000000000000000e+00 9.491006287799986785e-01 2.095178525628392432e-03
2.259999999999999787e+00 9.496863436899980471e-01 2.065230745147497889e-03
2.270000000000000018e+00 9.502491955799990953e-01 2.039276246242542872e-03
2.279999999999999805e+00 9.507961063300001125e-01 2.015976434569410457e-03
2.290000000000000036e+00 9.513347526899997852e-01 1.991301139189263422e-03
2.299999999999999822e+00 9.518620591600003289e-01 1.967231790618192717e-03
2.310000000000000053e+00 9.523952373900005375e-01 1.938273491136165497e-03
2.319999999999999840e+00 9.529355302599993305e-01 1.904262078984002380e-03
2.330000000000000071e+00 9.534424891000000679e-01 1.880005817416880191e-03
2.339999999999999858e+00 9.539448550999997112e-01 1.856215762847877567e-03
2.350000000000000089e+00 9.544397484099998996e-01 1.832030055912941494e-03
2.359999999999999876e+00 9.549188384999987012e-01 1.809817079095340543e-03
2.370000000000000107e+00 9.554212151700008926e-01 1.775017681685466149e-03
2.379999999999999893e+00 9.559032493399990393e-01 1.746338319995274909e-03
2.390000000000000124e+00 9.563675320900003607e-01 1.721503178036841225e-03
2.399999999999999911e+00 9.568220294800002801e-01 1.698128869023472678e-03
2.410000000000000142e+00 9.572686664900004194e-01 1.675143182792325795e-03
2.419999999999999929e+00 9.577037137800001876e-01 1.653691581689195394e-03
2.430000000000000160e+00 9.581305515599993772e-01 1.633167477002695194e-03
2.439999999999999947e+00 9.585581190800001039e-01 1.610159237343075861e-03
2.450000000000000178e+00 9.589701920800003387e-01 1.590623407407505512e-03
2.459999999999999964e+00 9.593873498900002961e-01 1.567106166107929462e-03
2.470000000000000195e+00 9.598153791300011450e-01 1.538385412228965342e-03
2.479999999999999982e+00 9.602125398499996578e-01 1.518332091717656315e-03
2.490000000000000213e+00 9.606018015599989690e-01 1.499127419110604566e-03
2.500000000000000000e+00 9.609838675999996527e-01 1.480605877997526968e-03
2.509999999999999787e+00 9.613603256499988481e-01 1.462226683948338784e-03
2.520000000000000018e+00 9.617278181699995265e-01 1.445214918511623751e-03
2.529999999999999805e+00 9.620874095099982704e-01 1.429245677869775497e-03
2.540000000000000036e+00 9.624433198400011991e-01 1.412914751533917053e-03
2.549999999999999822e+00 9.627979820199983330e-01 1.395443932285239576e-03
2.560000000000000053e+00 9.631424233299996640e-01 1.379908868640245022e-03
2.569999999999999840e+00 9.634908152699994677e-01 1.361646180888553262e-03
2.580000000000000071e+00 9.638295172699999913e-01 1.345188124192832867e-03
2.589999999999999858e+00 9.641619182599994176e-01 1.329451795286817244e-03
2.600000000000000089e+00 9.644886761799992270e-01 1.314223332947956962e-03
2.609999999999999876e+00 9.648102950299997094e-01 1.299404419624768190e-03
2.620000000000000107e+00 9.651269373400006568e-01 1.284921875552411021e-03
2.629999999999999893e+00 9.654389055499994488e-01 1.270738473170260341e-03
2.640000000000000124e+00 9.657462911599996591e-01 1.256824830580324272e-03
