8.699999999999999956e-01 4.399687299200000928e-02 1.910252085355868782e-04
8.800000000000000044e-01 4.440634782899998551e-02 1.920453956654728333e-04
8.900000000000000133e-01 4.522940699349995569e-02 1.967785567423337590e-04
9.000000000000000222e-01 4.561298712450001513e-02 2.110386644145895163e-04
9.100000000000000311e-01 4.645222906150003189e-02 2.137342067433615361e-04
9.200000000000000400e-01 4.709948000899992493e-02 2.050515305896965406e-04
9.300000000000000488e-01 4.766593564899995750e-02 2.080073650989622822e-04
9.399999999999999467e-01 4.797157719250003810e-02 2.115051823039544457e-04
9.499999999999999556e-01 4.897038840900000412e-02 2.375496756668602557e-04
9.599999999999999645e-01 4.956131754500002484e-02 2.316699622743148307e-04
9.699999999999999734e-01 5.051861944549996403e-02 2.177040149583416549e-04
9.799999999999999822e-01 5.117380484000001034e-02 2.604995445001938217e-04
9.899999999999999911e-01 5.183812600400002080e-02 2.458857474525794800e-04
1.000000000000000000e+00 5.263778393699992952e-02 2.438714108287226546e-04
1.010000000000000009e+00 5.332206942350001255e-02 2.623069844818624245e-04
1.020000000000000018e+00 5.436473688350000610e-02 2.752179220702456416e-04
1.030000000000000027e+00 5.483776315899994980e-02 2.653551151890785951e-04
1.040000000000000036e+00 5.607833884399994473e-02 3.000010880809859623e-04
1.050000000000000044e+00 5.678436387199993496e-02 3.107594039362106221e-04
1.060000000000000053e+00 5.753686056049995418e-02 2.939416952928836351e-04
1.070000000000000062e+00 5.868278770399996958e-02 3.190508379637416116e-04
1.080000000000000071e+00 5.931305350700002282e-02 3.215981070060395337e-04
1.090000000000000080e+00 6.006224977549998179e-02 3.115578529833622321e-04
1.100000000000000089e+00 6.138161474749998653e-02 3.316654168917594799e-04
1.110000000000000098e+00 6.238717337450004619e-02 3.354631638318127909e-04
1.120000000000000107e+00 6.338541029799994730e-02 3.525078458870039471e-04
1.129999999999999893e+00 6.413516610400001039e-02 4.019096748206964372e-04
1.139999999999999902e+00 6.525359396500003684e-02 3.904470061371950653e-04
1.149999999999999911e+00 6.672519904750000286e-02 3.761195837840663981e-04
1.159999999999999920e+00 6.804058735249998713e-02 4.183143386703715117e-04
1.169999999999999929e+00 6.904921695949996219e-02 4.431812464214648418e-04
1.179999999999999938e+00 7.021673730149990966e-02 4.372340611081524959e-04
1.189999999999999947e+00 7.156554422699998308e-02 4.542658087552534974e-04
1.199999999999999956e+00 7.271968762200006764e-02 5.227484456865342990e-04
1.209999999999999964e+00 7.454184245350004012e-02 4.899097680267513154e-04
1.219999999999999973e+00 7.530584784750003757e-02 4.965044388680798322e-04
1.229999999999999982e+00 7.641981318649999910e-02 4.958765268771157418e-04
1.239999999999999991e+00 7.871296634049997076e-02 5.723364405154360898e-04
1.250000000000000000e+00 7.928231195450004265e-02 5.659733958405345012e-04
1.260000000000000009e+00 8.110500651250002191e-02 6.435033532339358301e-04
1.270000000000000018e+00 8.326804642999990902e-02 7.279811556528516595e-04
1.280000000000000027e+00 8.495157255899994653e-02 7.517696992911732578e-04
1.290000000000000036e+00 8.667441865150006530e-02 7.901404302043277218e-04
1.300000000000000044e+00 8.841427399850013136e-02 7.413549451856123445e-04
1.310000000000000053e+00 9.040819331849987706e-02 8.730566942818217963e-04
1.320000000000000062e+00 9.210815319049993344e-02 9.107519636705185004e-04
1.330000000000000071e+00 9.407454264699989521e-02 1.018227823512508423e-03
1.340000000000000080e+00 9.641626915599986469e-02 1.003153768981381944e-03
1.350000000000000089e+00 9.857446293050010910e-02 1.050981415207528609e-03
1.360000000000000098e+00 1.021952991299999586e-01 1.314252580172334348e-03
1.370000000000000107e+00 1.035885776995000146e-01 1.228858750214314923e-03
1.379999999999999893e+00 1.072588978224998518e-01 1.539759001962330391e-03
1.389999999999999902e+00 1.111051889769999884e-01 1.794563697735755128e-03
1.399999999999999911e+00 1.132322195844998464e-01 1.915061489971030565e-03
1.409999999999999920e+00 1.157744140494999935e-01 2.035498895855259935e-03
1.419999999999999929e+00 1.192651836825000533e-01 2.185228948833418516e-03
1.429999999999999938e+00 1.245707961149998266e-01 2.425433037076618961e-03
1.439999999999999947e+00 1.279164991629999082e-01 2.649392955791100759e-03
1.449999999999999956e+00 1.336198740569998766e-01 2.956925416239074463e-03
1.459999999999999964e+00 1.393212831704998544e-01 3.294385768345074999e-03
1.469999999999999973e+00 1.446295839684999529e-01 3.682355408376646305e-03
1.479999999999999982e+00 1.497466426820001362e-01 3.856147948805912617e-03
1.489999999999999991e+00 1.590858688019999856e-01 4.602021577164110318e-03
1.500000000000000000e+00 1.660426443965000720e-01 4.851637334484964689e-03
1.510000000000000009e+00 1.743830696449998607e-01 5.344261535963411129e-03
1.520000000000000018e+00 1.825850575485002958e-01 5.856896148209655810e-03
1.530000000000000027e+00 1.915135158009997618e-01 6.328094695832327775e-03
1.540000000000000036e+00 2.036248716540001447e-01 6.690983489690514006e-03
1.550000000000000044e+00 2.148475690940002125e-01 7.264062577228835860e-03
1.560000000000000053e+00 2.274459174600002576e-01 7.875769284854533536e-03
1.570000000000000062e+00 2.380310603199997932e-01 8.198702361539076874e-03
1.580000000000000071e+00 2.532843956099999350e-01 8.860780898694100433e-03
1.590000000000000080e+00 2.687326070950001866e-01 9.090578070801559260e-03
1.600000000000000089e+00 2.826664848250001749e-01 9.636310299697928294e-03
1.610000000000000098e+00 3.021846428799997430e-01 1.004621296103236187e-02
1.620000000000000107e+00 3.224338802249995806e-01 1.044820287922695705e-02
1.629999999999999893e+00 3.404863077849998865e-01 1.050362365755942370e-02
1.639999999999999902e+00 3.629443683299994339e-01 1.106778621110190985e-02
1.649999999999999911e+00 3.809257401799999720e-01 1.164658173174197217e-02
1.659999999999999920e+00 4.081376422000004833e-01 1.187749483342810490e-02
1.669999999999999929e+00 4.289607423750002591e-01 1.194146629380831576e-02
1.679999999999999938e+00 4.540027448950000322e-01 1.197077303040307988e-02
1.689999999999999947e+00 4.718985200199996566e-01 1.212272778024420586e-02
1.699999999999999956e+00 4.938804028899999032e-01 1.184446664668252491e-02
1.709999999999999964e+00 5.149712467849995035e-01 1.165665512146493374e-02
1.719999999999999973e+00 5.336278526700001246e-01 1.161757739263470993e-02
1.729999999999999982e+00 5.548169174999996178e-01 1.118104414971681122e-02
1.739999999999999991e+00 5.780682905499997526e-01 1.056860011603549289e-02
1.750000000000000000e+00 5.953189711449994315e-01 1.013012132173162286e-02
1.760000000000000009e+00 6.127473763799997641e-01 9.619738474188380475e-03
1.770000000000000018e+00 6.279708748700001397e-01 9.222512121886268857e-03
1.780000000000000027e+00 6.441856457500001465e-01 8.697250983690016715e-03
1.790000000000000036e+00 6.613757255299996807e-01 7.851999380850452001e-03
1.800000000000000044e+00 6.744718164199992039e-01 7.208099272013242589e-03
1.810000000000000053e+00 6.880076891400005445e-01 6.574376519556552993e-03
1.820000000000000062e+00 7.003810839500002050e-01 6.087033429486254227e-03
1.830000000000000071e+00 7.111242665699992749e-01 5.575490855619358137e-03
1.840000000000000080e+00 7.219279916549996567e-01 4.792913107488185227e-03
1.850000000000000089e+00 7.309260041300005284e-01 4.500115445085198576e-03
1.860000000000000098e+00 7.402374779349985001e-01 4.049428335529467807e-03
1.870000000000000107e+00 7.487827797750002956e-01 3.683951092358413431e-03
1.879999999999999893e+00 7.564718924149993473e-01 3.464164197236668449e-03
1.889999999999999902e+00 7.634930039650011935e-01 3.310270350836318036e-03
1.899999999999999911e+00 7.700503985950001296e-01 3.161646831193577235e-03
1.909999999999999920e+00 7.763494895700009391e-01 3.043622653318524447e-03
1.919999999999999929e+00 7.823083188350012929e-01 2.888006401018496875e-03
1.929999999999999938e+00 7.881581035400002655e-01 2.768815981531817186e-03
1.939999999999999947e+00 7.941031118099998176e-01 2.580403368364353987e-03
1.949999999999999956e+00 7.994540119700012104e-01 2.491685648027370473e-03
1.959999999999999964e+00 8.048285182450001241e-01 2.344803473241164043e-03
1.969999999999999973e+00 8.096378362000010709e-01 2.239652052389864978e-03
1.979999999999999982e+00 8.143498413099991007e-01 2.150814425955952826e-03
1.989999999999999991e+00 8.187021032849999269e-01 2.061067717350424915e-03
2.000000000000000000e+00 8.228036961149992612e-01 1.997310435971377460e-03
2.009999999999999787e+00 8.268031773499991965e-01 1.928984932460999164e-03
2.020000000000000018e+00 8.307123904299994477e-01 1.859548159695224639e-03
2.029999999999999805e+00 8.343947925350003736e-01 1.787880922075125610e-03
2.040000000000000036e+00 8.379543693900002310e-01 1.730327667908605413e-03
2.049999999999999822e+00 8.413386362049996015e-01 1.661222926655269404e-03
2.060000000000000053e+00 8.446102071300005676e-01 1.610214514222902110e-03
2.069999999999999840e+00 8.475876892350011627e-01 1.575015790457706807e-03
