5.100000000000000089e-01 8.528603622300010012e-02 5.537838228946508241e-04
5.200000000000000178e-01 8.674074354100004547e-02 5.134413150707420716e-04
5.300000000000000266e-01 8.709427728999996621e-02 5.294953508538507991e-04
5.400000000000000355e-01 8.811860072700000712e-02 5.158066791059770203e-04
5.500000000000000444e-01 9.008253041800003136e-02 5.697881232060436748e-04
5.600000000000000533e-01 9.078721278000002892e-02 6.189301192342003786e-04
5.699999999999999512e-01 9.219264879099993426e-02 5.509334273611248738e-04
5.799999999999999600e-01 9.328066375700003188e-02 6.264847292190505552e-04
5.899999999999999689e-01 9.495440882499998902e-02 6.224277572861475769e-04
5.999999999999999778e-01 9.572456545899997449e-02 6.033084024596283316e-04
6.099999999999999867e-01 9.639463109199990221e-02 6.154490767514195736e-04
6.199999999999999956e-01 9.875856074199997059e-02 6.422492196321665219e-04
6.300000000000000044e-01 1.005578156729999978e-01 6.033114279970424676e-04
6.400000000000000133e-01 1.008683068409999828e-01 6.918100904326967638e-04
6.500000000000000222e-01 1.028826591760000492e-01 6.308430488106845160e-04
6.600000000000000311e-01 1.034909109470001226e-01 7.069641447526117282e-04
6.700000000000000400e-01 1.048750170519999469e-01 7.265559857515665673e-04
6.800000000000000488e-01 1.072969306829998776e-01 7.639908212989558007e-04
6.899999999999999467e-01 1.086769485350000397e-01 8.716222351025633506e-04
6.999999999999999556e-01 1.100381593469999253e-01 8.110969828798522425e-04
7.099999999999999645e-01 1.119065062820000095e-01 8.807436103316457036e-04
7.199999999999999734e-01 1.136601323080000947e-01 9.617582606406435653e-04
7.299999999999999822e-01 1.154499301960000140e-01 9.818981458595103795e-04
7.399999999999999911e-01 1.171678539140000030e-01 1.080620177774031625e-03
7.500000000000000000e-01 1.188281563820000747e-01 1.051955987331017976e-03
7.600000000000000089e-01 1.209683255170001109e-01 1.137842922061809521e-03
7.700000000000000178e-01 1.234369720799999987e-01 1.080959078485644459e-03
7.800000000000000266e-01 1.249231347849999313e-01 1.188435183976264617e-03
7.900000000000000355e-01 1.269806040800000035e-01 1.240711833769371063e-03
8.000000000000000444e-01 1.291053668300001234e-01 1.398993683277749119e-03
8.100000000000000533e-01 1.317397876640000187e-01 1.355110373482101230e-03
8.199999999999999512e-01 1.333203094099999486e-01 1.404348788322030408e-03
8.299999999999999600e-01 1.357163964900001685e-01 1.429435338962270312e-03
8.399999999999999689e-01 1.377782617199999615e-01 1.574020263463669911e-03
8.499999999999999778e-01 1.400293534800000905e-01 1.664920988051473176e-03
8.599999999999999867e-01 1.427857323399999989e-01 1.679426531903770300e-03
8.699999999999999956e-01 1.453901850399998974e-01 1.884618392465488507e-03
8.800000000000000044e-01 1.474679581499999947e-01 1.829753932473563794e-03
8.900000000000000133e-01 1.501564663500001007e-01 1.754450198517639023e-03
9.000000000000000222e-01 1.542148942699999581e-01 1.994339459354464977e-03
9.100000000000000311e-01 1.553595619199999167e-01 1.951602580545258765e-03
9.200000000000000400e-01 1.592005437899997877e-01 2.441615918980938500e-03
9.300000000000000488e-01 1.624635327799999474e-01 2.430705891988223753e-03
9.399999999999999467e-01 1.665297308999999226e-01 2.839097636433797651e-03
9.499999999999999556e-01 1.698106256000002090e-01 2.967820233178419635e-03
9.599999999999999645e-01 1.739757764599999534e-01 3.219182081932125267e-03
9.699999999999999734e-01 1.789744718099998133e-01 3.459228860636024642e-03
9.799999999999999822e-01 1.815238056000000877e-01 3.497741404866951120e-03
9.899999999999999911e-01 1.858595953400001277e-01 3.890997890400675271e-03
1.000000000000000000e+00 1.908743588999997631e-01 4.150875449632012229e-03
1.010000000000000009e+00 1.937212173399998905e-01 4.273366283783256239e-03
1.020000000000000018e+00 2.003465697799994838e-01 4.673775267001634148e-03
1.030000000000000027e+00 2.048660673599999316e-01 4.715217492201845967e-03
1.040000000000000036e+00 2.099101499900000445e-01 5.118521594280144200e-03
1.050000000000000044e+00 2.148507931699999429e-01 5.258868852779468445e-03
1.060000000000000053e+00 2.209102178700000085e-01 5.537625043807424714e-03
1.070000000000000062e+00 2.277549183199999439e-01 5.740076808171502148e-03
1.080000000000000071e+00 2.328225312199998231e-01 6.152141432284401711e-03
1.090000000000000080e+00 2.396704987899999084e-01 6.446936977047315782e-03
1.100000000000000089e+00 2.483860972500001318e-01 7.187229289096128820e-03
1.110000000000000098e+00 2.558077407900000155e-01 7.671100468683942492e-03
1.120000000000000107e+00 2.631239495399997907e-01 8.195296646533423504e-03
1.129999999999999893e+00 2.716155880700001912e-01 8.720025172331797442e-03
1.139999999999999902e+00 2.809083465599998553e-01 8.691953905535683422e-03
1.149999999999999911e+00 2.909515751500000302e-01 9.291284579742467922e-03
1.159999999999999920e+00 2.988110372299996875e-01 9.507957062897306327e-03
1.169999999999999929e+00 3.087544580399997907e-01 1.001071181390230692e-02
1.179999999999999938e+00 3.161880674499997768e-01 1.030025621844324855e-02
1.189999999999999947e+00 3.284094203699995385e-01 1.082892967983223841e-02
1.199999999999999956e+00 3.385871418799998867e-01 1.124578175019626258e-02
1.209999999999999964e+00 3.484672037299998970e-01 1.145379569111485557e-02
1.219999999999999973e+00 3.605040152299997525e-01 1.184822598753598917e-02
1.229999999999999982e+00 3.731956402200001244e-01 1.234741189464727031e-02
1.239999999999999991e+00 3.846277191500002135e-01 1.302578691316760677e-02
1.250000000000000000e+00 3.944626995999997443e-01 1.323992696628057200e-02
1.260000000000000009e+00 4.097853953400003024e-01 1.437548396661119526e-02
1.270000000000000018e+00 4.239440711200003764e-01 1.459229499365804865e-02
1.280000000000000027e+00 4.349495363700007222e-01 1.512416772407550007e-02
1.290000000000000036e+00 4.480014083900002997e-01 1.559297971968992211e-02
1.300000000000000044e+00 4.619849612499996039e-01 1.567300379198852470e-02
1.310000000000000053e+00 4.753148711200000931e-01 1.585934959538851108e-02
1.320000000000000062e+00 4.903611755799999194e-01 1.598864330906011461e-02
1.330000000000000071e+00 5.006497889500004517e-01 1.617795448640916081e-02
1.340000000000000080e+00 5.157962489499999803e-01 1.621440836238345617e-02
1.350000000000000089e+00 5.298417598100001458e-01 1.611005298628217716e-02
1.360000000000000098e+00 5.439791410500000035e-01 1.617816791601713391e-02
1.370000000000000107e+00 5.586753978199996418e-01 1.603662278189730769e-02
1.379999999999999893e+00 5.702615354200004649e-01 1.641464589941962413e-02
1.389999999999999902e+00 5.874692843800006781e-01 1.616978931682989604e-02
1.399999999999999911e+00 5.999714081000000476e-01 1.599785003491613344e-02
1.409999999999999920e+00 6.099373187999991286e-01 1.606120058225682379e-02
1.419999999999999929e+00 6.215188722100010166e-01 1.613821317225459448e-02
1.429999999999999938e+00 6.321101537300012341e-01 1.592847309909942513e-02
1.439999999999999947e+00 6.457483706299999016e-01 1.557830627753368710e-02
1.449999999999999956e+00 6.594698298599993569e-01 1.538825841089101580e-02
1.459999999999999964e+00 6.710947139499997549e-01 1.504591728210847960e-02
1.469999999999999973e+00 6.819730930700000915e-01 1.483373459006644655e-02
1.479999999999999982e+00 6.926593948000001610e-01 1.465952923320760354e-02
1.489999999999999991e+00 7.022122728500003186e-01 1.442771520741758899e-02
1.500000000000000000e+00 7.127686624799989268e-01 1.405326795777118651e-02
1.510000000000000009e+00 7.213193576699996612e-01 1.395050127024196653e-02
1.520000000000000018e+00 7.315945969299998408e-01 1.326961831241603093e-02
1.530000000000000027e+00 7.434328667399990875e-01 1.256279278065177210e-02
1.540000000000000036e+00 7.536116596399999867e-01 1.233188868149827193e-02
1.550000000000000044e+00 7.616930595699998863e-01 1.202994452668755022e-02
1.560000000000000053e+00 7.695841342799998319e-01 1.163007139291498057e-02
1.570000000000000062e+00 7.803901534600000689e-01 1.093472157676391582e-02
1.580000000000000071e+00 7.881683082299998366e-01 1.065062164011754998e-02
1.590000000000000080e+00 7.954356665999994247e-01 1.034712355432909799e-02
1.600000000000000089e+00 8.007899879600007820e-01 1.030583064476447812e-02
1.610000000000000098e+00 8.066366195700002129e-01 1.007480653410176147e-02
1.620000000000000107e+00 8.126673105700005229e-01 9.787020779971023973e-03
1.629999999999999893e+00 8.184512947400004457e-01 9.319754662419379304e-03
1.639999999999999902e+00 8.222992480400006521e-01 9.325667832575242414e-03
1.649999999999999911e+00 8.273074403099998086e-01 9.131860683140603438e-03
1.659999999999999920e+00 8.318431797500005498e-01 9.014031479561330357e-03
1.669999999999999929e+00 8.373454128700000831e-01 8.509781774918449837e-03
1.679999999999999938e+00 8.408715384300001761e-01 8.542957520876469021e-03
1.689999999999999947e+00 8.459546358100008545e-01 8.112494671940221821e-03
1.699999999999999956e+00 8.509498095400007678e-01 7.563037383349575059e-03
1.709999999999999964e+00 8.549254719100001232e-01 7.394701964542878779e-03
1.719999999999999973e+00 8.594103504099998014e-01 7.034420355159348541e-03
1.729999999999999982e+00 8.629228256099998884e-01 6.860105348120823857e-03
1.739999999999999991e+00 8.659324931000005332e-01 6.756924229082271471e-03
1.750000000000000000e+00 8.692295644500008800e-01 6.464078752926630603e-03
1.760000000000000009e+00 8.720614151099994604e-01 6.436357177130682707e-03
1.770000000000000018e+00 8.751391951600011598e-01 6.198360569382670333e-03
1.780000000000000027e+00 8.781537318399991188e-01 5.892430278857213946e-03
1.790000000000000036e+00 8.803957026299995547e-01 5.843623244168392149e-03
1.800000000000000044e+00 8.831488988799989226e-01 5.584113557336024478e-03
1.810000000000000053e+00 8.860056926000003941e-01 5.316187590524839093e-03
1.820000000000000062e+00 8.883171011299991759e-01 5.169269581723090479e-03
1.830000000000000071e+00 8.907738920499999047e-01 4.988669585029802643e-03
1.840000000000000080e+00 8.932424735900001966e-01 4.765271384043895386e-03
1.850000000000000089e+00 8.954135755899998994e-01 4.609403158195421804e-03
1.860000000000000098e+00 8.977163704900009700e-01 4.387509735336314783e-03
1.870000000000000107e+00 8.999455876299992108e-01 4.190243916941609192e-03
1.879999999999999893e+00 9.019035001999994305e-01 4.076649023267591744e-03
1.889999999999999902e+00 9.039398623099990093e-01 3.982597928955432590e-03
1.899999999999999911e+00 9.054619453199999057e-01 3.953037335471806107e-03
1.909999999999999920e+00 9.076043178299998404e-01 3.777833780879735846e-03
1.919999999999999929e+00 9.091979501300010424e-01 3.688992008172227097e-03
1.929999999999999938e+00 9.107464640000005884e-01 3.666567254611697094e-03
1.939999999999999947e+00 9.124683602100003288e-01 3.540058720566675778e-03
1.949999999999999956e+00 9.141681853599989971e-01 3.396851094627990984e-03
1.959999999999999964e+00 9.158926113999985574e-01 3.252401203660138049e-03
1.969999999999999973e+00 9.173637493000008636e-01 3.172985907057384192e-03
1.979999999999999982e+00 9.187974604700014369e-01 3.079970449441716066e-03
1.989999999999999991e+00 9.200499105200005134e-01 3.030288494551810000e-03
2.000000000000000000e+00 9.213234874300003652e-01 2.955988432012796301e-03
2.009999999999999787e+00 9.223458069500007905e-01 2.904858719267311689e-03
2.020000000000000018e+00 9.237539732899989753e-01 2.852179876806140539e-03
2.029999999999999805e+00 9.250683419999990997e-01 2.776440311182359205e-03
2.040000000000000036e+00 9.263016088000004533e-01 2.703569577339027998e-03
2.049999999999999822e+00 9.274010473899987339e-01 2.646307466385289416e-03
2.060000000000000053e+00 9.284377830000001275e-01 2.597209789748623331e-03
2.069999999999999840e+00 9.294465752900002986e-01 2.539499559877396798e-03
2.080000000000000071e+00 9.304526057500001057e-01 2.500500735622259840e-03
2.089999999999999858e+00 9.314467614399996043e-01 2.462226331928168196e-03
2.100000000000000089e+00 9.325437570900007023e-01 2.381267491550784297e-03
2.109999999999999876e+00 9.334510874399987168e-01 2.348630606049490095e-03
2.120000000000000107e+00 9.343364632800004177e-01 2.320437462293461171e-03
2.129999999999999893e+00 9.352607529000005471e-01 2.261742467126795324e-03
2.140000000000000124e+00 9.361016698600004293e-01 2.231397168745062609e-03
2.149999999999999911e+00 9.370222533699997802e-01 2.174609505494946773e-03
2.160000000000000142e+00 9.378337510000004373e-01 2.145502160017316758e-03
2.169999999999999929e+00 9.386062644299995039e-01 2.124362059023914961e-03
2.180000000000000160e+00 9.394237721800005048e-01 2.063799405851602601e-03
2.189999999999999947e+00 9.401971494499999915e-01 2.012511793937027046e-03
2.200000000000000178e+00 9.410307831999997763e-01 1.929204173846014959e-03
2.209999999999999964e+00 9.418058067299981406e-01 1.865322013279436999e-03
2.220000000000000195e+00 9.425952045999997919e-01 1.784263816565111660e-03
2.229999999999999982e+00 9.432882430100000271e-01 1.764595869860250549e-03
2.240000000000000213e+00 9.439953325300006748e-01 1.725148684657274367e-03
2.250000000000000000e+00 9.446776342700002882e-01 1.697297728173301993e-03
2.259999999999999787e+00 9.453558381099993468e-01 1.665770640737262087e-03
2.270000000000000018e+00 9.460132980899997879e-01 1.630972557114824389e-03
2.279999999999999805e+00 9.466368833199997335e-01 1.606093311657559846e-03
2.290000000000000036e+00 9.472593497000003637e-01 1.579166985840356951e-03
2.299999999999999822e+00 9.478625045200015364e-01 1.554572625156821651e-03
2.310000000000000053e+00 9.484408256200000942e-01 1.534248218390907781e-03
2.319999999999999840e+00 9.490151356600006194e-01 1.512104544254051774e-03
2.330000000000000071e+00 9.495861429400008769e-01 1.488043613141343995e-03
2.339999999999999858e+00 9.501554082799998913e-01 1.461853292315354585e-03
2.350000000000000089e+00 9.507102416900000685e-01 1.438358982991948297e-03
