9.399999999999999467e-01 2.842366038250002114e-02 1.170333895640971426e-04
9.499999999999999556e-01 2.898423011700000315e-02 1.231441851975448255e-04
9.599999999999999645e-01 2.943768685899996948e-02 1.213557930389973786e-04
9.699999999999999734e-01 3.014960439050001426e-02 1.237620428864686804e-04
9.799999999999999822e-01 3.078299201799996124e-02 1.377938700658323291e-04
9.899999999999999911e-01 3.113670292550005034e-02 1.414303599421250484e-04
1.000000000000000000e+00 3.181376159099998102e-02 1.473035579961815640e-04
1.010000000000000009e+00 3.256378739100001390e-02 1.470504841679860547e-04
1.020000000000000018e+00 3.306101274599999168e-02 1.472681280900640954e-04
1.030000000000000027e+00 3.394281403100000288e-02 1.521258687816469087e-04
1.040000000000000036e+00 3.460902635500003738e-02 1.589882125934976729e-04
1.050000000000000044e+00 3.523496757049996569e-02 1.659499977629280850e-04
1.060000000000000053e+00 3.595155223699997987e-02 1.691394392716871211e-04
1.070000000000000062e+00 3.680815351949996705e-02 1.796293184046680804e-04
1.080000000000000071e+00 3.780659326599992293e-02 1.970915076394967776e-04
1.090000000000000080e+00 3.871556795050006688e-02 1.994090292142958328e-04
1.100000000000000089e+00 3.954491929699992248e-02 2.112464386175237337e-04
1.110000000000000098e+00 4.032749355299999200e-02 2.244412348389169230e-04
1.120000000000000107e+00 4.129217090750009200e-02 2.263192711377579156e-04
1.129999999999999893e+00 4.224758163950001477e-02 2.491722346832609216e-04
1.139999999999999902e+00 4.351314214149996917e-02 2.509109765484417967e-04
1.149999999999999911e+00 4.444187125950002648e-02 2.755758373529850901e-04
1.159999999999999920e+00 4.593088926300004787e-02 2.873779617356204052e-04
1.169999999999999929e+00 4.701676258300001993e-02 2.865822855624480521e-04
1.179999999999999938e+00 4.874204484699998924e-02 3.425057920790294829e-04
1.189999999999999947e+00 5.010402284999994349e-02 3.205077408257360288e-04
1.199999999999999956e+00 5.161494030000000899e-02 3.491721914410195822e-04
1.209999999999999964e+00 5.332423718449988415e-02 3.982064368359288821e-04
1.219999999999999973e+00 5.497872693500005514e-02 4.117590117973439034e-04
1.229999999999999982e+00 5.692173978049996225e-02 4.613682796056780525e-04
1.239999999999999991e+00 5.950101926100000854e-02 4.946649619920489736e-04
1.250000000000000000e+00 6.119363850049999026e-02 5.824538350126979040e-04
1.260000000000000009e+00 6.381801112799995179e-02 5.953820575797075893e-04
1.270000000000000018e+00 6.693060808549997076e-02 6.506920610846098334e-04
1.280000000000000027e+00 6.984770311449989277e-02 7.581886354641732785e-04
1.290000000000000036e+00 7.288298778299995284e-02 9.898907619904930531e-04
1.300000000000000044e+00 7.864850488249999771e-02 1.259080451388504360e-03
1.310000000000000053e+00 8.295846973599993457e-02 1.485497435614768769e-03
1.320000000000000062e+00 8.882543192700002865e-02 2.076655694557943445e-03
1.330000000000000071e+00 9.604003131250020420e-02 2.573260144038022786e-03
1.340000000000000080e+00 1.091757830299999454e-01 3.551689267505642438e-03
1.350000000000000089e+00 1.240613054835001117e-01 4.691572978884100270e-03
1.360000000000000098e+00 1.444678176774998046e-01 6.355021103858031310e-03
1.370000000000000107e+00 1.672539012454999918e-01 7.782930558240522788e-03
1.379999999999999893e+00 2.114667135799998543e-01 9.922031483947940309e-03
1.389999999999999902e+00 2.539705023134997686e-01 1.139725164126900725e-02
1.399999999999999911e+00 3.045590196034997921e-01 1.258531945464110360e-02
1.409999999999999920e+00 3.598442459965001672e-01 1.351097485533726827e-02
1.419999999999999929e+00 4.194035068640000197e-01 1.370432674062213065e-02
1.429999999999999938e+00 4.751749450900009664e-01 1.312585281317712842e-02
1.439999999999999947e+00 5.268383382100004786e-01 1.222386762836586913e-02
1.449999999999999956e+00 5.762354947950003581e-01 1.072461483646974106e-02
1.459999999999999964e+00 6.137846137400008173e-01 9.639413151672078864e-03
1.469999999999999973e+00 6.548005151049992589e-01 7.101775776019744399e-03
1.479999999999999982e+00 6.790518626150009451e-01 6.025218269248772303e-03
1.489999999999999991e+00 7.027317778400008486e-01 4.392782960772718785e-03
1.500000000000000000e+00 7.210051567650005433e-01 3.469032450426726664e-03
1.510000000000000009e+00 7.364979692850006643e-01 2.653037015233540574e-03
1.520000000000000018e+00 7.493455340600012615e-01 2.175110095084454263e-03
1.530000000000000027e+00 7.600743136150004409e-01 2.057596440934425334e-03
1.540000000000000036e+00 7.704492766799999615e-01 1.826874236983960049e-03
1.550000000000000044e+00 7.798136253549990959e-01 1.601779981530384537e-03
1.560000000000000053e+00 7.881981403599993552e-01 1.493634599912206477e-03
1.570000000000000062e+00 7.960211347850001395e-01 1.382180317085936715e-03
1.580000000000000071e+00 8.031747041000004694e-01 1.296081054896703428e-03
1.590000000000000080e+00 8.099639072300006681e-01 1.213164749173608649e-03
1.600000000000000089e+00 8.162144117999993176e-01 1.143073536929553428e-03
1.610000000000000098e+00 8.221423473249998004e-01 1.083635302007440000e-03
1.620000000000000107e+00 8.277566685399997404e-01 1.025653624911851067e-03
1.629999999999999893e+00 8.330272488049993429e-01 9.681646588517014767e-04
