8.000000000000000167e-02 9.687423751599989752e-02 4.754834935240721556e-04
8.999999999999999667e-02 9.824389558999992167e-02 4.878302518034792414e-04
1.000000000000000056e-01 9.908056187200003917e-02 4.770793772324933343e-04
1.100000000000000006e-01 1.002130782910000129e-01 4.913069934379686631e-04
1.199999999999999956e-01 1.013973198419998445e-01 4.821889276986348564e-04
1.300000000000000044e-01 1.025562197579998752e-01 4.881591982809583294e-04
1.400000000000000133e-01 1.034026480909999018e-01 5.313146622416644628e-04
1.499999999999999944e-01 1.047410440099999507e-01 5.005161616211692508e-04
1.600000000000000033e-01 1.057263905839999907e-01 5.117994012393088784e-04
1.700000000000000122e-01 1.069437569820001072e-01 5.546111935260939060e-04
1.799999999999999933e-01 1.082525134790000287e-01 5.885481692116069016e-04
1.900000000000000022e-01 1.090705733270001393e-01 6.105407269477638316e-04
2.000000000000000111e-01 1.107874254980000112e-01 6.475918532996596507e-04
2.099999999999999922e-01 1.118003668959999669e-01 7.134698591230614244e-04
2.200000000000000011e-01 1.131807285200000790e-01 7.362744692220493225e-04
2.300000000000000100e-01 1.143960242080001022e-01 6.636021039151292211e-04
2.399999999999999911e-01 1.158807197300000258e-01 7.342566108922456147e-04
2.500000000000000000e-01 1.171836783199999010e-01 7.356248725998703339e-04
2.600000000000000089e-01 1.183898666499999530e-01 7.540952486375157235e-04
2.700000000000000178e-01 1.196976639300001283e-01 8.914092115883173045e-04
2.800000000000000266e-01 1.214781381099998558e-01 8.583488563206280019e-04
2.899999999999999800e-01 1.228840729499999090e-01 8.559087789585963614e-04
2.999999999999999889e-01 1.241092251099999849e-01 8.767162433528795547e-04
3.099999999999999978e-01 1.250041969899999272e-01 9.077970177471611718e-04
3.200000000000000067e-01 1.273134114600000533e-01 9.747928371208265837e-04
3.300000000000000155e-01 1.286012184000002168e-01 9.956502497674769338e-04
3.400000000000000244e-01 1.307409061099998049e-01 1.087482336748032746e-03
3.499999999999999778e-01 1.318640067400000948e-01 1.061462241210289802e-03
3.599999999999999867e-01 1.340060428900002043e-01 1.085617724816959799e-03
3.699999999999999956e-01 1.353288975299999641e-01 1.195546142277997565e-03
3.800000000000000044e-01 1.367879687200000138e-01 1.203530481330224340e-03
3.900000000000000133e-01 1.381150874399998674e-01 1.207980526903826551e-03
4.000000000000000222e-01 1.395463692100000208e-01 1.245033813854257198e-03
4.099999999999999756e-01 1.415238760699999432e-01 1.268380867300456004e-03
4.199999999999999845e-01 1.435091462799999718e-01 1.271973891668600962e-03
4.299999999999999933e-01 1.462486146800001108e-01 1.356978240362278045e-03
4.400000000000000022e-01 1.467135583000000187e-01 1.330597146179757521e-03
4.500000000000000111e-01 1.487381352100001219e-01 1.437418185859202580e-03
4.600000000000000200e-01 1.501916811600000345e-01 1.488368768833472477e-03
4.699999999999999734e-01 1.515086088500001149e-01 1.540259468883723717e-03
4.799999999999999822e-01 1.542768648100001361e-01 1.660541850978879130e-03
4.899999999999999911e-01 1.557074050200001891e-01 1.632938164375308081e-03
5.000000000000000000e-01 1.582307158100002831e-01 1.634499299255937283e-03
5.100000000000000089e-01 1.595981490199998853e-01 1.658905257391767637e-03
5.200000000000000178e-01 1.613018270200000104e-01 1.835166152791708810e-03
5.300000000000000266e-01 1.634453153299998407e-01 1.877184962814507866e-03
5.400000000000000355e-01 1.656394959899999408e-01 1.819137934453242617e-03
5.500000000000000444e-01 1.675439465199999589e-01 1.888961205607434706e-03
5.600000000000000533e-01 1.689407364600002404e-01 1.860751956748740677e-03
5.699999999999999512e-01 1.708966698499997938e-01 1.880976819827581172e-03
5.799999999999999600e-01 1.735980758899999532e-01 1.907813911974070653e-03
5.899999999999999689e-01 1.759661089499999220e-01 2.137284719905515988e-03
5.999999999999999778e-01 1.786859265299999833e-01 2.236526328305938390e-03
6.099999999999999867e-01 1.811973273600001322e-01 2.298904032118573044e-03
6.199999999999999956e-01 1.839601398999999582e-01 2.455417004443402346e-03
6.300000000000000044e-01 1.851443560299999291e-01 2.561353441477677486e-03
6.400000000000000133e-01 1.882477943199998838e-01 2.618357560510317390e-03
6.500000000000000222e-01 1.901141873800000492e-01 2.420360901432125431e-03
6.600000000000000311e-01 1.928149865800001250e-01 2.482284970749992076e-03
6.700000000000000400e-01 1.958112222699994742e-01 2.492037868927310645e-03
6.800000000000000488e-01 1.983257230800003212e-01 2.575377538771651646e-03
6.899999999999999467e-01 2.008341317699999240e-01 2.873076809281011144e-03
6.999999999999999556e-01 2.044508665199996078e-01 2.888679353106486224e-03
7.099999999999999645e-01 2.062137815600000035e-01 2.867464121524547927e-03
7.199999999999999734e-01 2.105949898900001671e-01 2.854109510153154602e-03
7.299999999999999822e-01 2.133946959499996299e-01 3.146750424978968057e-03
7.399999999999999911e-01 2.163676058500001165e-01 3.411193119530393260e-03
7.500000000000000000e-01 2.192727653199997295e-01 3.317828298781884313e-03
7.600000000000000089e-01 2.216759283400003833e-01 3.486045817860839498e-03
7.700000000000000178e-01 2.252176600200000434e-01 3.666534270195111883e-03
7.800000000000000266e-01 2.284159487700000435e-01 3.725671224873734928e-03
7.900000000000000355e-01 2.325775094800001386e-01 3.914861292833391598e-03
8.000000000000000444e-01 2.360595949599999521e-01 3.841048980072399657e-03
8.100000000000000533e-01 2.387418403399999001e-01 3.924573881720369237e-03
8.199999999999999512e-01 2.410433217000000627e-01 4.045274943438844154e-03
8.299999999999999600e-01 2.438158002699998828e-01 4.138714416401220730e-03
8.399999999999999689e-01 2.466795842700003072e-01 4.046348943489729878e-03
8.499999999999999778e-01 2.534900375000002093e-01 4.351401175808928580e-03
8.599999999999999867e-01 2.552533952300000131e-01 4.305162048513959741e-03
8.699999999999999956e-01 2.587058742599997463e-01 4.480557151984655359e-03
8.800000000000000044e-01 2.624578729899998963e-01 4.939560576153485989e-03
8.900000000000000133e-01 2.674732353600001167e-01 5.034954197874340516e-03
9.000000000000000222e-01 2.700113881999997023e-01 5.097464165097385751e-03
9.100000000000000311e-01 2.744519012999997454e-01 5.272788277947837964e-03
9.200000000000000400e-01 2.781128260000001462e-01 5.330777843781058997e-03
9.300000000000000488e-01 2.840263378100001956e-01 5.544650183688398619e-03
9.399999999999999467e-01 2.883703863299998393e-01 5.937047939305576012e-03
9.499999999999999556e-01 2.929629624399999188e-01 6.145490316127274512e-03
9.599999999999999645e-01 2.970274451000004534e-01 6.540140345223007141e-03
9.699999999999999734e-01 3.035142647900000989e-01 6.869968657490278102e-03
9.799999999999999822e-01 3.084163927899996605e-01 7.245873027339381524e-03
9.899999999999999911e-01 3.151640492899999146e-01 7.564081941474318053e-03
1.000000000000000000e+00 3.182507839900003410e-01 7.610847460286815185e-03
1.010000000000000009e+00 3.240642135499997023e-01 8.139175082241476011e-03
1.020000000000000018e+00 3.323630824399999573e-01 8.506210416206980499e-03
1.030000000000000027e+00 3.380208841599997016e-01 8.941948990239203046e-03
1.040000000000000036e+00 3.422178137999999370e-01 9.180256383726430325e-03
1.050000000000000044e+00 3.479395827399996421e-01 9.570779356223187845e-03
1.060000000000000053e+00 3.564344391500000597e-01 9.984212898173788070e-03
1.070000000000000062e+00 3.605248920800002144e-01 1.011098541631653448e-02
1.080000000000000071e+00 3.678567813000002684e-01 1.027533603147941059e-02
1.090000000000000080e+00 3.726533500199992743e-01 1.066261973044572986e-02
1.100000000000000089e+00 3.801090171899995096e-01 1.077976575949711295e-02
1.110000000000000098e+00 3.859705829200002491e-01 1.076494750522722157e-02
1.120000000000000107e+00 3.941566675900000649e-01 1.113153514193145933e-02
1.129999999999999893e+00 4.000415396499998888e-01 1.138663020095265384e-02
1.139999999999999902e+00 4.059886751799998694e-01 1.142243813814503191e-02
1.149999999999999911e+00 4.146529566399999589e-01 1.170776550828043529e-02
1.159999999999999920e+00 4.198698388899999023e-01 1.202556624792888544e-02
1.169999999999999929e+00 4.288802902399999062e-01 1.232042590683979193e-02
1.179999999999999938e+00 4.335738457100001275e-01 1.271012861451553330e-02
1.189999999999999947e+00 4.400709617700003795e-01 1.284740028577150729e-02
1.199999999999999956e+00 4.478710065899995652e-01 1.299156328434382043e-02
1.209999999999999964e+00 4.525150516900002806e-01 1.316187829552574462e-02
1.219999999999999973e+00 4.608196360400003688e-01 1.348160600946937682e-02
1.229999999999999982e+00 4.689875098799994868e-01 1.366434585363311693e-02
1.239999999999999991e+00 4.764622469600005017e-01 1.388542481110618780e-02
1.250000000000000000e+00 4.822434251099996794e-01 1.410658373003764905e-02
1.260000000000000009e+00 4.896216842600004115e-01 1.439423011657215389e-02
1.270000000000000018e+00 4.946324099199999602e-01 1.469461510324169759e-02
1.280000000000000027e+00 5.019184153900005940e-01 1.473420794343831969e-02
1.290000000000000036e+00 5.095409769300008884e-01 1.502812483166329066e-02
1.300000000000000044e+00 5.163802194599999007e-01 1.508836913930295710e-02
1.310000000000000053e+00 5.230691674599996510e-01 1.541033406476862398e-02
1.320000000000000062e+00 5.316773669800004543e-01 1.546265327571991199e-02
1.330000000000000071e+00 5.383449970000002693e-01 1.570096938476948922e-02
1.340000000000000080e+00 5.464219068100008014e-01 1.576125363622168582e-02
1.350000000000000089e+00 5.514968283700001361e-01 1.593884262459671630e-02
1.360000000000000098e+00 5.576687301399997354e-01 1.601380512815744894e-02
1.370000000000000107e+00 5.643987358399998877e-01 1.599226095696248268e-02
1.379999999999999893e+00 5.697162846700009053e-01 1.605224832713743680e-02
1.389999999999999902e+00 5.748437705800009123e-01 1.635335894399705947e-02
1.399999999999999911e+00 5.819784934599994131e-01 1.627539527694015289e-02
1.409999999999999920e+00 5.889228653599998253e-01 1.639443746338493241e-02
1.419999999999999929e+00 5.958505189099997379e-01 1.637893356156270089e-02
1.429999999999999938e+00 6.016971887300002209e-01 1.644574049979657254e-02
1.439999999999999947e+00 6.090916475999996749e-01 1.640330983001248369e-02
1.449999999999999956e+00 6.167987712199998196e-01 1.623725220820506493e-02
1.459999999999999964e+00 6.224733513800004836e-01 1.641205317239588166e-02
1.469999999999999973e+00 6.279578390799995802e-01 1.633115166134015833e-02
1.479999999999999982e+00 6.331611962900003387e-01 1.629086612449771529e-02
1.489999999999999991e+00 6.396518118199999714e-01 1.621297467793065411e-02
1.500000000000000000e+00 6.476359699799998371e-01 1.601272398969175864e-02
1.510000000000000009e+00 6.532949090100009792e-01 1.602613326659935514e-02
1.520000000000000018e+00 6.609362770399990206e-01 1.592935968488439283e-02
1.530000000000000027e+00 6.705215217100009006e-01 1.583320593440758206e-02
1.540000000000000036e+00 6.770892512200000768e-01 1.602476636906779647e-02
1.550000000000000044e+00 6.830143946099999086e-01 1.597984979097260769e-02
1.560000000000000053e+00 6.894210998800002210e-01 1.595333594013431666e-02
1.570000000000000062e+00 6.957536620700000007e-01 1.591848411839555735e-02
1.580000000000000071e+00 7.008687649599996128e-01 1.587602696092925772e-02
1.590000000000000080e+00 7.072237498400011368e-01 1.574247291491883902e-02
1.600000000000000089e+00 7.126240311299973929e-01 1.569890285933571786e-02
1.610000000000000098e+00 7.202637910500011564e-01 1.552611826717543823e-02
1.620000000000000107e+00 7.256100750099996333e-01 1.534222428790119920e-02
1.629999999999999893e+00 7.291106580000003001e-01 1.543689926879248352e-02
1.639999999999999902e+00 7.349519170499998477e-01 1.526831651282830465e-02
1.649999999999999911e+00 7.403372913799999289e-01 1.525074881160180459e-02
1.659999999999999920e+00 7.446989400699998152e-01 1.501851160430636017e-02
1.669999999999999929e+00 7.494303466999990837e-01 1.493568241580914453e-02
1.679999999999999938e+00 7.538852225900000148e-01 1.484744704659026610e-02
1.689999999999999947e+00 7.579858260600002007e-01 1.473157621840730062e-02
1.699999999999999956e+00 7.627441977399994633e-01 1.457881647371844606e-02
1.709999999999999964e+00 7.660596541800005488e-01 1.458842117175509351e-02
1.719999999999999973e+00 7.698449452799989157e-01 1.448778320939614339e-02
1.729999999999999982e+00 7.735365237699998175e-01 1.453566036591343730e-02
1.739999999999999991e+00 7.784232384500009427e-01 1.423723100615062985e-02
1.750000000000000000e+00 7.822440312299989706e-01 1.409144658765089896e-02
1.760000000000000009e+00 7.851570347899986535e-01 1.396151005548516844e-02
1.770000000000000018e+00 7.888817968800001523e-01 1.386024181771177734e-02
1.780000000000000027e+00 7.932072848099992468e-01 1.375948026070420577e-02
1.790000000000000036e+00 7.974451566200009278e-01 1.359463541007000127e-02
1.800000000000000044e+00 8.019294318799989885e-01 1.347041556940277267e-02
1.810000000000000053e+00 8.064576927600011214e-01 1.320489880799440539e-02
1.820000000000000062e+00 8.099850279199994896e-01 1.316503067340180425e-02
1.830000000000000071e+00 8.137772413599998478e-01 1.300616425205368062e-02
1.840000000000000080e+00 8.168350485599997768e-01 1.288074733018374982e-02
1.850000000000000089e+00 8.192665574100006509e-01 1.277318516070921096e-02
1.860000000000000098e+00 8.227512867300001975e-01 1.255067389063964367e-02
1.870000000000000107e+00 8.259309688100006097e-01 1.241733452921981243e-02
1.879999999999999893e+00 8.287336052600007275e-01 1.227734800289405522e-02
1.889999999999999902e+00 8.321700414900000675e-01 1.211681121816157204e-02
1.899999999999999911e+00 8.350170242000001242e-01 1.204777213700955300e-02
1.909999999999999920e+00 8.388765731000007442e-01 1.183221567490271540e-02
1.919999999999999929e+00 8.412588081800009832e-01 1.173774261801202069e-02
1.929999999999999938e+00 8.431647794800004592e-01 1.171333464171372095e-02
1.939999999999999947e+00 8.456250739500009717e-01 1.156461016370371325e-02
1.949999999999999956e+00 8.479471170400011415e-01 1.147285102493973523e-02
1.959999999999999964e+00 8.507203785700008236e-01 1.124544148501886547e-02
1.969999999999999973e+00 8.527360074400006651e-01 1.131217033647478540e-02
1.979999999999999982e+00 8.552666277700008424e-01 1.109391066877036917e-02
1.989999999999999991e+00 8.575700591400008399e-01 1.096346497642631916e-02
2.000000000000000000e+00 8.600134604699993801e-01 1.072957685435239721e-02
2.009999999999999787e+00 8.621181936799997558e-01 1.061155877182440137e-02
2.020000000000000018e+00 8.644528854599995427e-01 1.045083433646666095e-02
2.029999999999999805e+00 8.659322162099996056e-01 1.042042109038670769e-02
2.040000000000000036e+00 8.682321736599991624e-01 1.015527586345825982e-02
2.049999999999999822e+00 8.705980135799995523e-01 9.866253773523663700e-03
2.060000000000000053e+00 8.729147538899982850e-01 9.680299506686678573e-03
2.069999999999999840e+00 8.751859560199997112e-01 9.373060492180325040e-03
2.080000000000000071e+00 8.781969052199993797e-01 9.086369528641273507e-03
2.089999999999999858e+00 8.799502335700010169e-01 9.056494785599042419e-03
2.100000000000000089e+00 8.824286825100003950e-01 8.829880028121760149e-03
2.109999999999999876e+00 8.845251010600000408e-01 8.654820759673300529e-03
2.120000000000000107e+00 8.860944433200002024e-01 8.547203085591198804e-03
2.129999999999999893e+00 8.874105258499999094e-01 8.516999692564166530e-03
2.140000000000000124e+00 8.897838989900012097e-01 8.373979669456936212e-03
2.149999999999999911e+00 8.918669475300003979e-01 8.228303263305035073e-03
2.160000000000000142e+00 8.937200177200004259e-01 8.162247496512928940e-03
2.169999999999999929e+00 8.952517040700006534e-01 8.054647400123127188e-03
2.180000000000000160e+00 8.976021828899987121e-01 7.908851095556449634e-03
2.189999999999999947e+00 8.993126332899985531e-01 7.810736879913461085e-03
2.200000000000000178e+00 9.010364859099999624e-01 7.764600031554278262e-03
2.209999999999999964e+00 9.025686518200001229e-01 7.636783884228415600e-03
2.220000000000000195e+00 9.041439608900001534e-01 7.543488128773751314e-03
2.229999999999999982e+00 9.058132182299998281e-01 7.409424296796555606e-03
2.240000000000000213e+00 9.070592939199996207e-01 7.328960626970798010e-03
2.250000000000000000e+00 9.082726657300005391e-01 7.242296993883746634e-03
2.259999999999999787e+00 9.096567689899993647e-01 7.170935197074192712e-03
2.270000000000000018e+00 9.109237152200002630e-01 7.104801189744188242e-03
2.279999999999999805e+00 9.123173473800003652e-01 6.985784262287919773e-03
2.290000000000000036e+00 9.137786693199998478e-01 6.865014170278729497e-03
2.299999999999999822e+00 9.149969046400003858e-01 6.794273414043552894e-03
2.310000000000000053e+00 9.161938872799996192e-01 6.653015219672457278e-03
2.319999999999999840e+00 9.176203113199994377e-01 6.523511576186166554e-03
2.330000000000000071e+00 9.187034829600005947e-01 6.478996595030558567e-03
2.339999999999999858e+00 9.197976465400002910e-01 6.388878149586464487e-03
2.350000000000000089e+00 9.208581410999999717e-01 6.337275263987420318e-03
2.359999999999999876e+00 9.216577268599994710e-01 6.321550865951833242e-03
2.370000000000000107e+00 9.225842163199999835e-01 6.267167360840568933e-03
2.379999999999999893e+00 9.237252104399982233e-01 6.201846068494521261e-03
2.390000000000000124e+00 9.246053057800002195e-01 6.141256201931614978e-03
2.399999999999999911e+00 9.254801076300008811e-01 6.107297647088878387e-03
2.410000000000000142e+00 9.263903045399987102e-01 6.036195940253232320e-03
2.419999999999999929e+00 9.271804279999986687e-01 5.993633371201911170e-03
2.430000000000000160e+00 9.280532117900017752e-01 5.929178135796079469e-03
2.439999999999999947e+00 9.289732122700001815e-01 5.822794190892770401e-03
2.450000000000000178e+00 9.299085843700002352e-01 5.720765036031424423e-03
2.459999999999999964e+00 9.309119105200002187e-01 5.628789994196686276e-03
2.470000000000000195e+00 9.316501204599995090e-01 5.593267567902383830e-03
2.479999999999999982e+00 9.324766563100004291e-01 5.518351112408115267e-03
2.490000000000000213e+00 9.332144524800003449e-01 5.475274880120275731e-03
2.500000000000000000e+00 9.339503443800006854e-01 5.410176059913218531e-03
2.509999999999999787e+00 9.345770693199995094e-01 5.370168305368251335e-03
2.520000000000000018e+00 9.355803784699994186e-01 5.298319396094235655e-03
2.529999999999999805e+00 9.362692896700002265e-01 5.261429703906973267e-03
2.540000000000000036e+00 9.368559642899995099e-01 5.157776059419953534e-03
2.549999999999999822e+00 9.376514281200004630e-01 5.089582901817186512e-03
2.560000000000000053e+00 9.383899096700002440e-01 5.022298482532246491e-03
2.569999999999999840e+00 9.391123109399982516e-01 4.946974060108624491e-03
2.580000000000000071e+00 9.397320521600006638e-01 4.917231264146526906e-03
2.589999999999999858e+00 9.404537889299990905e-01 4.825433297681010550e-03
2.600000000000000089e+00 9.410671534100008007e-01 4.785057108167982930e-03
2.609999999999999876e+00 9.417875566299996892e-01 4.708902920424132797e-03
2.620000000000000107e+00 9.426911823600006013e-01 4.632461219918215627e-03
2.629999999999999893e+00 9.433176517299995956e-01 4.569591424749123477e-03
2.640000000000000124e+00 9.439342628400010371e-01 4.514636349922370416e-03
2.649999999999999911e+00 9.445329873499997975e-01 4.461603640191627758e-03
2.660000000000000142e+00 9.450494711100004830e-01 4.447351695806559500e-03
2.669999999999999929e+00 9.456527795400015979e-01 4.366799792161545762e-03
2.680000000000000160e+00 9.462169764300004671e-01 4.309937050929451424e-03
2.689999999999999947e+00 9.469068339100000786e-01 4.184705154989315154e-03
2.700000000000000178e+00 9.474658308300004661e-01 4.131438321239963747e-03
2.709999999999999964e+00 9.481200711799999681e-01 4.035754721875008458e-03
2.720000000000000195e+00 9.487749476699994799e-01 3.935952697968838482e-03
2.729999999999999982e+00 9.493454724999997874e-01 3.865518128422664942e-03
2.740000000000000213e+00 9.499646896500002491e-01 3.767432983411336984e-03
2.750000000000000000e+00 9.506725507899991268e-01 3.622846823904265004e-03
2.759999999999999787e+00 9.511470656100000642e-01 3.597292340686102791e-03
2.770000000000000018e+00 9.516442292799991431e-01 3.534722435208873404e-03
2.779999999999999805e+00 9.521512776300009584e-01 3.481588677353569805e-03
2.790000000000000036e+00 9.526251444300004589e-01 3.437286926298428486e-03
2.799999999999999822e+00 9.530818563999992055e-01 3.400827142089593927e-03
2.810000000000000053e+00 9.535313985299991302e-01 3.373119764854800098e-03
2.819999999999999840e+00 9.539575507100013230e-01 3.352285634667327794e-03
2.830000000000000071e+00 9.544332348399989785e-01 3.289565409784213010e-03
2.839999999999999858e+00 9.548876105099998179e-01 3.233241387214356912e-03
2.850000000000000089e+00 9.552988098000008144e-01 3.204736315470316232e-03
2.859999999999999876e+00 9.557054006499995369e-01 3.171398291980876728e-03
2.870000000000000107e+00 9.561399287099990874e-01 3.118509330601234100e-03
2.879999999999999893e+00 9.565598385399998183e-01 3.068223362558395329e-03
2.890000000000000124e+00 9.569819555399999844e-01 3.022843595027628182e-03
2.899999999999999911e+00 9.574423880200011450e-01 2.941278498892442844e-03
2.910000000000000142e+00 9.579545283900008368e-01 2.850234659802274115e-03
2.919999999999999929e+00 9.585080646299994900e-01 2.695389324098314016e-03
2.930000000000000160e+00 9.589331750400005294e-01 2.629199528720963745e-03
2.939999999999999947e+00 9.593229224599995053e-01 2.581887635702039344e-03
2.950000000000000178e+00 9.596952491799981555e-01 2.542683859441390460e-03
2.959999999999999964e+00 9.600568621200010755e-01 2.507397412477294692e-03
2.970000000000000195e+00 9.604072652699987556e-01 2.475592884613584625e-03
2.979999999999999982e+00 9.607494083700000020e-01 2.445648688735145224e-03
2.990000000000000213e+00 9.610879345699997467e-01 2.415172050190856397e-03
3.000000000000000000e+00 9.614190340999999584e-01 2.387433849107546430e-03
3.009999999999999787e+00 9.617405144299980835e-01 2.362634878018650582e-03
3.020000000000000018e+00 9.620568248600003258e-01 2.337877419634716656e-03
3.029999999999999805e+00 9.623681085599996576e-01 2.313516384126550283e-03
3.040000000000000036e+00 9.626745681999994142e-01 2.290831895046055184e-03
3.049999999999999822e+00 9.629722107500003903e-01 2.271056194263281706e-03
3.060000000000000053e+00 9.632650949100000082e-01 2.251584266508313299e-03
3.069999999999999840e+00 9.635562840699999354e-01 2.230523471421984229e-03
3.080000000000000071e+00 9.638443454600001958e-01 2.210386435035859715e-03
3.089999999999999858e+00 9.641253409599999102e-01 2.192301327771379281e-03
3.100000000000000089e+00 9.644000036000003329e-01 2.175828595421203538e-03
3.109999999999999876e+00 9.646748561399999256e-01 2.156721348752762678e-03
3.120000000000000107e+00 9.649469343100003371e-01 2.138479941900425698e-03
3.129999999999999893e+00 9.652136248199999491e-01 2.121238002876358556e-03
3.140000000000000124e+00 9.654826842299994993e-01 2.099506957403342918e-03
3.149999999999999911e+00 9.657431108300000844e-01 2.081930368980341572e-03
3.160000000000000142e+00 9.660118937800008521e-01 2.057135309063534180e-03
3.169999999999999929e+00 9.662624900599996458e-01 2.042507599051469284e-03
3.180000000000000160e+00 9.665089775900008728e-01 2.028165644992697882e-03
3.189999999999999947e+00 9.667554780399997272e-01 2.012064560961539846e-03
3.200000000000000178e+00 9.669976466799997672e-01 1.998037473012186094e-03
3.209999999999999964e+00 9.672357348400008048e-01 1.984519066714417971e-03
3.220000000000000195e+00 9.674724619299999162e-01 1.969308481312817202e-03
3.229999999999999982e+00 9.677017677500001636e-01 1.957585376983368534e-03
3.240000000000000213e+00 9.679342521800007315e-01 1.942872140623109730e-03
3.250000000000000000e+00 9.681619013799996898e-01 1.928820876392362037e-03
3.259999999999999787e+00 9.683827859800000493e-01 1.918028463543287963e-03
