1.209999999999999964e+00 3.640099943750005340e-02 1.892890013121779967e-04
1.219999999999999973e+00 3.699050322050003586e-02 1.892994504883019672e-04
1.229999999999999982e+00 3.791324762600001980e-02 2.037392232789427069e-04
1.239999999999999991e+00 3.869177102200001273e-02 2.314042356085574262e-04
1.250000000000000000e+00 3.913224833850001416e-02 2.260854734715038667e-04
1.260000000000000009e+00 3.978772672749994466e-02 2.278682177671017086e-04
1.270000000000000018e+00 4.103823871849999333e-02 2.415999796561370033e-04
1.280000000000000027e+00 4.159910533200000815e-02 2.330437263503420942e-04
1.290000000000000036e+00 4.252296772400000757e-02 2.539774139462823736e-04
1.300000000000000044e+00 4.313263723649999465e-02 2.704247017852400665e-04
1.310000000000000053e+00 4.412647520300001097e-02 2.961319443070832536e-04
1.320000000000000062e+00 4.500712304749998616e-02 2.978663159083933952e-04
1.330000000000000071e+00 4.601056197499996114e-02 2.948343654902364406e-04
1.340000000000000080e+00 4.666051642999997223e-02 3.040219828877063594e-04
1.350000000000000089e+00 4.808879151249993017e-02 3.173780693877098751e-04
1.360000000000000098e+00 4.926041288700003240e-02 3.313424201632486350e-04
1.370000000000000107e+00 5.016129787650004668e-02 3.698083582732397505e-04
1.379999999999999893e+00 5.130968222450001115e-02 3.783910240644511183e-04
1.389999999999999902e+00 5.289475664400003496e-02 3.906806898311871476e-04
1.399999999999999911e+00 5.391079139099994727e-02 4.738094988202941555e-04
1.409999999999999920e+00 5.575094157850003090e-02 4.553538684395247492e-04
1.419999999999999929e+00 5.679455579599995696e-02 5.018491840321599121e-04
1.429999999999999938e+00 5.852401554050001842e-02 5.109810353849743346e-04
1.439999999999999947e+00 6.009304868800006277e-02 5.956294177528449838e-04
1.449999999999999956e+00 6.169145638899996287e-02 6.493189629647456692e-04
1.459999999999999964e+00 6.408362356800002824e-02 7.468199509657402020e-04
1.469999999999999973e+00 6.595853561250007713e-02 7.436036331698701743e-04
1.479999999999999982e+00 6.841674962299996998e-02 8.587349699843408899e-04
1.489999999999999991e+00 7.024432552299988974e-02 1.021036005920020672e-03
1.500000000000000000e+00 7.288302633699991762e-02 1.243189293625513239e-03
1.510000000000000009e+00 7.545649047750006833e-02 1.322745926572552362e-03
1.520000000000000018e+00 7.941127385899997282e-02 1.701384934361935275e-03
1.530000000000000027e+00 8.448296043149995660e-02 1.872963132963449120e-03
1.540000000000000036e+00 8.822443781950001229e-02 2.318864918985107104e-03
1.550000000000000044e+00 9.294595853800008411e-02 2.681135627792007037e-03
1.560000000000000053e+00 1.010938901515000682e-01 3.493279962200105358e-03
1.570000000000000062e+00 1.082657326844999185e-01 3.908147296358035171e-03
1.580000000000000071e+00 1.184215328739998685e-01 4.703767756955463779e-03
1.590000000000000080e+00 1.277389335025001238e-01 5.183897288657019972e-03
1.600000000000000089e+00 1.416150206429999114e-01 6.433507284536990091e-03
1.610000000000000098e+00 1.585105712155002178e-01 7.065121139308575687e-03
1.620000000000000107e+00 1.784215281420001020e-01 8.211919037740517124e-03
1.629999999999999893e+00 1.956030738105001832e-01 8.950065681402811016e-03
1.639999999999999902e+00 2.264802409329994826e-01 1.011103737914936622e-02
1.649999999999999911e+00 2.495633264090005576e-01 1.086248514051266906e-02
1.659999999999999920e+00 2.864883210835003080e-01 1.158127268162019614e-02
1.669999999999999929e+00 3.239056163295001012e-01 1.202869873586363651e-02
1.679999999999999938e+00 3.559359409309999500e-01 1.236703314274720765e-02
1.689999999999999947e+00 3.929204119900004399e-01 1.260048875395678586e-02
1.699999999999999956e+00 4.342852791259999568e-01 1.208913983974120761e-02
1.709999999999999964e+00 4.728557153649999290e-01 1.170908013471900523e-02
1.719999999999999973e+00 5.094688455199998245e-01 1.064453895035733302e-02
1.729999999999999982e+00 5.382602062299999268e-01 9.782845525369624623e-03
1.739999999999999991e+00 5.682922709350011203e-01 8.853511137615815985e-03
1.750000000000000000e+00 5.942996292599990182e-01 7.810073347623224319e-03
1.760000000000000009e+00 6.218302122600010140e-01 5.949154418686969543e-03
1.770000000000000018e+00 6.366013976199997870e-01 6.032500124079164146e-03
1.780000000000000027e+00 6.542261702949991875e-01 4.952106541464893277e-03
1.790000000000000036e+00 6.706536075449992529e-01 3.967444788844703626e-03
1.800000000000000044e+00 6.838276537050000936e-01 3.507844610661114970e-03
1.810000000000000053e+00 6.964063905950007571e-01 2.925498644779698718e-03
1.820000000000000062e+00 7.071019065600006037e-01 2.539255597709995892e-03
1.830000000000000071e+00 7.168038140400004865e-01 2.352093516706132287e-03
1.840000000000000080e+00 7.256506000549998170e-01 2.218773233227515265e-03
1.850000000000000089e+00 7.342231198149988813e-01 2.083259601654157550e-03
1.860000000000000098e+00 7.422448731699995417e-01 1.939961337641899495e-03
1.870000000000000107e+00 7.497745198049994286e-01 1.844352683339936126e-03
1.879999999999999893e+00 7.570008817850002458e-01 1.740427012430569931e-03
1.889999999999999902e+00 7.639176117799997279e-01 1.653048225651185515e-03
1.899999999999999911e+00 7.702139130750011997e-01 1.567350119430099614e-03
