-1.900000000000000022e-01 8.471287773599987803e-02 4.166503498305621053e-04
-1.799999999999999933e-01 8.503072857599984491e-02 3.769466224522905764e-04
-1.700000000000000122e-01 8.505358406100009538e-02 3.719308069096570100e-04
-1.600000000000000033e-01 8.509645741400000130e-02 3.897092766552823066e-04
-1.499999999999999944e-01 8.537070550600006635e-02 3.829607706303009523e-04
-1.400000000000000133e-01 8.602251303400001992e-02 4.045130187646182852e-04
-1.300000000000000044e-01 8.619596042200007580e-02 3.897736650786908473e-04
-1.199999999999999956e-01 8.634944114600000276e-02 3.650413596803343754e-04
-1.100000000000000006e-01 8.676651881300001534e-02 3.617522984419960122e-04
-1.000000000000000056e-01 8.695949091100010908e-02 3.472023984802670806e-04
-8.999999999999999667e-02 8.715036219999997003e-02 3.407581002033821375e-04
-8.000000000000000167e-02 8.719447425800005980e-02 3.149344111926444994e-04
-7.000000000000000666e-02 8.748955936299991631e-02 3.197910819693282856e-04
-5.999999999999999778e-02 8.776775198700002834e-02 3.132655484951840218e-04
-5.000000000000000278e-02 8.787688920700005568e-02 3.317734071395856592e-04
-4.000000000000000083e-02 8.800850682099996269e-02 3.238552918580783497e-04
-2.999999999999999889e-02 8.820942710899994099e-02 3.174651662656915465e-04
-2.000000000000000042e-02 8.837691518399987123e-02 3.164491553699669518e-04
-1.000000000000000021e-02 8.849577233399993914e-02 3.210889830287915326e-04
-1.387779999999999991e-16 8.887459849599994854e-02 3.199801849774842671e-04
1.000000000000000021e-02 8.981053173999985206e-02 3.440748370428652362e-04
2.000000000000000042e-02 9.107739014399982014e-02 3.714040109548051886e-04
2.999999999999999889e-02 9.211834373000006571e-02 3.656952572250888049e-04
4.000000000000000083e-02 9.344517027700002809e-02 3.722254428586858205e-04
5.000000000000000278e-02 9.509967668899986515e-02 4.215162004654305315e-04
5.999999999999999778e-02 9.652130896899985268e-02 4.410172230134517092e-04
7.000000000000000666e-02 9.778451284499985185e-02 4.627599553162192302e-04
8.000000000000000167e-02 9.873250702000005430e-02 4.532630528428111005e-04
8.999999999999999667e-02 9.980248549199996488e-02 5.024145712192267226e-04
1.000000000000000056e-01 1.012560193240001905e-01 4.865505342375410686e-04
1.100000000000000006e-01 1.025966551170000157e-01 5.096524326791788137e-04
1.199999999999999956e-01 1.042239468189998935e-01 4.940209398915573411e-04
1.300000000000000044e-01 1.051528524270000514e-01 5.297048634149330651e-04
1.400000000000000133e-01 1.065566747220000887e-01 5.428634194488517195e-04
1.499999999999999944e-01 1.079306830039999388e-01 6.088540367247429657e-04
1.600000000000000033e-01 1.095184176889999889e-01 6.237491939797154767e-04
1.700000000000000122e-01 1.109135693179999077e-01 6.207813115420273559e-04
1.799999999999999933e-01 1.127044698940000700e-01 6.596737470609538405e-04
1.900000000000000022e-01 1.139510544980000400e-01 6.706773576774979198e-04
2.000000000000000111e-01 1.156028572310000835e-01 7.092319753847323464e-04
2.099999999999999922e-01 1.169817167500000060e-01 7.235641358006496965e-04
2.200000000000000011e-01 1.184108980900000080e-01 7.677785625548886250e-04
2.300000000000000100e-01 1.199497866400002083e-01 7.603217459011096498e-04
2.399999999999999911e-01 1.219151247300000740e-01 8.500784411734972450e-04
2.500000000000000000e-01 1.232547964099999643e-01 8.948958980522500129e-04
2.600000000000000089e-01 1.247825607000000725e-01 8.892059701023759342e-04
2.700000000000000178e-01 1.266783722199998907e-01 8.648644089810081500e-04
2.800000000000000266e-01 1.285292642200000501e-01 9.101089171005818587e-04
2.899999999999999800e-01 1.298257634000001826e-01 9.432387826812707035e-04
2.999999999999999889e-01 1.316264455099999675e-01 1.049339796761058867e-03
3.099999999999999978e-01 1.334105287200001710e-01 1.066536305864342190e-03
3.200000000000000067e-01 1.352097110800000446e-01 1.080017187506491193e-03
3.300000000000000155e-01 1.368610371499999478e-01 1.071981224296760264e-03
3.400000000000000244e-01 1.382673453700000166e-01 1.167805947948742781e-03
3.499999999999999778e-01 1.404579437599999536e-01 1.123642136629658542e-03
3.599999999999999867e-01 1.431839476200000572e-01 1.119669053611706657e-03
3.699999999999999956e-01 1.440100915400001347e-01 1.310722538824077646e-03
3.800000000000000044e-01 1.467649806400001533e-01 1.242918360010823210e-03
3.900000000000000133e-01 1.474049559400000542e-01 1.279189769252987502e-03
4.000000000000000222e-01 1.499798694700000268e-01 1.294854054951839533e-03
4.099999999999999756e-01 1.518871544700000353e-01 1.259865922553790075e-03
4.199999999999999845e-01 1.544895630300000267e-01 1.302220877384446980e-03
4.299999999999999933e-01 1.553389539600001090e-01 1.397330289888515549e-03
4.400000000000000022e-01 1.581316192299998535e-01 1.409821275077555690e-03
4.500000000000000111e-01 1.607998919099998258e-01 1.413680102725380994e-03
4.600000000000000200e-01 1.621969146100002146e-01 1.500794428391125481e-03
4.699999999999999734e-01 1.645295529600001028e-01 1.530464907636905130e-03
4.799999999999999822e-01 1.666029995099999605e-01 1.474246889150888787e-03
4.899999999999999911e-01 1.695638489900000156e-01 1.682699626829782915e-03
5.000000000000000000e-01 1.716590354199997448e-01 1.741845140324308492e-03
5.100000000000000089e-01 1.730301939999999705e-01 1.629145159749919702e-03
5.200000000000000178e-01 1.762709701900000703e-01 1.813020648236102423e-03
5.300000000000000266e-01 1.785769653599998119e-01 1.968011494443429755e-03
5.400000000000000355e-01 1.798036006700000355e-01 1.977835737754493183e-03
5.500000000000000444e-01 1.830745752300000917e-01 1.848621243592463853e-03
5.600000000000000533e-01 1.859426512800001208e-01 1.947641327059311230e-03
5.699999999999999512e-01 1.884663168000003108e-01 1.964579852908240713e-03
5.799999999999999600e-01 1.911939644699997554e-01 2.175642122133397780e-03
5.899999999999999689e-01 1.938141120499998760e-01 2.161983230943128036e-03
5.999999999999999778e-01 1.953392526899995485e-01 2.268887555423730693e-03
6.099999999999999867e-01 1.996420268800002951e-01 2.188620430746697921e-03
6.199999999999999956e-01 2.021005684700001026e-01 2.294141296370813283e-03
6.300000000000000044e-01 2.042934997100004924e-01 2.286755613507486691e-03
6.400000000000000133e-01 2.058272776299997220e-01 2.397745059550678362e-03
6.500000000000000222e-01 2.098356530199998182e-01 2.548832037904430036e-03
6.600000000000000311e-01 2.130041101099997836e-01 2.724969787629049484e-03
6.700000000000000400e-01 2.168206212900001817e-01 2.809590933384965936e-03
6.800000000000000488e-01 2.194230501800001620e-01 2.934797340685106701e-03
6.899999999999999467e-01 2.235151471299999804e-01 3.144064537756094662e-03
6.999999999999999556e-01 2.264117640499998807e-01 3.197448292142300239e-03
7.099999999999999645e-01 2.308994588900004086e-01 3.280051075017079328e-03
7.199999999999999734e-01 2.353148873600000024e-01 3.535157944409477414e-03
7.299999999999999822e-01 2.408622731699997244e-01 3.725366882572963417e-03
7.399999999999999911e-01 2.453797872300000349e-01 3.974258859543478538e-03
7.500000000000000000e-01 2.508818949699999634e-01 4.213036979997164012e-03
7.600000000000000089e-01 2.544913777300000790e-01 4.143525609758834903e-03
7.700000000000000178e-01 2.576457099300000775e-01 4.270437908474975126e-03
7.800000000000000266e-01 2.622340344400003742e-01 4.483989023186690272e-03
7.900000000000000355e-01 2.666137803800002759e-01 4.719219410852698408e-03
8.000000000000000444e-01 2.725786577499999530e-01 5.002642728770375496e-03
8.100000000000000533e-01 2.766215597599998022e-01 5.040049020316671527e-03
8.199999999999999512e-01 2.821760114299999844e-01 5.402135833579806493e-03
8.299999999999999600e-01 2.864163763899998383e-01 5.312169220601258013e-03
8.399999999999999689e-01 2.913385890599998751e-01 5.561218897194991628e-03
8.499999999999999778e-01 2.959464673600004092e-01 5.708807764270839094e-03
8.599999999999999867e-01 3.009370239899997745e-01 5.880206950453199452e-03
8.699999999999999956e-01 3.070043027899997945e-01 6.395373192946122824e-03
8.800000000000000044e-01 3.145495383000003753e-01 6.676706090599863683e-03
8.900000000000000133e-01 3.191171717599995405e-01 6.566999918488091587e-03
9.000000000000000222e-01 3.231956249199998688e-01 7.103074671323447373e-03
9.100000000000000311e-01 3.301478418300000106e-01 7.265236482757945168e-03
9.200000000000000400e-01 3.362095485300001241e-01 7.537096187301516384e-03
9.300000000000000488e-01 3.430884167700000154e-01 7.973037505451582158e-03
9.399999999999999467e-01 3.490608271000004148e-01 8.313033358607080717e-03
9.499999999999999556e-01 3.591454995200000777e-01 8.339463203811731465e-03
9.599999999999999645e-01 3.670014993699999284e-01 8.926839562313021448e-03
9.699999999999999734e-01 3.766773071799998651e-01 9.277937919814183143e-03
9.799999999999999822e-01 3.873085767300002424e-01 9.600986343654220254e-03
9.899999999999999911e-01 3.926370269800006918e-01 9.600555817954612228e-03
1.000000000000000000e+00 4.037658615099995463e-01 1.009095013978229295e-02
1.010000000000000009e+00 4.161172342299998550e-01 1.076789062867907973e-02
1.020000000000000018e+00 4.219989898699996189e-01 1.134761608725673443e-02
1.030000000000000027e+00 4.329845720000009557e-01 1.191350396150691986e-02
1.040000000000000036e+00 4.465848583000003313e-01 1.240894023167619931e-02
1.050000000000000044e+00 4.561843514900001950e-01 1.291451969915860705e-02
1.060000000000000053e+00 4.656985834399998692e-01 1.352700097242915712e-02
1.070000000000000062e+00 4.743542531200000134e-01 1.368036230659230336e-02
1.080000000000000071e+00 4.847901766499997933e-01 1.405540505260460295e-02
1.090000000000000080e+00 4.958729099599996637e-01 1.430429577288209499e-02
1.100000000000000089e+00 5.090962937099997587e-01 1.456668939937063798e-02
1.110000000000000098e+00 5.180882561299994249e-01 1.500448093718100701e-02
1.120000000000000107e+00 5.312700549100001224e-01 1.520332088799818300e-02
1.129999999999999893e+00 5.409360106199998519e-01 1.538510604296567177e-02
1.139999999999999902e+00 5.572233035300004911e-01 1.572036250847927419e-02
1.149999999999999911e+00 5.674000815599997694e-01 1.594554554251948267e-02
1.159999999999999920e+00 5.810057202800004150e-01 1.611843169902653014e-02
1.169999999999999929e+00 5.919074638999993754e-01 1.646237598564100763e-02
1.179999999999999938e+00 6.015266561300002257e-01 1.628600021865079378e-02
1.189999999999999947e+00 6.115233010800000812e-01 1.629812058732325528e-02
1.199999999999999956e+00 6.214151633700000232e-01 1.651547161217700732e-02
1.209999999999999964e+00 6.304117656900005695e-01 1.664071713913818987e-02
1.219999999999999973e+00 6.395285722800002626e-01 1.652051289973275466e-02
1.229999999999999982e+00 6.480199902499998998e-01 1.653368511762373302e-02
1.239999999999999991e+00 6.529335190900007468e-01 1.680116531384200432e-02
1.250000000000000000e+00 6.617832933300001885e-01 1.669280624452454398e-02
1.260000000000000009e+00 6.714494726099995425e-01 1.644702048136252592e-02
1.270000000000000018e+00 6.778536347300008202e-01 1.642145498728930092e-02
1.280000000000000027e+00 6.863499643299999509e-01 1.630494203772744899e-02
1.290000000000000036e+00 6.945608295299997570e-01 1.631154425456119231e-02
1.300000000000000044e+00 7.025351156599995983e-01 1.630560593077643589e-02
1.310000000000000053e+00 7.112352155099995743e-01 1.622398952929661464e-02
1.320000000000000062e+00 7.181406404499997009e-01 1.596196235319868872e-02
1.330000000000000071e+00 7.266483924099990110e-01 1.604850116548296735e-02
1.340000000000000080e+00 7.337740474699995241e-01 1.595188950998965849e-02
1.350000000000000089e+00 7.421780074600011767e-01 1.560683970575418855e-02
1.360000000000000098e+00 7.483903696999992805e-01 1.536080693155411625e-02
1.370000000000000107e+00 7.552206260299995089e-01 1.528653886041270692e-02
1.379999999999999893e+00 7.609975232700008085e-01 1.522119546312967336e-02
1.389999999999999902e+00 7.659505995999990047e-01 1.512967652242910334e-02
1.399999999999999911e+00 7.718065006800005623e-01 1.493807067305078645e-02
1.409999999999999920e+00 7.769513161699982406e-01 1.476361117271572654e-02
1.419999999999999929e+00 7.833077028900006233e-01 1.439786569816492445e-02
1.429999999999999938e+00 7.864703649500005556e-01 1.452043778355901343e-02
1.439999999999999947e+00 7.918779772400009742e-01 1.420728616451058177e-02
1.449999999999999956e+00 7.970220990500014313e-01 1.393083760200468715e-02
1.459999999999999964e+00 8.004772357600002941e-01 1.390756561535286435e-02
1.469999999999999973e+00 8.056069851399998427e-01 1.363354460613276815e-02
1.479999999999999982e+00 8.091342276500005370e-01 1.362612211051394961e-02
1.489999999999999991e+00 8.131630937199993969e-01 1.347738820107137296e-02
1.500000000000000000e+00 8.179597421800001156e-01 1.332311666374986006e-02
1.510000000000000009e+00 8.230508343000003668e-01 1.304389982344557157e-02
1.520000000000000018e+00 8.279123711399999364e-01 1.265263280258191285e-02
1.530000000000000027e+00 8.315968109199998182e-01 1.258313951562689721e-02
1.540000000000000036e+00 8.365189568200003256e-01 1.249822552512058413e-02
1.550000000000000044e+00 8.420693267300000118e-01 1.221617713737419182e-02
1.560000000000000053e+00 8.468680664399999003e-01 1.198379052479105027e-02
1.570000000000000062e+00 8.512893754399987190e-01 1.163566854730996476e-02
1.580000000000000071e+00 8.553745295800003756e-01 1.136141855471226210e-02
1.590000000000000080e+00 8.595882302700006417e-01 1.109938149836728338e-02
1.600000000000000089e+00 8.635324975699997241e-01 1.073593876844106641e-02
1.610000000000000098e+00 8.654973323099993676e-01 1.075878716421461816e-02
1.620000000000000107e+00 8.690729637600004276e-01 1.030468563875074073e-02
1.629999999999999893e+00 8.729607354400006347e-01 9.991856815445870899e-03
1.639999999999999902e+00 8.766806484600009330e-01 9.594500614458816024e-03
1.649999999999999911e+00 8.794548633400008919e-01 9.412754385008801489e-03
1.659999999999999920e+00 8.824080118399999506e-01 9.199379289902906084e-03
1.669999999999999929e+00 8.847081405899993589e-01 9.148092997807770466e-03
1.679999999999999938e+00 8.869495992099988291e-01 8.984579666735756365e-03
1.689999999999999947e+00 8.891340581699991308e-01 8.840291896969242058e-03
1.699999999999999956e+00 8.914655563400005756e-01 8.683228396849800718e-03
1.709999999999999964e+00 8.937497948200006093e-01 8.550913943516898555e-03
1.719999999999999973e+00 8.961039919500007889e-01 8.469588542784444243e-03
1.729999999999999982e+00 8.983522241899997152e-01 8.322061186024290111e-03
1.739999999999999991e+00 9.002366404999996297e-01 8.264337640209430680e-03
1.750000000000000000e+00 9.020903913299996857e-01 8.172202666944825694e-03
1.760000000000000009e+00 9.037948731500001776e-01 8.077400031427536126e-03
1.770000000000000018e+00 9.060704553899990854e-01 7.866263384918938811e-03
1.780000000000000027e+00 9.080908041299993183e-01 7.662979600628143893e-03
1.790000000000000036e+00 9.096225417400003455e-01 7.633768187819075374e-03
1.800000000000000044e+00 9.112738758999996413e-01 7.544884876018516373e-03
1.810000000000000053e+00 9.127183008899993899e-01 7.513042570205062144e-03
1.820000000000000062e+00 9.144977547600003920e-01 7.340531965730944831e-03
1.830000000000000071e+00 9.158114694600009154e-01 7.295140381320944743e-03
1.840000000000000080e+00 9.170263523200002931e-01 7.278953729939850216e-03
1.850000000000000089e+00 9.186206597800001816e-01 7.117000178660806697e-03
1.860000000000000098e+00 9.197444093299985690e-01 7.086719222252383169e-03
1.870000000000000107e+00 9.206782137200014704e-01 7.124420710297120832e-03
1.879999999999999893e+00 9.223713920799989641e-01 6.838227590879392831e-03
1.889999999999999902e+00 9.236280341600004995e-01 6.730065803650997665e-03
1.899999999999999911e+00 9.246895711699990583e-01 6.715377536019296462e-03
1.909999999999999920e+00 9.266185012500000040e-01 6.336242393884555790e-03
1.919999999999999929e+00 9.280491460799986658e-01 6.163654640041150469e-03
1.929999999999999938e+00 9.301606176599995779e-01 5.862795627855810383e-03
1.939999999999999947e+00 9.313564090099998305e-01 5.786255933081919586e-03
1.949999999999999956e+00 9.323835672200000424e-01 5.718481925235294715e-03
1.959999999999999964e+00 9.334538764299994407e-01 5.606283267327531739e-03
1.969999999999999973e+00 9.343874215100003155e-01 5.541277932955931095e-03
1.979999999999999982e+00 9.353429332599999535e-01 5.469908198373661136e-03
1.989999999999999991e+00 9.362511296299989016e-01 5.428723966154326563e-03
2.000000000000000000e+00 9.371530823999987270e-01 5.355603207540170392e-03
2.009999999999999787e+00 9.379518244699986962e-01 5.328332443911482953e-03
2.020000000000000018e+00 9.387702913800010096e-01 5.284405331061061209e-03
2.029999999999999805e+00 9.394783956099987954e-01 5.270430840246738066e-03
2.040000000000000036e+00 9.402640895299994028e-01 5.220705216480651077e-03
2.049999999999999822e+00 9.410392636800005706e-01 5.209992774351789382e-03
2.060000000000000053e+00 9.418730391599995366e-01 5.141543246967289656e-03
2.069999999999999840e+00 9.426840298199996582e-01 5.011293670089699004e-03
2.080000000000000071e+00 9.433502612000003174e-01 4.988279273290829180e-03
2.089999999999999858e+00 9.440115386699987621e-01 4.949604472598087210e-03
2.100000000000000089e+00 9.447043588800000391e-01 4.906672345154436225e-03
2.109999999999999876e+00 9.454629153800006014e-01 4.845930978785620291e-03
2.120000000000000107e+00 9.461299466099997169e-01 4.802868913727561563e-03
2.129999999999999893e+00 9.467558355999997621e-01 4.768525150665537359e-03
2.140000000000000124e+00 9.473918852800001789e-01 4.720207605984888706e-03
2.149999999999999911e+00 9.480171698599981767e-01 4.670489905852244668e-03
2.160000000000000142e+00 9.485470617700003659e-01 4.660598121094965823e-03
2.169999999999999929e+00 9.491228262100003255e-01 4.625948575008549842e-03
2.180000000000000160e+00 9.497115981699995046e-01 4.576050818123780436e-03
2.189999999999999947e+00 9.502545321199995509e-01 4.550944709777775959e-03
2.200000000000000178e+00 9.508058171199997854e-01 4.523429454755555947e-03
2.209999999999999964e+00 9.513955608700007671e-01 4.473978344109224604e-03
2.220000000000000195e+00 9.519024628800002441e-01 4.447483980835630069e-03
2.229999999999999982e+00 9.524085270199995623e-01 4.417527475606356467e-03
2.240000000000000213e+00 9.529122284099986739e-01 4.379434100901196010e-03
2.250000000000000000e+00 9.533882667900004382e-01 4.354160557393119656e-03
2.259999999999999787e+00 9.538489347399986551e-01 4.334885875149027158e-03
2.270000000000000018e+00 9.542888213699994848e-01 4.319649901130839277e-03
2.279999999999999805e+00 9.547332718899989024e-01 4.296833407218497540e-03
2.290000000000000036e+00 9.552168116099997164e-01 4.257320770035148694e-03
2.299999999999999822e+00 9.557094989600002366e-01 4.211108448106378258e-03
2.310000000000000053e+00 9.561421123499999064e-01 4.189299887233494633e-03
2.319999999999999840e+00 9.566159757500017902e-01 4.136635080633363319e-03
2.330000000000000071e+00 9.570424616100015047e-01 4.109594511336920990e-03
2.339999999999999858e+00 9.574499802499990553e-01 4.089344236723711778e-03
2.350000000000000089e+00 9.579167734099990339e-01 4.030072426248192986e-03
2.359999999999999876e+00 9.582951908699993693e-01 4.018629535439382193e-03
2.370000000000000107e+00 9.586897596500000285e-01 3.994617871189431145e-03
2.379999999999999893e+00 9.590555181999995682e-01 3.986179118686599895e-03
2.390000000000000124e+00 9.594408579599997822e-01 3.961563757384273764e-03
2.399999999999999911e+00 9.598096262200004336e-01 3.945460999178196371e-03
2.410000000000000142e+00 9.602334362000000123e-01 3.890176067424554619e-03
2.419999999999999929e+00 9.605834613200007199e-01 3.876966029845600736e-03
2.430000000000000160e+00 9.610073336200001259e-01 3.816170870181695603e-03
2.439999999999999947e+00 9.613569868799994866e-01 3.797809898010679787e-03
2.450000000000000178e+00 9.617110228900001001e-01 3.770875346685889119e-03
2.459999999999999964e+00 9.621172714599977027e-01 3.717065904401575197e-03
2.470000000000000195e+00 9.625877651000001034e-01 3.636643730758027607e-03
2.479999999999999982e+00 9.630123383000012138e-01 3.568898595236178091e-03
2.490000000000000213e+00 9.633968895299996893e-01 3.521667605589261490e-03
2.500000000000000000e+00 9.637751068100012253e-01 3.481884808618659639e-03
2.509999999999999787e+00 9.641308853199995754e-01 3.463920274311946094e-03
2.520000000000000018e+00 9.644771313999995765e-01 3.429311619600962108e-03
2.529999999999999805e+00 9.648793778000013255e-01 3.354986135926202491e-03
2.540000000000000036e+00 9.652412554999996175e-01 3.300381716109465798e-03
2.549999999999999822e+00 9.656876879100001476e-01 3.197375375242634838e-03
2.560000000000000053e+00 9.660675652099997013e-01 3.132801273882547012e-03
2.569999999999999840e+00 9.664138012499996488e-01 3.084475928636160741e-03
2.580000000000000071e+00 9.667671512600021222e-01 3.038129505272094653e-03
2.589999999999999858e+00 9.671104276999998861e-01 2.987997659336275296e-03
2.600000000000000089e+00 9.674790584599998189e-01 2.928195688707356092e-03
2.609999999999999876e+00 9.678505887999999668e-01 2.879913556954261794e-03
2.620000000000000107e+00 9.681648200299999285e-01 2.843212277709233557e-03
2.629999999999999893e+00 9.684586167499998899e-01 2.818341241361386421e-03
2.640000000000000124e+00 9.687322655099999125e-01 2.807445094011560248e-03
2.649999999999999911e+00 9.690265467200015470e-01 2.771144693664320986e-03
2.660000000000000142e+00 9.692993006800004752e-01 2.751466770928543814e-03
2.669999999999999929e+00 9.695637329999994281e-01 2.735866120906745545e-03
2.680000000000000160e+00 9.698421301200002009e-01 2.702057343599287374e-03
2.689999999999999947e+00 9.700972937900000925e-01 2.687772494418949523e-03
2.700000000000000178e+00 9.703621726400005754e-01 2.659788045406159037e-03
2.709999999999999964e+00 9.706222881000006186e-01 2.632910336557010584e-03
2.720000000000000195e+00 9.708562853800004611e-01 2.629395286974086938e-03
2.729999999999999982e+00 9.711092234299998349e-01 2.602739322896022601e-03
2.740000000000000213e+00 9.713389462499999460e-01 2.596881438555135452e-03
2.750000000000000000e+00 9.715743804100005487e-01 2.581814875524409466e-03
2.759999999999999787e+00 9.718105069699983778e-01 2.562687818081142016e-03
2.770000000000000018e+00 9.720255597000008185e-01 2.562734133341160701e-03
2.779999999999999805e+00 9.722695396999992967e-01 2.528861085425247474e-03
2.790000000000000036e+00 9.724858063399993702e-01 2.521432690445952248e-03
2.799999999999999822e+00 9.727179483500003609e-01 2.493941431959926982e-03
2.810000000000000053e+00 9.729390673599982442e-01 2.475267268364273691e-03
2.819999999999999840e+00 9.731457991799998819e-01 2.469140886220534768e-03
2.830000000000000071e+00 9.733554462599999235e-01 2.457079091191827561e-03
2.839999999999999858e+00 9.735459557099995775e-01 2.463077724916486362e-03
2.850000000000000089e+00 9.737633573400010789e-01 2.436847197581590643e-03
2.859999999999999876e+00 9.739474305700001056e-01 2.444559378842854451e-03
2.870000000000000107e+00 9.741667217999999684e-01 2.410573110731133954e-03
2.879999999999999893e+00 9.743512579400005480e-01 2.412462856781136256e-03
2.890000000000000124e+00 9.745682655599993138e-01 2.375623568148556297e-03
2.899999999999999911e+00 9.747496464600000632e-01 2.375774866409089206e-03
2.910000000000000142e+00 9.749437977399981747e-01 2.359142666130324782e-03
2.919999999999999929e+00 9.751098656100021245e-01 2.371567233418101460e-03
2.930000000000000160e+00 9.753064217100001487e-01 2.347178730179200635e-03
2.939999999999999947e+00 9.754667933000010782e-01 2.361274929361789360e-03
2.950000000000000178e+00 9.756688661500010351e-01 2.325701945614289893e-03
2.959999999999999964e+00 9.758369367999987221e-01 2.326324062682262432e-03
2.970000000000000195e+00 9.760333614800015267e-01 2.292386149454104464e-03
2.979999999999999982e+00 9.762011694499999059e-01 2.288727945186411292e-03
2.990000000000000213e+00 9.763566694300007676e-01 2.296911128982079362e-03
