1.050000000000000044e+00 4.028959955749997213e-02 1.938903346194702909e-04
1.060000000000000053e+00 4.046413962400002839e-02 1.868155414407704528e-04
1.070000000000000062e+00 4.132439628699995787e-02 2.078746632277055117e-04
1.080000000000000071e+00 4.199046406449998686e-02 2.126483802773460313e-04
1.090000000000000080e+00 4.270965652450001149e-02 2.164559053588731579e-04
1.100000000000000089e+00 4.323404369699992283e-02 2.140658663537889112e-04
1.110000000000000098e+00 4.382941234249999873e-02 2.283541760678713583e-04
1.120000000000000107e+00 4.479230052800005357e-02 2.383389970585504355e-04
1.129999999999999893e+00 4.546249077749997536e-02 2.613103276242535224e-04
1.139999999999999902e+00 4.634728320199996143e-02 2.285481095459914673e-04
1.149999999999999911e+00 4.683316154399996128e-02 2.472017785593482917e-04
1.159999999999999920e+00 4.757375529700000327e-02 2.692325118439858694e-04
1.169999999999999929e+00 4.849792435750010372e-02 2.490294270275519948e-04
1.179999999999999938e+00 4.938482431999998562e-02 2.768585573045962409e-04
1.189999999999999947e+00 5.005306354050002848e-02 2.832184663178919184e-04
1.199999999999999956e+00 5.084145961949999848e-02 2.946333543996759296e-04
1.209999999999999964e+00 5.177959350099999025e-02 2.914848189921115992e-04
1.219999999999999973e+00 5.331754979849999410e-02 3.236921562140394155e-04
1.229999999999999982e+00 5.414990505649995567e-02 3.006220111464912373e-04
1.239999999999999991e+00 5.491280410649995725e-02 3.273865801256074229e-04
1.250000000000000000e+00 5.609775927649997967e-02 3.526857437556776939e-04
1.260000000000000009e+00 5.706993866400011939e-02 3.632004012808497952e-04
1.270000000000000018e+00 5.786049646850005557e-02 4.005467392391343128e-04
1.280000000000000027e+00 5.897251380549996258e-02 3.801220501200816863e-04
1.290000000000000036e+00 6.068697628850004688e-02 4.201077447253281395e-04
1.300000000000000044e+00 6.143969213999996015e-02 4.425510005288274822e-04
1.310000000000000053e+00 6.274389892599989416e-02 4.732098905391921820e-04
1.320000000000000062e+00 6.446252514649995768e-02 5.002188132449444501e-04
1.330000000000000071e+00 6.571091595750003234e-02 4.559979593548626185e-04
1.340000000000000080e+00 6.715112307999997199e-02 5.398652881581005123e-04
1.350000000000000089e+00 6.831093026400003598e-02 5.511656525579930466e-04
1.360000000000000098e+00 6.985225952800000471e-02 5.699052411690558621e-04
1.370000000000000107e+00 7.209133027600013455e-02 6.766119950073261292e-04
1.379999999999999893e+00 7.389187990150002106e-02 6.621130379157812813e-04
1.389999999999999902e+00 7.573256344999994283e-02 7.469155770757788864e-04
1.399999999999999911e+00 7.819363053349998038e-02 8.309008599262809837e-04
1.409999999999999920e+00 7.967196974350004846e-02 8.390967647099837083e-04
1.419999999999999929e+00 8.134719285300005820e-02 9.136156170272799644e-04
1.429999999999999938e+00 8.464148780150007600e-02 1.139290126973858345e-03
1.439999999999999947e+00 8.758756592550002995e-02 1.189929175004496081e-03
1.449999999999999956e+00 9.060407758650000642e-02 1.298562911869578394e-03
1.459999999999999964e+00 9.388152841299997331e-02 1.584988216947825221e-03
1.469999999999999973e+00 9.709720501300020401e-02 1.610237022412182827e-03
1.479999999999999982e+00 1.012947647870001827e-01 2.175359937647872513e-03
1.489999999999999991e+00 1.058485086879999842e-01 2.469997250928679996e-03
1.500000000000000000e+00 1.102647125759999708e-01 2.731668434269955096e-03
1.510000000000000009e+00 1.165431431854999506e-01 3.410204820123502109e-03
1.520000000000000018e+00 1.225655472860001233e-01 3.891427497675066776e-03
1.530000000000000027e+00 1.281762337119998763e-01 4.332661580855340193e-03
1.540000000000000036e+00 1.364671685389998168e-01 4.679938959230954890e-03
1.550000000000000044e+00 1.471810284620000964e-01 5.418427580083085698e-03
1.560000000000000053e+00 1.555362495445000159e-01 6.123486726250453906e-03
1.570000000000000062e+00 1.699744367165000880e-01 6.945053867069205140e-03
1.580000000000000071e+00 1.823338356070000055e-01 7.779534851148535608e-03
1.590000000000000080e+00 1.985045307595002528e-01 8.369395733459905617e-03
1.600000000000000089e+00 2.113038046295000194e-01 9.059545729463790165e-03
1.610000000000000098e+00 2.295205303305002942e-01 9.366058938899982089e-03
1.620000000000000107e+00 2.505461285255000115e-01 9.921786518876608493e-03
1.629999999999999893e+00 2.740795882790000859e-01 1.045704884037630157e-02
1.639999999999999902e+00 2.978115821149998621e-01 1.104250713039270880e-02
1.649999999999999911e+00 3.246867092295000479e-01 1.133185738455973028e-02
1.659999999999999920e+00 3.567106170400002330e-01 1.175567798340462593e-02
1.669999999999999929e+00 3.838941986249999050e-01 1.163066053469213358e-02
1.679999999999999938e+00 4.129232686049997825e-01 1.173106798596810184e-02
1.689999999999999947e+00 4.430517923050000806e-01 1.166177189344372138e-02
1.699999999999999956e+00 4.713472549700000180e-01 1.117960508000937457e-02
1.709999999999999964e+00 4.971030655599998349e-01 1.108429380552700648e-02
1.719999999999999973e+00 5.253724195699991384e-01 1.016263803070736882e-02
1.729999999999999982e+00 5.532582058300005157e-01 9.510046389433240294e-03
1.739999999999999991e+00 5.788219874849992452e-01 8.588094345044943248e-03
1.750000000000000000e+00 5.999915411900006434e-01 7.947428942417768261e-03
1.760000000000000009e+00 6.212332228549994895e-01 7.231071475783953408e-03
1.770000000000000018e+00 6.397212648600008045e-01 6.468418785654720185e-03
1.780000000000000027e+00 6.537963741699988063e-01 6.034240028352470288e-03
1.790000000000000036e+00 6.708221893399994862e-01 5.308496293949727628e-03
1.800000000000000044e+00 6.850395345149996595e-01 4.411341564554898537e-03
1.810000000000000053e+00 6.957850317699998399e-01 4.284594381688333793e-03
1.820000000000000062e+00 7.080491435200005901e-01 3.532961753325329027e-03
1.830000000000000071e+00 7.178940090400002250e-01 3.327602506797634491e-03
1.840000000000000080e+00 7.274782552849999862e-01 2.875732159886951102e-03
1.850000000000000089e+00 7.364412490900005270e-01 2.668024024036024216e-03
1.860000000000000098e+00 7.441204140750002916e-01 2.542845883679415841e-03
1.870000000000000107e+00 7.509348722100004370e-01 2.544491600904638835e-03
1.879999999999999893e+00 7.584149360749992130e-01 2.303600943747993648e-03
1.889999999999999902e+00 7.649629894049991830e-01 2.205551737695002779e-03
1.899999999999999911e+00 7.712500338750006845e-01 2.118833384395255731e-03
1.909999999999999920e+00 7.771376611350003794e-01 2.035379192917612795e-03
1.919999999999999929e+00 7.827772665950006870e-01 1.960132616417534050e-03
1.929999999999999938e+00 7.881382846300006850e-01 1.887155474588966602e-03
1.939999999999999947e+00 7.934347293800009249e-01 1.811311442123838319e-03
1.949999999999999956e+00 7.985379977149992259e-01 1.745369163822592948e-03
1.959999999999999964e+00 8.033950634850011152e-01 1.660841385844824981e-03
1.969999999999999973e+00 8.081707113749997395e-01 1.602192384750957118e-03
1.979999999999999982e+00 8.125432418400002632e-01 1.544249669766212035e-03
