1.080000000000000071e+00 2.403124665400000609e-02 1.014943137997647790e-04
1.090000000000000080e+00 2.452979684350001938e-02 9.942379303587877326e-05
1.100000000000000089e+00 2.513240737399997926e-02 1.074404905608357424e-04
1.110000000000000098e+00 2.555506154349997117e-02 1.147058063889086032e-04
1.120000000000000107e+00 2.621613211649994474e-02 1.171566796494300931e-04
1.129999999999999893e+00 2.687016271350000512e-02 1.231764050314550045e-04
1.139999999999999902e+00 2.750085953849999709e-02 1.277690108010658414e-04
1.149999999999999911e+00 2.806452678649998256e-02 1.282779503053745854e-04
1.159999999999999920e+00 2.870171981100001074e-02 1.456931975572990678e-04
1.169999999999999929e+00 2.944801967150003502e-02 1.463576585059024843e-04
1.179999999999999938e+00 3.025956104750003595e-02 1.553864825903499849e-04
1.189999999999999947e+00 3.086257951550000489e-02 1.655281011988868269e-04
1.199999999999999956e+00 3.186344575350001651e-02 1.695173587545482821e-04
1.209999999999999964e+00 3.265423137900001077e-02 1.686906715076012190e-04
1.219999999999999973e+00 3.359358496049998782e-02 1.891656219877544418e-04
1.229999999999999982e+00 3.446549952149995794e-02 1.865400890749922412e-04
1.239999999999999991e+00 3.523175458999999038e-02 2.109351913597417856e-04
1.250000000000000000e+00 3.661447885900000893e-02 2.260728045136437328e-04
1.260000000000000009e+00 3.739720506000004940e-02 2.333348131594564898e-04
1.270000000000000018e+00 3.922110364299993129e-02 2.378238468335134583e-04
1.280000000000000027e+00 3.985859739600006862e-02 2.703875710069948051e-04
1.290000000000000036e+00 4.154106629949991247e-02 2.790868963022000528e-04
1.300000000000000044e+00 4.330478141300001665e-02 2.955205192600630242e-04
1.310000000000000053e+00 4.491285165249996741e-02 3.430994612518989558e-04
1.320000000000000062e+00 4.643942324050000930e-02 3.494509854628296218e-04
1.330000000000000071e+00 4.832606430149997967e-02 4.287532095713053842e-04
1.340000000000000080e+00 5.120088230000003487e-02 4.460630207850453579e-04
1.350000000000000089e+00 5.343589006949991255e-02 5.240757010585963063e-04
1.360000000000000098e+00 5.620728933950006750e-02 5.732624594512927135e-04
1.370000000000000107e+00 6.045568518549999937e-02 7.538477667588596191e-04
1.379999999999999893e+00 6.416677775299997610e-02 8.682014361965850139e-04
1.389999999999999902e+00 6.952383415849999748e-02 1.389148895999932874e-03
1.399999999999999911e+00 7.605821780699999202e-02 2.033310925689204088e-03
1.409999999999999920e+00 8.620990685499999029e-02 2.730685760148799431e-03
1.419999999999999929e+00 9.936109682800002563e-02 4.140488220406579600e-03
1.429999999999999938e+00 1.297563403105000401e-01 6.366402544675110742e-03
1.439999999999999947e+00 1.680700391480001166e-01 8.709216199821335352e-03
1.449999999999999956e+00 2.328617637940000595e-01 1.138450018167607748e-02
1.459999999999999964e+00 3.031425509999998158e-01 1.386646410183031870e-02
1.469999999999999973e+00 3.869367581535004263e-01 1.433742927287817541e-02
1.479999999999999982e+00 4.722362001454996627e-01 1.320088582833681655e-02
1.489999999999999991e+00 5.457761260830004124e-01 1.156201742303582247e-02
1.500000000000000000e+00 5.977663858080002335e-01 1.041920991058720332e-02
1.510000000000000009e+00 6.465409423249997012e-01 7.817948445614616299e-03
1.520000000000000018e+00 6.729757335089995296e-01 7.636696794569275935e-03
1.530000000000000027e+00 7.024559322800000283e-01 4.813390167560121884e-03
1.540000000000000036e+00 7.236146310350001221e-01 3.241449202898901653e-03
1.550000000000000044e+00 7.409795201450010138e-01 1.810685237914645912e-03
1.560000000000000053e+00 7.533145616050000992e-01 1.436901137509090463e-03
1.570000000000000062e+00 7.637207098149997320e-01 1.338472309941500255e-03
1.580000000000000071e+00 7.737840158300010041e-01 1.186974984803984817e-03
1.590000000000000080e+00 7.826306604699997393e-01 1.102394264398187836e-03
1.600000000000000089e+00 7.907289957599993313e-01 1.034376667660762226e-03
1.610000000000000098e+00 7.982180822800000186e-01 9.696729651025669640e-04
1.620000000000000107e+00 8.051437376299989124e-01 9.113180880811521181e-04
