2.899999999999999800e-01 4.343008497649998578e-02 1.395582629340222326e-04
2.999999999999999889e-01 4.402676284399992951e-02 1.461372657390975973e-04
3.099999999999999978e-01 4.448423568200002287e-02 1.393756113026301381e-04
3.200000000000000067e-01 4.502867277699999782e-02 1.458743440906889316e-04
3.300000000000000155e-01 4.539515628550004622e-02 1.428971079399856282e-04
3.400000000000000244e-01 4.601478543349999534e-02 1.509772438283578150e-04
3.499999999999999778e-01 4.670252761049996371e-02 1.460565749711483148e-04
3.599999999999999867e-01 4.710895545700001519e-02 1.584055375772159223e-04
3.699999999999999956e-01 4.769045885400002155e-02 1.477886234185431767e-04
3.800000000000000044e-01 4.810479681300003363e-02 1.562312404521611683e-04
3.900000000000000133e-01 4.879098235000003253e-02 1.629864906633039605e-04
4.000000000000000222e-01 4.943137997449998516e-02 1.786507602894873243e-04
4.099999999999999756e-01 4.987009641100002832e-02 1.783309657597705576e-04
4.199999999999999845e-01 5.056079912749999322e-02 1.802086297875125389e-04
4.299999999999999933e-01 5.112443283600003052e-02 1.679807067918201674e-04
4.400000000000000022e-01 5.170495178349997223e-02 1.776703097750337746e-04
4.500000000000000111e-01 5.206124588999998942e-02 1.883848031002291316e-04
4.600000000000000200e-01 5.299804580150003358e-02 1.990262404920187299e-04
4.699999999999999734e-01 5.363076769850005920e-02 1.951949067307428860e-04
4.799999999999999822e-01 5.420464866599999931e-02 2.078615155978835282e-04
4.899999999999999911e-01 5.476187901450001172e-02 2.106236488290765994e-04
5.000000000000000000e-01 5.531525609249998698e-02 2.035413152021738590e-04
5.100000000000000089e-01 5.619419308050004752e-02 2.099547165271078454e-04
5.200000000000000178e-01 5.691079404350006532e-02 2.070959547509565934e-04
5.300000000000000266e-01 5.748754859150000118e-02 2.241839355705892937e-04
5.400000000000000355e-01 5.795373888050002475e-02 2.110471243558763321e-04
5.500000000000000444e-01 5.893633616699992667e-02 2.264434802155271471e-04
5.600000000000000533e-01 5.957945720249997051e-02 2.476472185991144864e-04
5.699999999999999512e-01 6.028678352699996107e-02 2.458158515427513280e-04
5.799999999999999600e-01 6.082018470600009108e-02 2.443313524105845220e-04
5.899999999999999689e-01 6.144549596800000235e-02 2.515617053547640437e-04
5.999999999999999778e-01 6.256562184499994683e-02 2.656321850987737316e-04
6.099999999999999867e-01 6.319857682649998587e-02 2.652820752987144603e-04
6.199999999999999956e-01 6.416862670199999230e-02 2.692932651185423929e-04
6.300000000000000044e-01 6.470865098499997692e-02 3.075849293033403498e-04
6.400000000000000133e-01 6.573934796950013648e-02 2.908477612640006241e-04
6.500000000000000222e-01 6.615057636500007443e-02 2.993391513650514894e-04
6.600000000000000311e-01 6.684528672449997766e-02 3.226798948065632958e-04
6.700000000000000400e-01 6.775831735200002481e-02 3.290841693143837978e-04
6.800000000000000488e-01 6.875521623800009974e-02 3.190785622137508521e-04
6.899999999999999467e-01 6.981811307849994375e-02 3.389685280650882771e-04
6.999999999999999556e-01 7.068545058399999803e-02 3.488307618185509029e-04
7.099999999999999645e-01 7.154981106399986579e-02 3.265807310029036426e-04
7.199999999999999734e-01 7.223355426599994966e-02 3.475629551824123767e-04
7.299999999999999822e-01 7.357598648099988869e-02 3.621559810066182967e-04
7.399999999999999911e-01 7.429551416449994838e-02 3.941490338363626907e-04
7.500000000000000000e-01 7.531157982699999975e-02 3.792776483937349919e-04
7.600000000000000089e-01 7.622640492350014896e-02 3.752270524679235104e-04
7.700000000000000178e-01 7.729054660000002352e-02 4.074638097452065949e-04
7.800000000000000266e-01 7.838017111000010473e-02 4.186392373169041392e-04
7.900000000000000355e-01 7.913550840699996869e-02 4.142052539305196871e-04
8.000000000000000444e-01 8.079789800649993248e-02 4.471462907221017652e-04
8.100000000000000533e-01 8.158533329600019257e-02 4.405193497615365753e-04
8.199999999999999512e-01 8.224937801900003564e-02 4.534993988384249087e-04
8.299999999999999600e-01 8.347291306299990665e-02 4.851988088472614113e-04
8.399999999999999689e-01 8.488568412699992738e-02 5.037012269079574377e-04
8.499999999999999778e-01 8.562925317449990303e-02 5.005678656329433027e-04
8.599999999999999867e-01 8.726306259599993231e-02 5.417349566120497608e-04
8.699999999999999956e-01 8.861265333250011034e-02 5.589667907991384540e-04
8.800000000000000044e-01 8.941548674450001954e-02 5.369421988311064153e-04
8.900000000000000133e-01 9.067245241699994907e-02 5.412741339453025578e-04
9.000000000000000222e-01 9.213264894599999810e-02 5.752758354457880542e-04
9.100000000000000311e-01 9.286698910450008615e-02 5.900702667324923692e-04
9.200000000000000400e-01 9.440940303749981166e-02 5.764414087629344359e-04
9.300000000000000488e-01 9.616122019999984172e-02 6.355524110592620981e-04
9.399999999999999467e-01 9.731083359150001499e-02 6.763394534484193062e-04
9.499999999999999556e-01 9.854458874300009441e-02 6.687133701413901189e-04
9.599999999999999645e-01 1.001618781914999923e-01 6.912617760499112710e-04
9.699999999999999734e-01 1.015080996164999666e-01 6.984288118372563442e-04
9.799999999999999822e-01 1.026522783780000198e-01 6.699811175872429428e-04
9.899999999999999911e-01 1.044663575880000889e-01 7.961634173971948378e-04
1.000000000000000000e+00 1.060158206979999324e-01 7.886204989492990539e-04
1.010000000000000009e+00 1.083756642540001230e-01 8.394210037651735285e-04
1.020000000000000018e+00 1.089915709299999480e-01 8.225524482717044188e-04
1.030000000000000027e+00 1.109939727609999954e-01 8.666243626264749384e-04
1.040000000000000036e+00 1.123353746579998508e-01 9.153649788752697952e-04
1.050000000000000044e+00 1.156678038830002003e-01 9.526374120061769984e-04
1.060000000000000053e+00 1.162436655575000699e-01 9.744601571828821794e-04
1.070000000000000062e+00 1.193935469050000087e-01 1.013423892720433876e-03
1.080000000000000071e+00 1.214344599830000648e-01 1.105832026556661336e-03
1.090000000000000080e+00 1.228669441459999956e-01 1.110449900302515162e-03
1.100000000000000089e+00 1.249759863654997943e-01 1.188830222261143829e-03
1.110000000000000098e+00 1.265867103780000946e-01 1.224788376214152371e-03
1.120000000000000107e+00 1.295205197619998527e-01 1.298956178773586845e-03
1.129999999999999893e+00 1.317456727375000969e-01 1.359738376518819470e-03
1.139999999999999902e+00 1.342020015630000784e-01 1.499278096691946706e-03
1.149999999999999911e+00 1.371280708500000334e-01 1.511598919183928256e-03
1.159999999999999920e+00 1.395503359700001056e-01 1.480679096818521452e-03
1.169999999999999929e+00 1.412213358929999552e-01 1.699727840343290665e-03
1.179999999999999938e+00 1.448126774049998400e-01 1.784804826192248808e-03
1.189999999999999947e+00 1.480692949600000696e-01 1.960088292930819813e-03
1.199999999999999956e+00 1.512709867349998905e-01 2.060194692496466855e-03
1.209999999999999964e+00 1.539776864849999038e-01 2.236090465236429282e-03
1.219999999999999973e+00 1.567458045649998688e-01 2.311188830311941642e-03
1.229999999999999982e+00 1.603120594199999860e-01 2.437079635698073590e-03
1.239999999999999991e+00 1.646108513749999225e-01 2.725475932380135111e-03
1.250000000000000000e+00 1.684318964300000332e-01 2.891463062098406211e-03
1.260000000000000009e+00 1.724736504950003246e-01 3.148527946514378083e-03
1.270000000000000018e+00 1.751371208400001878e-01 3.238881555439721872e-03
1.280000000000000027e+00 1.806501534849999924e-01 3.431645820349840670e-03
1.290000000000000036e+00 1.847058658899998485e-01 3.557011520576435371e-03
1.300000000000000044e+00 1.892139623899996292e-01 3.945927574225681009e-03
1.310000000000000053e+00 1.927783036649999837e-01 4.023264955649346469e-03
1.320000000000000062e+00 1.969182589749999268e-01 4.272487269272155948e-03
1.330000000000000071e+00 2.038119432850001300e-01 4.430844706483118289e-03
1.340000000000000080e+00 2.095113926950001038e-01 4.895470886955414352e-03
1.350000000000000089e+00 2.145428266349999613e-01 5.138152738602984326e-03
1.360000000000000098e+00 2.209208707999998356e-01 5.316808955803807753e-03
1.370000000000000107e+00 2.271667110350000518e-01 5.700688841667166280e-03
1.379999999999999893e+00 2.337231002150002568e-01 5.835767512386249266e-03
1.389999999999999902e+00 2.406927875350001189e-01 6.337230586332147884e-03
1.399999999999999911e+00 2.476770586650000605e-01 6.519348738274918960e-03
1.409999999999999920e+00 2.556377447350000609e-01 6.956260484494459877e-03
1.419999999999999929e+00 2.619097587449999431e-01 7.171469681947033326e-03
1.429999999999999938e+00 2.713103781800002001e-01 7.504581396515955238e-03
1.439999999999999947e+00 2.771553228249999945e-01 7.656951829324252015e-03
1.449999999999999956e+00 2.867017163300000782e-01 8.085886578328958102e-03
1.459999999999999964e+00 2.956103919600001628e-01 8.324274359704461959e-03
1.469999999999999973e+00 3.061037976399995086e-01 8.663843410638505035e-03
1.479999999999999982e+00 3.139546217450002730e-01 8.951541025566101678e-03
1.489999999999999991e+00 3.249086679900004548e-01 9.174970491562010888e-03
1.500000000000000000e+00 3.356603046849997996e-01 9.641772806943227359e-03
1.510000000000000009e+00 3.450636672650003178e-01 9.746593261035930295e-03
1.520000000000000018e+00 3.544825364100001042e-01 1.024783626987621314e-02
1.530000000000000027e+00 3.674010760300002176e-01 1.038752394817640812e-02
1.540000000000000036e+00 3.793993667749990806e-01 1.069501973517090164e-02
1.550000000000000044e+00 3.928413284699999730e-01 1.088074590780524140e-02
1.560000000000000053e+00 4.046595804449996669e-01 1.128829110846254168e-02
1.570000000000000062e+00 4.180831399100000678e-01 1.153350000005928973e-02
1.580000000000000071e+00 4.273348970799999980e-01 1.178287328529149282e-02
1.590000000000000080e+00 4.395200855850004973e-01 1.187004138353483715e-02
1.600000000000000089e+00 4.513960664350002983e-01 1.185600148663380760e-02
1.610000000000000098e+00 4.613372828849998664e-01 1.188982708354800223e-02
1.620000000000000107e+00 4.753582447899995511e-01 1.189908440842812887e-02
1.629999999999999893e+00 4.855622903599994822e-01 1.183412440965551579e-02
1.639999999999999902e+00 4.958860685100000554e-01 1.197427865953116545e-02
1.649999999999999911e+00 5.097083986800002853e-01 1.182558836450546720e-02
1.659999999999999920e+00 5.244035684150003540e-01 1.181467390912051794e-02
1.669999999999999929e+00 5.349399752099998073e-01 1.190441854241532267e-02
1.679999999999999938e+00 5.481122145050002503e-01 1.175463487402348024e-02
1.689999999999999947e+00 5.618171706150005829e-01 1.178514878755535997e-02
1.699999999999999956e+00 5.731747607200008421e-01 1.176949581130415368e-02
1.709999999999999964e+00 5.868839142400000819e-01 1.166133379907629067e-02
1.719999999999999973e+00 5.988654114999988343e-01 1.152505914772919762e-02
1.729999999999999982e+00 6.113218723849999092e-01 1.132216375201215361e-02
1.739999999999999991e+00 6.223475636700006586e-01 1.104737576402846540e-02
1.750000000000000000e+00 6.331116296400004506e-01 1.093097074395928126e-02
1.760000000000000009e+00 6.442326644450000472e-01 1.073368776555003179e-02
1.770000000000000018e+00 6.565746570400002868e-01 1.042031778709033921e-02
1.780000000000000027e+00 6.674313576150006089e-01 1.008086624805090703e-02
1.790000000000000036e+00 6.756082083950003536e-01 1.002226421123118827e-02
1.800000000000000044e+00 6.860089691850007609e-01 9.761837454753336321e-03
1.810000000000000053e+00 6.954712585650008050e-01 9.458611758868484126e-03
1.820000000000000062e+00 7.055544227700002446e-01 9.159869099806263251e-03
1.830000000000000071e+00 7.129859012049992728e-01 8.890084152305612053e-03
1.840000000000000080e+00 7.220226357100002490e-01 8.610413273302917544e-03
1.850000000000000089e+00 7.296532450900012901e-01 8.384647661858460679e-03
1.860000000000000098e+00 7.351715657950003147e-01 8.263608784123892964e-03
1.870000000000000107e+00 7.439683464499994292e-01 7.883917346005577323e-03
1.879999999999999893e+00 7.499808081400003434e-01 7.802276367983944014e-03
1.889999999999999902e+00 7.578124136800011845e-01 7.357292077525449253e-03
1.899999999999999911e+00 7.650075516850003421e-01 6.925737441709664023e-03
1.909999999999999920e+00 7.717472343700005899e-01 6.637467168641582663e-03
1.919999999999999929e+00 7.781472330550011085e-01 6.254771488612254071e-03
1.929999999999999938e+00 7.838322831250003064e-01 6.157241567570011752e-03
1.939999999999999947e+00 7.890155049350000560e-01 6.034345580620470093e-03
1.949999999999999956e+00 7.950523630450010426e-01 5.720696149908473596e-03
1.959999999999999964e+00 8.003219642049996807e-01 5.432323817371619359e-03
1.969999999999999973e+00 8.049400238549992981e-01 5.293391964546015696e-03
1.979999999999999982e+00 8.103546042500004987e-01 5.012940760301082092e-03
1.989999999999999991e+00 8.147581612249992222e-01 4.904801410876376624e-03
2.000000000000000000e+00 8.188049068699998490e-01 4.758457186113702365e-03
2.009999999999999787e+00 8.231131960199992159e-01 4.567871497983556558e-03
2.020000000000000018e+00 8.267878294650002902e-01 4.513124443500301890e-03
2.029999999999999805e+00 8.308365677050002507e-01 4.326291688088778134e-03
2.040000000000000036e+00 8.343467020150004965e-01 4.192759180077955047e-03
2.049999999999999822e+00 8.381436278149990704e-01 4.008733372843499565e-03
2.060000000000000053e+00 8.414712761149999443e-01 3.886848063367182634e-03
2.069999999999999840e+00 8.445208228149999607e-01 3.796086467431254025e-03
2.080000000000000071e+00 8.475551016450000308e-01 3.698994468872428016e-03
2.089999999999999858e+00 8.506968359049997819e-01 3.591139307152762562e-03
2.100000000000000089e+00 8.538586816349988950e-01 3.429993758655985794e-03
2.109999999999999876e+00 8.563551373500002395e-01 3.438368860988420990e-03
2.120000000000000107e+00 8.593029144050005064e-01 3.266230367461875773e-03
2.129999999999999893e+00 8.618110010599993043e-01 3.196854486685452631e-03
2.140000000000000124e+00 8.643747804399992685e-01 3.104682524444899068e-03
2.149999999999999911e+00 8.669231336800000687e-01 3.014055198333140569e-03
2.160000000000000142e+00 8.691559101150001521e-01 2.949095678498392121e-03
2.169999999999999929e+00 8.715674952750019910e-01 2.885306100555162963e-03
2.180000000000000160e+00 8.739850766450008024e-01 2.795991289381446598e-03
2.189999999999999947e+00 8.761395590599998506e-01 2.757118445634394212e-03
2.200000000000000178e+00 8.783540293549998434e-01 2.674490132733184974e-03
2.209999999999999964e+00 8.804819557149992093e-01 2.613179179560538076e-03
2.220000000000000195e+00 8.823749139950005649e-01 2.569848029434286182e-03
2.229999999999999982e+00 8.845292757449991772e-01 2.506455192639385227e-03
2.240000000000000213e+00 8.864651591300002353e-01 2.447302765973319652e-03
2.250000000000000000e+00 8.882949049300001843e-01 2.401860221591889388e-03
2.259999999999999787e+00 8.900241334150009731e-01 2.351436199617777320e-03
2.270000000000000018e+00 8.917749854649987817e-01 2.296411015604619965e-03
2.279999999999999805e+00 8.933655806749993822e-01 2.258687717380889609e-03
2.290000000000000036e+00 8.950364326850007712e-01 2.204670733226932883e-03
2.299999999999999822e+00 8.966606343750002095e-01 2.162046728029271350e-03
2.310000000000000053e+00 8.982869982499998018e-01 2.109762416872130834e-03
2.319999999999999840e+00 8.998278861749998692e-01 2.063303476130786546e-03
2.330000000000000071e+00 9.011750457000003989e-01 2.030811742160328840e-03
2.339999999999999858e+00 9.026466147450004085e-01 1.985109907459785359e-03
2.350000000000000089e+00 9.039773771500010380e-01 1.949892280302989748e-03
2.359999999999999876e+00 9.053803680049998803e-01 1.894343390996475369e-03
