1.040000000000000036e+00 2.434859762949997605e-02 1.083024714313016916e-04
1.050000000000000044e+00 2.478750218599999958e-02 1.196087799638819029e-04
1.060000000000000053e+00 2.553717410949997782e-02 1.181083821593145847e-04
1.070000000000000062e+00 2.602217841499997880e-02 1.166205405884204141e-04
1.080000000000000071e+00 2.653236578200000167e-02 1.285733973762813931e-04
1.090000000000000080e+00 2.714490433050001719e-02 1.342527533051077605e-04
1.100000000000000089e+00 2.785242152850002026e-02 1.340966437713987636e-04
1.110000000000000098e+00 2.865229448949997010e-02 1.568058028253746614e-04
1.120000000000000107e+00 2.917322584850003814e-02 1.619064568757289449e-04
1.129999999999999893e+00 2.997467133349997551e-02 1.555047334948533638e-04
1.139999999999999902e+00 3.080691332949997766e-02 1.724534923623801525e-04
1.149999999999999911e+00 3.139262638149999812e-02 1.688197088685578580e-04
1.159999999999999920e+00 3.248393119099999421e-02 1.862104388715846842e-04
1.169999999999999929e+00 3.323351293649998844e-02 2.037317572768232985e-04
1.179999999999999938e+00 3.399120371449999845e-02 2.006283312051475136e-04
1.189999999999999947e+00 3.537702752200001105e-02 2.239443032264925356e-04
1.199999999999999956e+00 3.604241209949997360e-02 2.204904131181712075e-04
1.209999999999999964e+00 3.724793205800008833e-02 2.312039459454893673e-04
1.219999999999999973e+00 3.880839570049996606e-02 2.777421515411154698e-04
1.229999999999999982e+00 3.961921160150001092e-02 2.823174304450475265e-04
1.239999999999999991e+00 4.147751229400002682e-02 3.105526790839014339e-04
1.250000000000000000e+00 4.285848367899997013e-02 3.537817357649307589e-04
1.260000000000000009e+00 4.480331917249993912e-02 3.734439616173830480e-04
1.270000000000000018e+00 4.608285262349997441e-02 3.590202007616427040e-04
1.280000000000000027e+00 4.855581315949995813e-02 3.944946388583393392e-04
1.290000000000000036e+00 5.120105833750004942e-02 4.812246677162261002e-04
1.300000000000000044e+00 5.365269446499997680e-02 5.443894756820577031e-04
1.310000000000000053e+00 5.649431333200008454e-02 6.773790859599182002e-04
1.320000000000000062e+00 6.010126702099995860e-02 8.074757020450115241e-04
1.330000000000000071e+00 6.451071333350000270e-02 1.008938256485279435e-03
1.340000000000000080e+00 6.986245036349997273e-02 1.346961599833434694e-03
1.350000000000000089e+00 7.635301527550011902e-02 1.684469174846200739e-03
1.360000000000000098e+00 8.984223304050013847e-02 3.148463297742488867e-03
1.370000000000000107e+00 1.053303337170000270e-01 4.722198911035248477e-03
1.379999999999999893e+00 1.275982854290000357e-01 6.119126901054691703e-03
1.389999999999999902e+00 1.687824000330001017e-01 8.659952833024269631e-03
1.399999999999999911e+00 2.204331446894999824e-01 1.055620879419410033e-02
1.409999999999999920e+00 2.868209513130002830e-01 1.252879468266032692e-02
1.419999999999999929e+00 3.530740408769998950e-01 1.365631651999211701e-02
1.429999999999999938e+00 4.275983562855001363e-01 1.346147984002470099e-02
1.439999999999999947e+00 5.060601433545003358e-01 1.259695318966391406e-02
1.449999999999999956e+00 5.678556145185003068e-01 1.061271987765020387e-02
1.459999999999999964e+00 6.174476416845001703e-01 8.091660864656249896e-03
1.469999999999999973e+00 6.548688114294993756e-01 6.588986634110657881e-03
1.479999999999999982e+00 6.884992510890020068e-01 4.427164429394050624e-03
1.489999999999999991e+00 7.075568951900005343e-01 2.741491728700704358e-03
1.500000000000000000e+00 7.253776769900014409e-01 1.992453287034396184e-03
1.510000000000000009e+00 7.382577314549996217e-01 1.893693933693763910e-03
1.520000000000000018e+00 7.511380916700000077e-01 1.447946065682210624e-03
1.530000000000000027e+00 7.616761663050003461e-01 1.361361234345199664e-03
1.540000000000000036e+00 7.716702041399996492e-01 1.189504272490535643e-03
1.550000000000000044e+00 7.804567847649999113e-01 1.119816290200900894e-03
1.560000000000000053e+00 7.887209079999991657e-01 1.053507059567110760e-03
1.570000000000000062e+00 7.963230467500006515e-01 9.894539682477685848e-04
1.580000000000000071e+00 8.033599601549993308e-01 9.403554164318236267e-04
