8.100000000000000533e-01 3.208388225100000657e-02 1.149632871406046863e-04
8.199999999999999512e-01 3.266577947400010201e-02 1.287666405562083835e-04
8.299999999999999600e-01 3.321509578749999581e-02 1.353862026331454325e-04
8.399999999999999689e-01 3.352431732750002502e-02 1.258502283287783524e-04
8.499999999999999778e-01 3.425763329999999968e-02 1.404306700942030081e-04
8.599999999999999867e-01 3.468524178400002322e-02 1.333291448634597528e-04
8.699999999999999956e-01 3.513363580500000055e-02 1.498269500033278607e-04
8.800000000000000044e-01 3.581608818449998066e-02 1.424512858134732935e-04
8.900000000000000133e-01 3.641831346900002708e-02 1.569922855045252175e-04
9.000000000000000222e-01 3.689773027199998862e-02 1.488298964707931960e-04
9.100000000000000311e-01 3.764635341699996973e-02 1.576394931399333749e-04
9.200000000000000400e-01 3.828680959900002123e-02 1.569965564785778572e-04
9.300000000000000488e-01 3.891815686300002797e-02 1.812555113227532204e-04
9.399999999999999467e-01 3.997912481199999285e-02 1.830413150622469060e-04
9.499999999999999556e-01 4.042330896349999314e-02 1.830841214183285680e-04
9.599999999999999645e-01 4.112139601400002786e-02 1.772946170644909894e-04
9.699999999999999734e-01 4.182974076050004208e-02 1.868517160904502056e-04
9.799999999999999822e-01 4.260195737900002166e-02 1.909335522460981448e-04
9.899999999999999911e-01 4.344480573400006512e-02 2.080298464566970082e-04
1.000000000000000000e+00 4.423187231100000893e-02 2.029596804962170264e-04
1.010000000000000009e+00 4.489003277750001214e-02 2.084325598730455884e-04
1.020000000000000018e+00 4.612470370449993362e-02 2.117988529592365740e-04
1.030000000000000027e+00 4.698692448400005467e-02 2.449234182037334970e-04
1.040000000000000036e+00 4.772706225750004971e-02 2.362851655385391533e-04
1.050000000000000044e+00 4.869596467600005585e-02 2.589957502240495873e-04
1.060000000000000053e+00 4.991600860150006286e-02 2.604907524661104657e-04
1.070000000000000062e+00 5.122579608250001776e-02 3.067354140359488464e-04
1.080000000000000071e+00 5.219364164400001199e-02 2.837789371180948132e-04
1.090000000000000080e+00 5.363673192549996138e-02 3.358630851360554790e-04
1.100000000000000089e+00 5.436432536450001851e-02 3.150021863616542890e-04
1.110000000000000098e+00 5.560805030100000879e-02 3.354775269074091837e-04
1.120000000000000107e+00 5.716326099399994531e-02 3.720890096968426479e-04
1.129999999999999893e+00 5.839267895599996316e-02 3.700747002453419303e-04
1.139999999999999902e+00 5.978253772500003588e-02 3.959977349586719757e-04
1.149999999999999911e+00 6.154360131649994070e-02 4.054554701680376273e-04
1.159999999999999920e+00 6.310736088400001331e-02 4.610482464945720219e-04
1.169999999999999929e+00 6.440498023049991139e-02 4.441432031378405123e-04
1.179999999999999938e+00 6.660978556649997662e-02 5.430507116432914958e-04
1.189999999999999947e+00 6.782317965100001511e-02 5.230332988349854079e-04
1.199999999999999956e+00 7.054726147050011109e-02 5.715145340433795771e-04
1.209999999999999964e+00 7.254036668550001288e-02 6.424100727876858692e-04
1.219999999999999973e+00 7.467882846349997716e-02 6.754578578561324514e-04
1.229999999999999982e+00 7.768036983550004326e-02 7.709040394733752966e-04
1.239999999999999991e+00 7.975210743700004989e-02 8.502604976986277881e-04
1.250000000000000000e+00 8.332596567099995188e-02 9.774578166734596962e-04
1.260000000000000009e+00 8.580009332450008741e-02 9.217290610084287071e-04
1.270000000000000018e+00 9.043833443549999240e-02 1.244432073678823202e-03
1.280000000000000027e+00 9.424363367150016824e-02 1.580236920451915045e-03
1.290000000000000036e+00 9.918760271300008924e-02 1.971234491184501152e-03
1.300000000000000044e+00 1.035769929060000732e-01 2.410038985714998971e-03
1.310000000000000053e+00 1.099390002520000409e-01 2.873647379959705633e-03
1.320000000000000062e+00 1.184654113844998830e-01 3.421223139618300140e-03
1.330000000000000071e+00 1.286522342389999074e-01 4.098369566623629237e-03
1.340000000000000080e+00 1.395409542660000501e-01 5.019157861658381584e-03
1.350000000000000089e+00 1.504932103699999635e-01 5.927524626646581835e-03
1.360000000000000098e+00 1.686512957984999395e-01 6.987456801442508240e-03
1.370000000000000107e+00 1.839351821084996841e-01 7.689158904243819335e-03
1.379999999999999893e+00 2.075034753645003394e-01 8.981418937919540338e-03
1.389999999999999902e+00 2.386427572444999035e-01 1.045368974979227726e-02
1.399999999999999911e+00 2.633204412810000727e-01 1.125100567931655408e-02
1.409999999999999920e+00 2.984445727494998701e-01 1.210027493916994087e-02
1.419999999999999929e+00 3.334020837630001788e-01 1.277168108495120233e-02
1.429999999999999938e+00 3.775061734230003574e-01 1.310018147219494528e-02
1.439999999999999947e+00 4.237182960049999947e-01 1.328942217489686821e-02
1.449999999999999956e+00 4.602789561200000823e-01 1.328960471843505624e-02
1.459999999999999964e+00 4.989500085749992153e-01 1.266233543224387637e-02
1.469999999999999973e+00 5.379424138299997438e-01 1.191308127842141858e-02
1.479999999999999982e+00 5.705068646999998938e-01 1.106882826102142774e-02
1.489999999999999991e+00 6.076759746800003414e-01 9.887745183755729250e-03
1.500000000000000000e+00 6.329202274249993154e-01 9.158748341761764264e-03
1.510000000000000009e+00 6.588622912600002879e-01 8.186319072503603009e-03
1.520000000000000018e+00 6.799125687600003909e-01 7.281535651682023887e-03
1.530000000000000027e+00 7.009738704349998129e-01 6.000993012180264215e-03
1.540000000000000036e+00 7.176346930000006008e-01 5.189588007052744860e-03
1.550000000000000044e+00 7.335817929899993706e-01 4.181915732852713868e-03
1.560000000000000053e+00 7.471713041200007677e-01 3.346019861262022627e-03
1.570000000000000062e+00 7.568860080600008367e-01 3.286540743801296717e-03
1.580000000000000071e+00 7.681599177199990303e-01 2.361702450562652104e-03
1.590000000000000080e+00 7.772578294749998840e-01 2.134406709671619797e-03
1.600000000000000089e+00 7.850713809550001754e-01 2.022246129608521077e-03
1.610000000000000098e+00 7.923884541899999245e-01 1.912124024696580790e-03
1.620000000000000107e+00 7.995226708350002820e-01 1.775369232990368700e-03
1.629999999999999893e+00 8.061303703849991287e-01 1.679302486538554592e-03
1.639999999999999902e+00 8.122158655100005786e-01 1.599938363512346711e-03
1.649999999999999911e+00 8.181604467300003236e-01 1.520587815845074551e-03
1.659999999999999920e+00 8.236037846449991706e-01 1.457017369969622767e-03
1.669999999999999929e+00 8.288027703749996089e-01 1.391364614465115694e-03
1.679999999999999938e+00 8.335343914549994127e-01 1.333640624364751826e-03
1.689999999999999947e+00 8.380173718850008058e-01 1.287679117632947561e-03
1.699999999999999956e+00 8.424111478000008146e-01 1.236440584869262505e-03
1.709999999999999964e+00 8.465478733299993674e-01 1.195117973935777827e-03
1.719999999999999973e+00 8.504908390349990022e-01 1.153299658195072871e-03
1.729999999999999982e+00 8.542569887750008917e-01 1.114545185968257059e-03
1.739999999999999991e+00 8.577849203500005348e-01 1.073964204965663100e-03
