-1.600000000000000033e-01 8.510453807400003567e-02 3.931578949842696818e-04
-1.499999999999999944e-01 8.549912407399995473e-02 4.040593759820736695e-04
-1.400000000000000133e-01 8.614466643199983342e-02 3.720004335308611017e-04
-1.300000000000000044e-01 8.614899312200020864e-02 3.605607884689942004e-04
-1.199999999999999956e-01 8.630576008800017185e-02 3.773529384476101639e-04
-1.100000000000000006e-01 8.673303234299993558e-02 3.719767664437148547e-04
-1.000000000000000056e-01 8.692788917000000837e-02 3.696984639545565867e-04
-8.999999999999999667e-02 8.704332114000004617e-02 3.368266255482371555e-04
-8.000000000000000167e-02 8.734448507499996406e-02 3.088211900354793536e-04
-7.000000000000000666e-02 8.769259510400008450e-02 3.237424430406471562e-04
-5.999999999999999778e-02 8.798998397800011917e-02 3.297813415808956952e-04
-5.000000000000000278e-02 8.794116705899998609e-02 3.215433997624320139e-04
-4.000000000000000083e-02 8.810584625900014233e-02 3.312637768612462742e-04
-2.999999999999999889e-02 8.819974495800006475e-02 3.526668968308936886e-04
-2.000000000000000042e-02 8.837553763700001230e-02 3.585930718925358566e-04
-1.000000000000000021e-02 8.857779181500008425e-02 3.523701345375927253e-04
-1.387779999999999991e-16 8.906408120400000072e-02 3.469106852029379788e-04
1.000000000000000021e-02 9.003031714900007476e-02 3.516604651225432410e-04
2.000000000000000042e-02 9.104896450400008778e-02 3.607995863892180790e-04
2.999999999999999889e-02 9.217854085300000722e-02 3.728970001494435181e-04
4.000000000000000083e-02 9.351113124500011475e-02 3.781150844614832658e-04
5.000000000000000278e-02 9.486281263500004335e-02 3.888447399673741105e-04
5.999999999999999778e-02 9.629020133699993378e-02 4.406691239792395048e-04
7.000000000000000666e-02 9.742576037300004765e-02 4.559342161216119421e-04
8.000000000000000167e-02 9.878033686400002067e-02 4.681651479290580421e-04
8.999999999999999667e-02 9.993762396099994949e-02 4.864731552430876611e-04
1.000000000000000056e-01 1.011317087899999273e-01 5.093235107294235989e-04
1.100000000000000006e-01 1.024510061579999021e-01 5.185955283239123467e-04
1.199999999999999956e-01 1.036468588180000372e-01 5.364224051855648366e-04
1.300000000000000044e-01 1.047143525730000607e-01 5.564040527453787376e-04
1.400000000000000133e-01 1.064602020870001470e-01 5.652539423098368668e-04
1.499999999999999944e-01 1.079458889199999549e-01 6.029787203517266185e-04
1.600000000000000033e-01 1.097215100970000828e-01 6.205720936704623445e-04
1.700000000000000122e-01 1.113611114240000421e-01 6.467901917910137948e-04
1.799999999999999933e-01 1.127409764720000152e-01 6.294490204651764526e-04
1.900000000000000022e-01 1.140401483699998719e-01 6.778751715519908041e-04
2.000000000000000111e-01 1.151769132599999718e-01 6.708759424660944550e-04
2.099999999999999922e-01 1.168156043199998634e-01 6.475581396430270774e-04
2.200000000000000011e-01 1.182317248599999149e-01 6.684990739399572631e-04
2.300000000000000100e-01 1.195328666470001217e-01 7.407850964927400030e-04
2.399999999999999911e-01 1.215076454699999253e-01 8.064909691571142463e-04
2.500000000000000000e-01 1.230083751700000866e-01 8.127362870993089456e-04
2.600000000000000089e-01 1.241875768699999133e-01 8.607828172190152638e-04
2.700000000000000178e-01 1.252151104299999151e-01 8.877862298735624599e-04
2.800000000000000266e-01 1.270198817999999563e-01 8.488476078557064290e-04
2.899999999999999800e-01 1.290385595299999022e-01 8.998294818114610559e-04
2.999999999999999889e-01 1.307272311099999806e-01 9.368884820991615686e-04
3.099999999999999978e-01 1.321321490399999798e-01 9.527318317420051946e-04
3.200000000000000067e-01 1.337917843300002185e-01 9.935642989282332440e-04
3.300000000000000155e-01 1.355707755699999961e-01 1.019396476285290825e-03
3.400000000000000244e-01 1.375784180900000708e-01 1.068857215918222201e-03
3.499999999999999778e-01 1.385781252999999102e-01 1.043515288835725804e-03
3.599999999999999867e-01 1.405824040499998873e-01 1.102971976832457270e-03
3.699999999999999956e-01 1.418105522700000287e-01 1.203862937421177779e-03
3.800000000000000044e-01 1.442418003200000298e-01 1.213248249924927863e-03
3.900000000000000133e-01 1.466013489000001224e-01 1.234787110173322499e-03
4.000000000000000222e-01 1.489141823599999526e-01 1.255740806909782462e-03
4.099999999999999756e-01 1.499819120800000294e-01 1.360417715928339665e-03
4.199999999999999845e-01 1.522021016300001695e-01 1.392330601443220531e-03
4.299999999999999933e-01 1.540858531200000325e-01 1.450960103087420815e-03
4.400000000000000022e-01 1.556765673799999361e-01 1.447649907057137371e-03
4.500000000000000111e-01 1.585540950800000681e-01 1.504197050025554965e-03
4.600000000000000200e-01 1.603196777300001930e-01 1.551924015064829040e-03
4.699999999999999734e-01 1.628572640500000057e-01 1.608489252645439998e-03
4.799999999999999822e-01 1.658544546900000416e-01 1.713933073764466490e-03
4.899999999999999911e-01 1.677497738800000082e-01 1.701922314904402277e-03
5.000000000000000000e-01 1.697552648700000610e-01 1.787425815060019949e-03
5.100000000000000089e-01 1.721714184900002553e-01 1.836408086547332546e-03
5.200000000000000178e-01 1.750948952100001010e-01 1.947274635295482160e-03
5.300000000000000266e-01 1.771569632500002989e-01 1.801521001200023526e-03
5.400000000000000355e-01 1.787823437300002094e-01 1.858547481191582780e-03
5.500000000000000444e-01 1.813324294499999711e-01 1.914001495122824928e-03
5.600000000000000533e-01 1.848055936699998236e-01 1.896270624848846306e-03
5.699999999999999512e-01 1.867399021700002215e-01 1.880097160866532830e-03
5.799999999999999600e-01 1.898582655400000152e-01 2.045112809607945326e-03
5.899999999999999689e-01 1.923435274200000489e-01 1.971461567329209959e-03
5.999999999999999778e-01 1.949055649200000517e-01 1.938851181754855857e-03
6.099999999999999867e-01 1.990711319300004223e-01 2.123838013479411885e-03
6.199999999999999956e-01 2.022179271100000841e-01 2.187459024629061916e-03
6.300000000000000044e-01 2.043842559599998998e-01 2.336049966431216068e-03
6.400000000000000133e-01 2.071286275899997809e-01 2.602659258539483881e-03
6.500000000000000222e-01 2.096477390600000323e-01 2.473879578188216497e-03
6.600000000000000311e-01 2.142997489900002328e-01 2.811289785844508626e-03
6.700000000000000400e-01 2.159287782899998731e-01 2.685435795848557100e-03
6.800000000000000488e-01 2.192397377899997779e-01 2.733361556215717272e-03
6.899999999999999467e-01 2.251764628400002299e-01 3.028624893686562847e-03
6.999999999999999556e-01 2.285503070100000367e-01 3.188256474697623646e-03
7.099999999999999645e-01 2.312292967200003657e-01 3.333897942388892779e-03
7.199999999999999734e-01 2.341176155999998842e-01 3.246202124140438062e-03
7.299999999999999822e-01 2.383834916999999221e-01 3.574215911505699856e-03
7.399999999999999911e-01 2.429129595100001926e-01 3.727360386249939459e-03
7.500000000000000000e-01 2.460679763300001599e-01 3.637039397510373473e-03
7.600000000000000089e-01 2.500159237200000883e-01 3.979722868287513711e-03
7.700000000000000178e-01 2.534022465800002677e-01 4.132249285056488995e-03
7.800000000000000266e-01 2.579868431800000361e-01 4.299820503521056651e-03
7.900000000000000355e-01 2.612060277200001224e-01 4.566028241695557419e-03
8.000000000000000444e-01 2.661820397300000973e-01 4.861245379185758463e-03
8.100000000000000533e-01 2.713717070500000772e-01 4.882215766712391138e-03
8.199999999999999512e-01 2.766079430800000294e-01 5.308430556173372381e-03
8.299999999999999600e-01 2.837949964900004507e-01 5.696786536037857021e-03
8.399999999999999689e-01 2.874050754600000479e-01 5.965570781069155434e-03
8.499999999999999778e-01 2.937372497900000989e-01 6.440683681087552674e-03
8.599999999999999867e-01 2.997337807400001775e-01 6.976896758464396116e-03
8.699999999999999956e-01 3.051462243899996651e-01 7.369279868914057306e-03
8.800000000000000044e-01 3.117508514400000319e-01 7.462123219900591853e-03
8.900000000000000133e-01 3.182872804800001565e-01 7.658773662771509345e-03
9.000000000000000222e-01 3.249376540799999713e-01 7.847399864156582791e-03
9.100000000000000311e-01 3.296388980900003540e-01 8.160283910542864144e-03
9.200000000000000400e-01 3.362214117099999733e-01 8.534497912294406949e-03
9.300000000000000488e-01 3.434384455599994723e-01 8.576027599626969561e-03
9.399999999999999467e-01 3.483872598600003534e-01 8.895283980425276044e-03
9.499999999999999556e-01 3.564444517200005547e-01 8.968388699114459781e-03
9.599999999999999645e-01 3.643047039999995351e-01 9.477544364324052770e-03
9.699999999999999734e-01 3.707817817799994864e-01 9.536170378514190540e-03
9.799999999999999822e-01 3.787214681900001878e-01 9.738160221782305240e-03
9.899999999999999911e-01 3.887348233299992017e-01 1.011508952036310402e-02
1.000000000000000000e+00 3.951890706500003070e-01 1.030961484328275085e-02
1.010000000000000009e+00 4.026261157700001814e-01 1.057764438285569222e-02
1.020000000000000018e+00 4.099632061000005323e-01 1.098189791771216062e-02
1.030000000000000027e+00 4.182664991199995241e-01 1.117701988820958385e-02
1.040000000000000036e+00 4.313674716700001688e-01 1.181736470494146665e-02
1.050000000000000044e+00 4.396984355100001518e-01 1.212448348769089128e-02
1.060000000000000053e+00 4.498803240699994488e-01 1.258009732595509987e-02
1.070000000000000062e+00 4.595524390099999801e-01 1.274711498928658357e-02
1.080000000000000071e+00 4.683883539199997226e-01 1.335473079415084793e-02
1.090000000000000080e+00 4.778137666800003069e-01 1.340264505581833382e-02
1.100000000000000089e+00 4.861502585999997184e-01 1.368920708495490780e-02
1.110000000000000098e+00 4.968898756399992567e-01 1.394037491854377246e-02
1.120000000000000107e+00 5.062385488999999739e-01 1.439410472468806435e-02
1.129999999999999893e+00 5.147643453299994842e-01 1.459611847855511214e-02
1.139999999999999902e+00 5.227613446599994607e-01 1.458977041269086776e-02
1.149999999999999911e+00 5.321560398599999298e-01 1.461954463663115052e-02
1.159999999999999920e+00 5.408095130599992473e-01 1.467509155711135133e-02
1.169999999999999929e+00 5.489385564499998926e-01 1.488798226076326094e-02
1.179999999999999938e+00 5.588904587499998744e-01 1.491262399402114476e-02
1.189999999999999947e+00 5.691274591499997371e-01 1.493340861342723307e-02
1.199999999999999956e+00 5.754368991099997332e-01 1.506945063819356209e-02
1.209999999999999964e+00 5.873217816599991536e-01 1.523237388927005734e-02
1.219999999999999973e+00 5.970371377700008919e-01 1.534855446817220796e-02
1.229999999999999982e+00 6.068286690100005432e-01 1.522718354164702068e-02
1.239999999999999991e+00 6.172541084599997285e-01 1.532011518561022037e-02
1.250000000000000000e+00 6.272706002600004771e-01 1.529004433593533947e-02
1.260000000000000009e+00 6.346339353899993485e-01 1.535031384857649638e-02
1.270000000000000018e+00 6.436794797099995025e-01 1.527333394995040484e-02
1.280000000000000027e+00 6.525536665600016883e-01 1.529440604702241371e-02
1.290000000000000036e+00 6.632603482100014602e-01 1.536140121118956432e-02
1.300000000000000044e+00 6.737637939200001869e-01 1.536293935213559579e-02
1.310000000000000053e+00 6.820939565699996043e-01 1.512755093538076419e-02
1.320000000000000062e+00 6.890039706600004088e-01 1.507309064660110852e-02
1.330000000000000071e+00 6.964834658799989864e-01 1.515789810221450026e-02
1.340000000000000080e+00 7.040569748399996275e-01 1.501957450930272234e-02
1.350000000000000089e+00 7.107937341600011338e-01 1.494701132706088495e-02
1.360000000000000098e+00 7.172663205600015024e-01 1.497732226322882366e-02
1.370000000000000107e+00 7.262827981699988555e-01 1.462423034916675475e-02
1.379999999999999893e+00 7.333310939099996206e-01 1.455203593538932638e-02
1.389999999999999902e+00 7.404698531100002423e-01 1.451052063572770556e-02
1.399999999999999911e+00 7.489880559400003968e-01 1.421101894801143906e-02
1.409999999999999920e+00 7.549489604800000420e-01 1.401437793079376125e-02
1.419999999999999929e+00 7.626162567099991074e-01 1.389106857153341555e-02
1.429999999999999938e+00 7.685046397099987159e-01 1.382159066833584318e-02
1.439999999999999947e+00 7.743311097999994175e-01 1.358184491393641009e-02
1.449999999999999956e+00 7.775866504799987533e-01 1.353466532438796742e-02
1.459999999999999964e+00 7.832315102699995979e-01 1.321436749168903788e-02
1.469999999999999973e+00 7.890436997800009955e-01 1.297441438518801525e-02
1.479999999999999982e+00 7.937703411199986681e-01 1.274505746363083399e-02
1.489999999999999991e+00 7.991924838999989733e-01 1.254930703208914124e-02
1.500000000000000000e+00 8.041352922200002418e-01 1.236610952382467821e-02
1.510000000000000009e+00 8.110788655999995322e-01 1.201720495294683264e-02
1.520000000000000018e+00 8.152370618799997803e-01 1.189611877310363906e-02
1.530000000000000027e+00 8.191866573700001819e-01 1.173832258047247980e-02
1.540000000000000036e+00 8.243301560600001521e-01 1.151061493798292458e-02
1.550000000000000044e+00 8.284292363999996578e-01 1.138520832577343857e-02
1.560000000000000053e+00 8.315019444700003648e-01 1.130374481642355128e-02
1.570000000000000062e+00 8.357205611199997053e-01 1.106562849357981861e-02
1.580000000000000071e+00 8.398050738999995879e-01 1.088379137158413702e-02
1.590000000000000080e+00 8.430324618900001399e-01 1.079522849755539665e-02
1.600000000000000089e+00 8.468956515000005680e-01 1.055468014335244308e-02
1.610000000000000098e+00 8.499635822399975726e-01 1.050748135157180026e-02
1.620000000000000107e+00 8.527211825199997319e-01 1.048651118946532929e-02
1.629999999999999893e+00 8.555981526300008300e-01 1.042283439032036865e-02
1.639999999999999902e+00 8.590371671099998885e-01 1.040177872937216377e-02
1.649999999999999911e+00 8.626588210600005802e-01 1.016512059735000945e-02
1.659999999999999920e+00 8.655977139399997355e-01 1.006454580843640575e-02
1.669999999999999929e+00 8.680634903200008523e-01 9.993517901696646541e-03
1.679999999999999938e+00 8.709834104799991650e-01 9.803274042991048931e-03
1.689999999999999947e+00 8.733742436400001585e-01 9.702471168912435093e-03
1.699999999999999956e+00 8.759220600999996220e-01 9.555374080108222298e-03
1.709999999999999964e+00 8.783358124500002528e-01 9.379268257286363722e-03
1.719999999999999973e+00 8.811375978400010078e-01 9.212117910391066922e-03
1.729999999999999982e+00 8.838275254899994327e-01 9.079482822549689650e-03
1.739999999999999991e+00 8.858268169499997624e-01 9.068031426322394756e-03
1.750000000000000000e+00 8.883025388099996533e-01 8.877721680705172660e-03
1.760000000000000009e+00 8.907864761399995057e-01 8.678936856376176512e-03
1.770000000000000018e+00 8.923997406900003870e-01 8.705953204079937627e-03
1.780000000000000027e+00 8.942356027200001334e-01 8.667859663521028032e-03
1.790000000000000036e+00 8.964209792699987522e-01 8.437852939904675817e-03
1.800000000000000044e+00 8.988202961400003632e-01 8.312355131841045464e-03
1.810000000000000053e+00 9.003585526699998676e-01 8.289800310712224993e-03
1.820000000000000062e+00 9.022625737000005142e-01 8.212530240999512884e-03
1.830000000000000071e+00 9.037544330199993592e-01 8.099765909140356837e-03
1.840000000000000080e+00 9.050826917399983351e-01 8.143527073168002270e-03
1.850000000000000089e+00 9.068133515200006434e-01 7.945919499275313005e-03
1.860000000000000098e+00 9.082396321699996999e-01 7.934423193897730681e-03
1.870000000000000107e+00 9.099906088899996082e-01 7.775656705299698566e-03
1.879999999999999893e+00 9.113868419699994172e-01 7.721347231510228455e-03
1.889999999999999902e+00 9.127970571200005878e-01 7.623445470673682715e-03
1.899999999999999911e+00 9.139305961000010470e-01 7.583150755844105494e-03
1.909999999999999920e+00 9.153818581699995072e-01 7.503282694246510114e-03
1.919999999999999929e+00 9.164287681700004073e-01 7.495410356296317196e-03
1.929999999999999938e+00 9.177581233999999588e-01 7.325275064857731180e-03
1.939999999999999947e+00 9.195443143899989513e-01 7.166475344526153542e-03
1.949999999999999956e+00 9.207086634200001285e-01 7.079251865395920669e-03
1.959999999999999964e+00 9.217813924100014544e-01 7.025238895716639370e-03
1.969999999999999973e+00 9.230147148600005291e-01 6.902988445030278780e-03
1.979999999999999982e+00 9.241878703000016015e-01 6.842024356171733102e-03
1.989999999999999991e+00 9.252420328300003938e-01 6.821252244229115101e-03
2.000000000000000000e+00 9.264954443699995323e-01 6.712565252612852709e-03
2.009999999999999787e+00 9.275269754400012889e-01 6.650709982359366036e-03
2.020000000000000018e+00 9.285489224800019814e-01 6.610016321661272079e-03
2.029999999999999805e+00 9.295709611200007050e-01 6.577064731163789757e-03
2.040000000000000036e+00 9.306256481500011501e-01 6.516684939863582812e-03
2.049999999999999822e+00 9.313751951299997778e-01 6.558642035022784963e-03
2.060000000000000053e+00 9.322590061800012373e-01 6.532763846757586382e-03
2.069999999999999840e+00 9.328638838100004049e-01 6.640452819834294015e-03
2.080000000000000071e+00 9.339122975299987139e-01 6.520808723336383311e-03
2.089999999999999858e+00 9.347291659400004393e-01 6.510453781446400023e-03
2.100000000000000089e+00 9.356382450700005959e-01 6.418456539767860083e-03
2.109999999999999876e+00 9.362623844200000933e-01 6.451602502836458961e-03
2.120000000000000107e+00 9.369052712199993360e-01 6.488077251966415694e-03
2.129999999999999893e+00 9.374384523100000033e-01 6.594003902769892018e-03
2.140000000000000124e+00 9.383013757599998339e-01 6.447284196950922759e-03
2.149999999999999911e+00 9.389197853400006455e-01 6.474976359241712241e-03
2.160000000000000142e+00 9.395777528000006651e-01 6.446373239503992193e-03
2.169999999999999929e+00 9.401578312300009621e-01 6.461014914246322911e-03
2.180000000000000160e+00 9.408409607700007893e-01 6.394310625865485577e-03
2.189999999999999947e+00 9.414205872200002156e-01 6.497054802155344255e-03
2.200000000000000178e+00 9.428847396999995301e-01 6.177122882038468474e-03
2.209999999999999964e+00 9.437445348399993161e-01 5.990680568599487769e-03
2.220000000000000195e+00 9.444649925499994936e-01 5.901857294931845375e-03
2.229999999999999982e+00 9.449967210900002135e-01 5.914491124540459561e-03
2.240000000000000213e+00 9.457276115299998454e-01 5.794476922689553028e-03
2.250000000000000000e+00 9.463507363200004407e-01 5.729896608602043709e-03
2.259999999999999787e+00 9.470691992899992195e-01 5.600484233804476839e-03
2.270000000000000018e+00 9.475534644000014328e-01 5.617778278286021318e-03
2.279999999999999805e+00 9.482271397100010546e-01 5.503809041152403665e-03
2.290000000000000036e+00 9.488750870299994533e-01 5.416711809417014585e-03
2.299999999999999822e+00 9.494672220300004462e-01 5.339016969630880176e-03
2.310000000000000053e+00 9.499138031599985155e-01 5.368826213020899685e-03
2.319999999999999840e+00 9.505749725899987901e-01 5.239985186955028670e-03
2.330000000000000071e+00 9.514094263700002552e-01 4.984500671304446275e-03
2.339999999999999858e+00 9.523001335199994255e-01 4.774260940686540604e-03
2.350000000000000089e+00 9.527982054599998252e-01 4.753312508213029808e-03
2.359999999999999876e+00 9.532948414299994289e-01 4.707815171691714408e-03
2.370000000000000107e+00 9.537661179599997707e-01 4.667206448463996973e-03
2.379999999999999893e+00 9.542756361399991061e-01 4.622248906119978337e-03
2.390000000000000124e+00 9.547803781499988318e-01 4.574288328022639571e-03
2.399999999999999911e+00 9.552582626799993593e-01 4.533490642683722475e-03
2.410000000000000142e+00 9.557337434800003972e-01 4.490605693074549952e-03
2.419999999999999929e+00 9.561333247799985724e-01 4.506393905135772787e-03
2.430000000000000160e+00 9.565942307600002747e-01 4.455041617252182388e-03
2.439999999999999947e+00 9.570170507699999884e-01 4.432593429412629883e-03
2.450000000000000178e+00 9.574375752400000605e-01 4.406180629178061206e-03
2.459999999999999964e+00 9.578680078099994777e-01 4.367254952575378053e-03
2.470000000000000195e+00 9.582492664099994117e-01 4.362815357581473902e-03
2.479999999999999982e+00 9.586597544699999585e-01 4.328521454721234729e-03
2.490000000000000213e+00 9.590332523799990350e-01 4.317143008297512699e-03
2.500000000000000000e+00 9.594534797600009490e-01 4.268750133515762657e-03
2.509999999999999787e+00 9.598360338099991562e-01 4.250697170620322887e-03
2.520000000000000018e+00 9.602373489100004544e-01 4.223688088498690762e-03
2.529999999999999805e+00 9.606378498399992250e-01 4.208184385234537209e-03
2.540000000000000036e+00 9.609724204600001984e-01 4.211443628846233377e-03
2.549999999999999822e+00 9.613717803900003744e-01 4.155123607952453287e-03
2.560000000000000053e+00 9.616924459799998104e-01 4.154229272969572895e-03
2.569999999999999840e+00 9.620308540800002195e-01 4.134591298235542126e-03
2.580000000000000071e+00 9.623607435100006713e-01 4.118119019884874943e-03
2.589999999999999858e+00 9.626938418299991751e-01 4.096708089141941345e-03
2.600000000000000089e+00 9.629813969500016224e-01 4.107056588922898717e-03
2.609999999999999876e+00 9.632916388499993543e-01 4.094243003181356234e-03
2.620000000000000107e+00 9.636430098499996211e-01 4.041748921189698696e-03
2.629999999999999893e+00 9.640373061299999380e-01 3.953906129858722820e-03
2.640000000000000124e+00 9.644780375500008329e-01 3.831003313667690705e-03
2.649999999999999911e+00 9.648457992700004704e-01 3.764809820164641968e-03
2.660000000000000142e+00 9.652017770899995464e-01 3.701449580065996423e-03
2.669999999999999929e+00 9.655297867800001210e-01 3.659640081417522926e-03
2.680000000000000160e+00 9.658784135200000343e-01 3.589786711938100679e-03
2.689999999999999947e+00 9.661861895700004643e-01 3.556949959521980755e-03
2.700000000000000178e+00 9.664846838299988585e-01 3.528741652891408641e-03
2.709999999999999964e+00 9.667784541899996364e-01 3.500674697283649717e-03
2.720000000000000195e+00 9.670964540100002171e-01 3.441762090873115576e-03
2.729999999999999982e+00 9.673769404500003333e-01 3.418502319372218688e-03
2.740000000000000213e+00 9.676523835000001572e-01 3.396386802783898755e-03
2.750000000000000000e+00 9.679323478600000419e-01 3.365131505702483299e-03
2.759999999999999787e+00 9.682047440500002322e-01 3.338019897832105332e-03
2.770000000000000018e+00 9.684471647700007013e-01 3.339855845713219154e-03
2.779999999999999805e+00 9.687039715600004319e-01 3.322106522122479384e-03
2.790000000000000036e+00 9.689895079899996100e-01 3.268756225768278036e-03
2.799999999999999822e+00 9.692249870899998232e-01 3.267153571114425788e-03
2.810000000000000053e+00 9.695488680199992881e-01 3.163735436102669153e-03
2.819999999999999840e+00 9.695605749899998127e-01 3.407959593920723701e-03
2.830000000000000071e+00 9.698601881299991900e-01 3.322798537881758735e-03
2.839999999999999858e+00 9.701453695499990815e-01 3.250771165460230542e-03
2.850000000000000089e+00 9.702847821700000264e-01 3.342934186588875090e-03
2.859999999999999876e+00 9.705026536499986589e-01 3.341702638192429239e-03
2.870000000000000107e+00 9.707958451399986144e-01 3.249403046617381063e-03
2.879999999999999893e+00 9.711069197999996350e-01 3.133634903134392517e-03
2.890000000000000124e+00 9.714327256600003846e-01 2.999128133127027841e-03
2.899999999999999911e+00 9.717145683900006992e-01 2.912144806319452370e-03
2.910000000000000142e+00 9.719837929100000329e-01 2.836861187440976352e-03
2.919999999999999929e+00 9.723052166000005769e-01 2.702229102494455200e-03
2.930000000000000160e+00 9.725183222299992325e-01 2.683202026755850556e-03
2.939999999999999947e+00 9.728371619999991449e-01 2.548527613781309282e-03
2.950000000000000178e+00 9.730943371799997132e-01 2.477995952277242068e-03
2.959999999999999964e+00 9.736051195599993990e-01 2.160380269859121100e-03
2.970000000000000195e+00 9.738636584400003349e-01 2.091297887184219960e-03
2.979999999999999982e+00 9.740954128899993458e-01 2.044899476278775729e-03
2.990000000000000213e+00 9.743158342000003413e-01 2.006802245387353037e-03
3.000000000000000000e+00 9.745288371900006075e-01 1.973399336837990473e-03
3.009999999999999787e+00 9.747361634899990301e-01 1.943164769039859834e-03
3.020000000000000018e+00 9.749388129699999572e-01 1.915245845984294435e-03
