4.600000000000000200e-01 1.054358725439999422e-01 7.429336239499152641e-04
4.699999999999999734e-01 1.072223898339999676e-01 7.778825293590415496e-04
4.799999999999999822e-01 1.085121104519999047e-01 8.195251792915328850e-04
4.899999999999999911e-01 1.100197199620000649e-01 8.069315908115618809e-04
5.000000000000000000e-01 1.105239454950000116e-01 7.556034380295027341e-04
5.100000000000000089e-01 1.126171073400000500e-01 7.941150997393935790e-04
5.200000000000000178e-01 1.135390412900000173e-01 8.942310353242164224e-04
5.300000000000000266e-01 1.151133373460001136e-01 8.623802722966525044e-04
5.400000000000000355e-01 1.159995933489998549e-01 8.903293419329684098e-04
5.500000000000000444e-01 1.178995850420000435e-01 1.009676201350019707e-03
5.600000000000000533e-01 1.193923535300000643e-01 8.830868818244555192e-04
5.699999999999999512e-01 1.204109403000001577e-01 9.812725119493135011e-04
5.799999999999999600e-01 1.221931716899998244e-01 1.047401404689072288e-03
5.899999999999999689e-01 1.239495195599999711e-01 9.980938747818299001e-04
5.999999999999999778e-01 1.255393643699999062e-01 1.020082211301127700e-03
6.099999999999999867e-01 1.274135815399999039e-01 1.135291651388939610e-03
6.199999999999999956e-01 1.289357539500001204e-01 1.164414931340495944e-03
6.300000000000000044e-01 1.310019955999999763e-01 1.276423289986141924e-03
6.400000000000000133e-01 1.323812737799999473e-01 1.264793047212353768e-03
6.500000000000000222e-01 1.344510931400000053e-01 1.362964300561367607e-03
6.600000000000000311e-01 1.361053535100000267e-01 1.392498384125157940e-03
6.700000000000000400e-01 1.379692153899999829e-01 1.411848798636191954e-03
6.800000000000000488e-01 1.395815500299999179e-01 1.334227881661414344e-03
6.899999999999999467e-01 1.403685042200000788e-01 1.516152004421716677e-03
6.999999999999999556e-01 1.436328621400000671e-01 1.508164778721617994e-03
7.099999999999999645e-01 1.445938494400000607e-01 1.438730597966723273e-03
7.199999999999999734e-01 1.473263159299998126e-01 1.638535506992974721e-03
7.299999999999999822e-01 1.489937937799998557e-01 1.663446901018757716e-03
7.399999999999999911e-01 1.494570768599998156e-01 1.577011750985500040e-03
7.500000000000000000e-01 1.531634473700003440e-01 1.672009872300213957e-03
7.600000000000000089e-01 1.547166640200000054e-01 1.735300582179364996e-03
7.700000000000000178e-01 1.568718265099998399e-01 1.696879621282347712e-03
7.800000000000000266e-01 1.594143974999999713e-01 1.955761570851152677e-03
7.900000000000000355e-01 1.611939781199999977e-01 1.974038148853124713e-03
8.000000000000000444e-01 1.625866764499999673e-01 1.975096482093645356e-03
8.100000000000000533e-01 1.658161597700000545e-01 2.272335340567329439e-03
8.199999999999999512e-01 1.681188779999999716e-01 2.243511167559411341e-03
8.299999999999999600e-01 1.696629514900001856e-01 2.359514504080507426e-03
8.399999999999999689e-01 1.727484344800000182e-01 2.317881101010689764e-03
8.499999999999999778e-01 1.738616480000001741e-01 2.358244163475191509e-03
8.599999999999999867e-01 1.760939124800000866e-01 2.496875232973814682e-03
8.699999999999999956e-01 1.788003718400001385e-01 2.389255534492783651e-03
8.800000000000000044e-01 1.815600710300000475e-01 2.598116949330078664e-03
8.900000000000000133e-01 1.836764449999997995e-01 2.530612368683477203e-03
9.000000000000000222e-01 1.858388450100000033e-01 2.667049284634613084e-03
9.100000000000000311e-01 1.906170590899997352e-01 2.666570535344432030e-03
9.200000000000000400e-01 1.933830107799997811e-01 2.830472100339656398e-03
9.300000000000000488e-01 1.936698224900000320e-01 2.765978683305837793e-03
9.399999999999999467e-01 1.994739860900001660e-01 3.018262675059743636e-03
9.499999999999999556e-01 2.014577763600000626e-01 3.083123026295022263e-03
9.599999999999999645e-01 2.044901964399997440e-01 3.083231852899079566e-03
9.699999999999999734e-01 2.088727383299997242e-01 3.368867099481086345e-03
9.799999999999999822e-01 2.108838240099996653e-01 3.356757003540590707e-03
9.899999999999999911e-01 2.148274059600001062e-01 3.627529628583822576e-03
1.000000000000000000e+00 2.179900618299999704e-01 3.496993653497069282e-03
1.010000000000000009e+00 2.209079392899995498e-01 3.703121105746187604e-03
1.020000000000000018e+00 2.252979066500002958e-01 3.912380318600999773e-03
1.030000000000000027e+00 2.272789211900003437e-01 3.991789227258014418e-03
1.040000000000000036e+00 2.325231066000001123e-01 4.295778337331827498e-03
1.050000000000000044e+00 2.349248789299997753e-01 4.384743862905920303e-03
1.060000000000000053e+00 2.399305730399998171e-01 4.408473246021823132e-03
1.070000000000000062e+00 2.424626486999997832e-01 4.691074904239747254e-03
1.080000000000000071e+00 2.475644076600002630e-01 4.851737575906229887e-03
1.090000000000000080e+00 2.494136613199997576e-01 4.869642770784408069e-03
1.100000000000000089e+00 2.543464932800000300e-01 5.077612647330956644e-03
1.110000000000000098e+00 2.623684490200000052e-01 5.310463295125761145e-03
1.120000000000000107e+00 2.679467452599998967e-01 5.481215660555200167e-03
1.129999999999999893e+00 2.705887274699999567e-01 5.770495283157662733e-03
1.139999999999999902e+00 2.764842963599999925e-01 5.873672954743325986e-03
1.149999999999999911e+00 2.822599427499999925e-01 6.100967872947157811e-03
1.159999999999999920e+00 2.860219371199997918e-01 6.351781019412456805e-03
1.169999999999999929e+00 2.930577202400000414e-01 6.785367415738403386e-03
1.179999999999999938e+00 2.976563549599998137e-01 7.066839423569474740e-03
1.189999999999999947e+00 3.061013378599996004e-01 7.521751573863377956e-03
1.199999999999999956e+00 3.094290844199997781e-01 7.507562275494065671e-03
1.209999999999999964e+00 3.170266492700005156e-01 8.348312913729959844e-03
1.219999999999999973e+00 3.245743763799999737e-01 8.465255715057207545e-03
1.229999999999999982e+00 3.322870889300000297e-01 8.818328854072599379e-03
1.239999999999999991e+00 3.386317077199998415e-01 9.281944367822160188e-03
1.250000000000000000e+00 3.467664680800002786e-01 9.353315623392468789e-03
1.260000000000000009e+00 3.536892219100001844e-01 9.801961861821825370e-03
1.270000000000000018e+00 3.595353086799998321e-01 1.012607105608470150e-02
1.280000000000000027e+00 3.698158484000003687e-01 1.023329727673414832e-02
1.290000000000000036e+00 3.749376165399995742e-01 1.061777234048810747e-02
1.300000000000000044e+00 3.827471505399999696e-01 1.131688119417417586e-02
1.310000000000000053e+00 3.929676206799999072e-01 1.175423343575800715e-02
1.320000000000000062e+00 4.004108965299995604e-01 1.200987794108873165e-02
1.330000000000000071e+00 4.083999532799998389e-01 1.231809089858080727e-02
1.340000000000000080e+00 4.154524046999998332e-01 1.267870986754606952e-02
1.350000000000000089e+00 4.244143296599997561e-01 1.273907737321065478e-02
1.360000000000000098e+00 4.318208572599999684e-01 1.278598107643201184e-02
1.370000000000000107e+00 4.386329870399999775e-01 1.333496417405765841e-02
1.379999999999999893e+00 4.481570351900003857e-01 1.364192742404550518e-02
1.389999999999999902e+00 4.570733739599994738e-01 1.378314253562423763e-02
1.399999999999999911e+00 4.668900746200007612e-01 1.407507261080533437e-02
1.409999999999999920e+00 4.753488232499993860e-01 1.412769974392143538e-02
1.419999999999999929e+00 4.806538195500002497e-01 1.434641217528352143e-02
1.429999999999999938e+00 4.885700387899999941e-01 1.431759459710463776e-02
1.439999999999999947e+00 4.959956322400000395e-01 1.468820529916052033e-02
1.449999999999999956e+00 5.058334044599995805e-01 1.473029057280883861e-02
1.459999999999999964e+00 5.131030694499995048e-01 1.463671327879375803e-02
1.469999999999999973e+00 5.216599603599995083e-01 1.489970013973016850e-02
1.479999999999999982e+00 5.287261777599997492e-01 1.495694163652233621e-02
1.489999999999999991e+00 5.354259471000000215e-01 1.497105255889441544e-02
1.500000000000000000e+00 5.426324385199994271e-01 1.511728939765762982e-02
1.510000000000000009e+00 5.497661164900009556e-01 1.543396696939667613e-02
1.520000000000000018e+00 5.604779517800001498e-01 1.538941338003077704e-02
1.530000000000000027e+00 5.690126417400008796e-01 1.551421189618751480e-02
1.540000000000000036e+00 5.798606072899995523e-01 1.540023630282790455e-02
1.550000000000000044e+00 5.863334990200000929e-01 1.549809440444952814e-02
1.560000000000000053e+00 5.941323755100004211e-01 1.549096521863774223e-02
1.570000000000000062e+00 6.009057015200006679e-01 1.557339208123866871e-02
1.580000000000000071e+00 6.081227541399997216e-01 1.551832184690880856e-02
1.590000000000000080e+00 6.157592875999992055e-01 1.535189532377091194e-02
1.600000000000000089e+00 6.206465551800004476e-01 1.549975626668223527e-02
1.610000000000000098e+00 6.276091016100002751e-01 1.549464241364110519e-02
1.620000000000000107e+00 6.341077640500002444e-01 1.539980786478333322e-02
1.629999999999999893e+00 6.416341867000000532e-01 1.535302896888530826e-02
1.639999999999999902e+00 6.471407459000008133e-01 1.532170682587466644e-02
1.649999999999999911e+00 6.546355964999995836e-01 1.516930183505017446e-02
1.659999999999999920e+00 6.595227796699992817e-01 1.520816545713194433e-02
1.669999999999999929e+00 6.652965650100003403e-01 1.508430143655175616e-02
1.679999999999999938e+00 6.728116801499997024e-01 1.500957212667662806e-02
1.689999999999999947e+00 6.808283371700006859e-01 1.492308646207734027e-02
1.699999999999999956e+00 6.853590905699998848e-01 1.482650125709798414e-02
1.709999999999999964e+00 6.916454769100002231e-01 1.481042283127615919e-02
1.719999999999999973e+00 6.975151738199986129e-01 1.460869420897687940e-02
1.729999999999999982e+00 7.031766951600004756e-01 1.461540853579782265e-02
1.739999999999999991e+00 7.100479313800005521e-01 1.458287336444321659e-02
1.750000000000000000e+00 7.159174807400008334e-01 1.455553198898436838e-02
1.760000000000000009e+00 7.228715285999989248e-01 1.427640954146139340e-02
1.770000000000000018e+00 7.261302924400009351e-01 1.448842684094434931e-02
1.780000000000000027e+00 7.344119179099999339e-01 1.419360696965716456e-02
1.790000000000000036e+00 7.393370060799993038e-01 1.412984367610799728e-02
1.800000000000000044e+00 7.434578175900015129e-01 1.401836409208003648e-02
1.810000000000000053e+00 7.506941198399992299e-01 1.374489858550666938e-02
1.820000000000000062e+00 7.560403990900002036e-01 1.357828934248501117e-02
1.830000000000000071e+00 7.601375188999998089e-01 1.337527269903468138e-02
1.840000000000000080e+00 7.643649771000002868e-01 1.346254824489260399e-02
1.850000000000000089e+00 7.695899643600002671e-01 1.317707220993741615e-02
1.860000000000000098e+00 7.746323839100009989e-01 1.302708282276015921e-02
1.870000000000000107e+00 7.787960645600006115e-01 1.282257437948165421e-02
1.879999999999999893e+00 7.843786118600001300e-01 1.276251644238333288e-02
1.889999999999999902e+00 7.893282700599996149e-01 1.230290158339993230e-02
1.899999999999999911e+00 7.951501109399987666e-01 1.193848388301155944e-02
1.909999999999999920e+00 7.998895654999997884e-01 1.164861889122949072e-02
1.919999999999999929e+00 8.040868840900007308e-01 1.146075285009186782e-02
1.929999999999999938e+00 8.073122566000009437e-01 1.131023588229547114e-02
1.939999999999999947e+00 8.113480464600010267e-01 1.123151944284825690e-02
1.949999999999999956e+00 8.162108969499993760e-01 1.081359844765088056e-02
1.959999999999999964e+00 8.195033681799994696e-01 1.067934638523958604e-02
1.969999999999999973e+00 8.232710575300002942e-01 1.054854612154497440e-02
1.979999999999999982e+00 8.259738693099998308e-01 1.050109441599949255e-02
1.989999999999999991e+00 8.298148259199998877e-01 1.033297692066720980e-02
2.000000000000000000e+00 8.341602635900003948e-01 1.001699234374047419e-02
2.009999999999999787e+00 8.379874613199986833e-01 9.739973666635955499e-03
2.020000000000000018e+00 8.411796674300000554e-01 9.577089818705707830e-03
2.029999999999999805e+00 8.451250413500007719e-01 9.290831936015649800e-03
2.040000000000000036e+00 8.482777589899986870e-01 9.160361877243670611e-03
2.049999999999999822e+00 8.510785457400004139e-01 9.022461125825711678e-03
2.060000000000000053e+00 8.535588400399993780e-01 8.940984277660990465e-03
2.069999999999999840e+00 8.569703437399998069e-01 8.586989318084405770e-03
2.080000000000000071e+00 8.597321869700000896e-01 8.492596641068153249e-03
2.089999999999999858e+00 8.622574479400004765e-01 8.386964776394950291e-03
2.100000000000000089e+00 8.641155790100010226e-01 8.383478705176859377e-03
2.109999999999999876e+00 8.669693871000000440e-01 8.068868613188649036e-03
2.120000000000000107e+00 8.696583908200006263e-01 7.878133924755939196e-03
2.129999999999999893e+00 8.721880956100012128e-01 7.745404755713714701e-03
2.140000000000000124e+00 8.747620058999991954e-01 7.535172071603761686e-03
2.149999999999999911e+00 8.768161339100009055e-01 7.504326499192117729e-03
2.160000000000000142e+00 8.790505955800003157e-01 7.330243010462043733e-03
2.169999999999999929e+00 8.814261959399999347e-01 7.082183809423167956e-03
2.180000000000000160e+00 8.837128485000000921e-01 6.964033711767273274e-03
2.189999999999999947e+00 8.861247502699995948e-01 6.717312552754922152e-03
2.200000000000000178e+00 8.885710009500008555e-01 6.492065038131047787e-03
2.209999999999999964e+00 8.912965803899987050e-01 6.254044842516110099e-03
2.220000000000000195e+00 8.932261590799990270e-01 6.147686261097508494e-03
2.229999999999999982e+00 8.953126147299992343e-01 5.944613198864020370e-03
2.240000000000000213e+00 8.970633154199993964e-01 5.795740964551481834e-03
2.250000000000000000e+00 8.985901419599997553e-01 5.692990102199426208e-03
2.259999999999999787e+00 9.001271997499986632e-01 5.608806898302313645e-03
2.270000000000000018e+00 9.018262531200008647e-01 5.428734727362514133e-03
2.279999999999999805e+00 9.035104889099986325e-01 5.260297987688500147e-03
2.290000000000000036e+00 9.049859614499994320e-01 5.158064947686689071e-03
2.299999999999999822e+00 9.063398665400010934e-01 5.069804811971761332e-03
2.310000000000000053e+00 9.077781909499992308e-01 4.939846866941049672e-03
2.319999999999999840e+00 9.090561795699996228e-01 4.879954111824271780e-03
2.330000000000000071e+00 9.101812356599995324e-01 4.865518412082506239e-03
2.339999999999999858e+00 9.115559360999997418e-01 4.724012753564254055e-03
2.350000000000000089e+00 9.127835945299994647e-01 4.655915436757099291e-03
2.359999999999999876e+00 9.141882028099999058e-01 4.524198537827604609e-03
2.370000000000000107e+00 9.155934745499985095e-01 4.426443935228594612e-03
2.379999999999999893e+00 9.169757381199997726e-01 4.291595505706512735e-03
2.390000000000000124e+00 9.183240615900004622e-01 4.121183596405394306e-03
2.399999999999999911e+00 9.199509165699986113e-01 3.916819183440462676e-03
2.410000000000000142e+00 9.210877405999995382e-01 3.831302428324428414e-03
2.419999999999999929e+00 9.221618989300008895e-01 3.766659432197466077e-03
2.430000000000000160e+00 9.231460123599999346e-01 3.710300585708682652e-03
2.439999999999999947e+00 9.241945992100006890e-01 3.646021186904785209e-03
2.450000000000000178e+00 9.253762712799999957e-01 3.461989747579958393e-03
2.459999999999999964e+00 9.266700442000003202e-01 3.244984900350200013e-03
2.470000000000000195e+00 9.275701486000007545e-01 3.189957062331516460e-03
2.479999999999999982e+00 9.284685286599989595e-01 3.140267185364316316e-03
2.490000000000000213e+00 9.294322938400009226e-01 3.076297181877238936e-03
2.500000000000000000e+00 9.303324323499997384e-01 3.028977994016076886e-03
2.509999999999999787e+00 9.311685689799983345e-01 2.990479437527872753e-03
2.520000000000000018e+00 9.320418263400003234e-01 2.944845846097998276e-03
2.529999999999999805e+00 9.328401056599995300e-01 2.909413210717674229e-03
2.540000000000000036e+00 9.336704693999989813e-01 2.864648230704884471e-03
2.549999999999999822e+00 9.344301761399995687e-01 2.841503121285257876e-03
2.560000000000000053e+00 9.351597688700002964e-01 2.803132724311284841e-03
2.569999999999999840e+00 9.358063013700007593e-01 2.800994587056374659e-03
2.580000000000000071e+00 9.364642773099997042e-01 2.774990959541092598e-03
2.589999999999999858e+00 9.371655138800000229e-01 2.751880017434398494e-03
2.600000000000000089e+00 9.378405589800001829e-01 2.713103173917940942e-03
2.609999999999999876e+00 9.384442360500001579e-01 2.685897102344024338e-03
2.620000000000000107e+00 9.390821170500003312e-01 2.659887492242320791e-03
2.629999999999999893e+00 9.397635565800011026e-01 2.628927808985010144e-03
2.640000000000000124e+00 9.403967424800002695e-01 2.596884515001705168e-03
2.649999999999999911e+00 9.409794436700008591e-01 2.572389946917345328e-03
2.660000000000000142e+00 9.415482409799992292e-01 2.550662983255110559e-03
2.669999999999999929e+00 9.420853881699999821e-01 2.530065834540866712e-03
2.680000000000000160e+00 9.427433650099986684e-01 2.462478371813715816e-03
2.689999999999999947e+00 9.433507311999994593e-01 2.416448472178561301e-03
2.700000000000000178e+00 9.439645110100007841e-01 2.363173403703518628e-03
2.709999999999999964e+00 9.446761402099990157e-01 2.307596056994649751e-03
2.720000000000000195e+00 9.452506399200008014e-01 2.270650834253380712e-03
2.729999999999999982e+00 9.457953436999994024e-01 2.240612015328187403e-03
2.740000000000000213e+00 9.463193327399992416e-01 2.213709857758612738e-03
2.750000000000000000e+00 9.468149647400007085e-01 2.189048987356064391e-03
2.759999999999999787e+00 9.473240590200006084e-01 2.164376213637249358e-03
2.770000000000000018e+00 9.478820257799994708e-01 2.130798128948071125e-03
2.779999999999999805e+00 9.483871130199995614e-01 2.105409818704349467e-03
2.790000000000000036e+00 9.489093649500005556e-01 2.075519960712706932e-03
2.799999999999999822e+00 9.494280574699994757e-01 2.046927803348296774e-03
2.810000000000000053e+00 9.499121397199994377e-01 2.022016185922825490e-03
2.819999999999999840e+00 9.503728074199995213e-01 2.001001130045587228e-03
2.830000000000000071e+00 9.508411562399999850e-01 1.976011177068985516e-03
2.839999999999999858e+00 9.513093677199996323e-01 1.948948543237776854e-03
2.850000000000000089e+00 9.517514811200000757e-01 1.927971714845710949e-03
2.859999999999999876e+00 9.521971452899996580e-01 1.902861321285910902e-03
2.870000000000000107e+00 9.526275833199997489e-01 1.882131389918036656e-03
2.879999999999999893e+00 9.530640891100005119e-01 1.858537350931927130e-03
