1.310000000000000053e+00 3.092379422649998294e-02 1.799879761047966506e-04
1.320000000000000062e+00 3.177702936049997540e-02 1.834007709333596167e-04
1.330000000000000071e+00 3.242050408500005143e-02 1.845255760786567551e-04
1.340000000000000080e+00 3.298842979950002835e-02 1.817478749675538203e-04
1.350000000000000089e+00 3.377161372899999126e-02 2.047365330404542097e-04
1.360000000000000098e+00 3.468894086000003790e-02 2.036910974960810718e-04
1.370000000000000107e+00 3.511287100549997237e-02 2.306781223158760178e-04
1.379999999999999893e+00 3.618534495250003147e-02 2.436341362314101372e-04
1.389999999999999902e+00 3.687612600300005372e-02 2.550274063589169572e-04
1.399999999999999911e+00 3.808554739650001769e-02 2.642248191610849077e-04
1.409999999999999920e+00 3.842273861549998226e-02 2.589363822960080849e-04
1.419999999999999929e+00 3.985788528099993427e-02 3.034084237368688008e-04
1.429999999999999938e+00 4.055109657450002569e-02 2.950651685065690580e-04
1.439999999999999947e+00 4.152982195550004169e-02 3.317446346783564474e-04
1.449999999999999956e+00 4.304343518800005097e-02 3.031142545509245539e-04
1.459999999999999964e+00 4.378692484049999389e-02 3.368234069986593133e-04
1.469999999999999973e+00 4.561815453850007196e-02 3.664799596475116963e-04
1.479999999999999982e+00 4.698662897699994873e-02 3.892741190819418444e-04
1.489999999999999991e+00 4.856959547050002102e-02 4.487919184065562424e-04
1.500000000000000000e+00 5.056873422550010183e-02 5.759273190954267889e-04
1.510000000000000009e+00 5.161038441850002156e-02 4.898382970515964639e-04
1.520000000000000018e+00 5.352860240999993136e-02 4.769254194936695156e-04
1.530000000000000027e+00 5.530451633050002119e-02 7.451613340222238780e-04
1.540000000000000036e+00 5.881812480849994695e-02 8.480896893029067499e-04
1.550000000000000044e+00 6.049563369599993135e-02 9.395909852636306859e-04
1.560000000000000053e+00 6.497288040950009724e-02 1.099911588404795448e-03
1.570000000000000062e+00 6.838274118600004559e-02 1.411585869464577299e-03
1.580000000000000071e+00 7.160109729100005982e-02 1.585551947466588840e-03
1.590000000000000080e+00 7.772709091550009108e-02 2.070276199979863632e-03
1.600000000000000089e+00 8.424670731649998301e-02 2.260187990064710644e-03
1.610000000000000098e+00 9.541733291799989192e-02 3.451658885985943708e-03
1.620000000000000107e+00 1.064314635270001558e-01 4.295701146014871061e-03
1.629999999999999893e+00 1.227445927385000801e-01 5.707081182900806612e-03
1.639999999999999902e+00 1.432477876840000663e-01 6.565590966747650303e-03
1.649999999999999911e+00 1.691226238705001161e-01 8.289945539971354041e-03
1.659999999999999920e+00 2.134303532860001296e-01 9.961872697090572853e-03
1.669999999999999929e+00 2.566788184854996713e-01 1.136666966961642072e-02
1.679999999999999938e+00 3.095608796069996282e-01 1.209552952266088922e-02
1.689999999999999947e+00 3.577245451389998721e-01 1.228666462208680490e-02
1.699999999999999956e+00 4.133983362074995505e-01 1.221424701974764028e-02
1.709999999999999964e+00 4.619358373895004477e-01 1.143836778579565214e-02
1.719999999999999973e+00 5.000112730570003272e-01 1.027323134178683567e-02
1.729999999999999982e+00 5.410481265555001640e-01 8.849872890023690111e-03
1.739999999999999991e+00 5.759735952525001368e-01 7.573205175161637319e-03
1.750000000000000000e+00 5.990626063270000357e-01 6.661741130168746979e-03
1.760000000000000009e+00 6.243658494970011352e-01 5.398266384312726263e-03
1.770000000000000018e+00 6.446878559349996651e-01 3.879398476459451801e-03
1.780000000000000027e+00 6.608538049550004567e-01 3.239216753543616451e-03
1.790000000000000036e+00 6.746448223900006758e-01 3.000754998873058927e-03
1.800000000000000044e+00 6.864925771499986729e-01 2.888166972951044988e-03
1.810000000000000053e+00 6.987546869950006512e-01 1.831094724004120019e-03
1.820000000000000062e+00 7.088382105750002937e-01 1.669596102851426782e-03
1.830000000000000071e+00 7.180866978300012304e-01 1.579520925087085333e-03
1.840000000000000080e+00 7.267038072149993866e-01 1.506146572961003603e-03
1.850000000000000089e+00 7.349785262149991505e-01 1.417282570139974038e-03
