5.999999999999999778e-02 3.394299309399999298e-02 8.835760140022562079e-05
7.000000000000000666e-02 3.440550990599999803e-02 9.219926511223304553e-05
8.000000000000000167e-02 3.497886183799998189e-02 9.609496336136595911e-05
8.999999999999999667e-02 3.544906144150000021e-02 9.313663663186571163e-05
1.000000000000000056e-01 3.593768666500001679e-02 9.738537354615359393e-05
1.100000000000000006e-01 3.650323528699999515e-02 9.888088539450154587e-05
1.199999999999999956e-01 3.682702859650006932e-02 1.004724436616170435e-04
1.300000000000000044e-01 3.727418856749995651e-02 1.057797282345304766e-04
1.400000000000000133e-01 3.775113124299998846e-02 1.136327324034864768e-04
1.499999999999999944e-01 3.824493992650002810e-02 1.095018099413633885e-04
1.600000000000000033e-01 3.873898041200003750e-02 1.005982046072648889e-04
1.700000000000000122e-01 3.920979531499995535e-02 1.136016801365065344e-04
1.799999999999999933e-01 3.984265519650002918e-02 1.062149170257243821e-04
1.900000000000000022e-01 4.053751432349997352e-02 1.168153184787498679e-04
2.000000000000000111e-01 4.092211472250003451e-02 1.114368480896260144e-04
2.099999999999999922e-01 4.142473467200007142e-02 1.124839441557263798e-04
2.200000000000000011e-01 4.204079815550003374e-02 1.204366640629503095e-04
2.300000000000000100e-01 4.250399910650000390e-02 1.325000615782379466e-04
2.399999999999999911e-01 4.292567717449997933e-02 1.310911881216205311e-04
2.500000000000000000e-01 4.341117675550000554e-02 1.239272722187495979e-04
2.600000000000000089e-01 4.417127126800000220e-02 1.359421579992933706e-04
2.700000000000000178e-01 4.477081294149998919e-02 1.286610242029894325e-04
2.800000000000000266e-01 4.540829559249988379e-02 1.374679214273428769e-04
2.899999999999999800e-01 4.596959101149996479e-02 1.364152396178714170e-04
2.999999999999999889e-01 4.640859018000008385e-02 1.333979717927114028e-04
3.099999999999999978e-01 4.704159209350009668e-02 1.312087468368234580e-04
3.200000000000000067e-01 4.751268378600000813e-02 1.471047171361360443e-04
3.300000000000000155e-01 4.799382915050009329e-02 1.355551487672347632e-04
3.400000000000000244e-01 4.871090341650002875e-02 1.385600587267869712e-04
3.499999999999999778e-01 4.921230432500001833e-02 1.400802022191866816e-04
3.599999999999999867e-01 4.984360939350002129e-02 1.549772770345844177e-04
3.699999999999999956e-01 5.051490421099997380e-02 1.579179779620516581e-04
3.800000000000000044e-01 5.112887975549997716e-02 1.695771573788015796e-04
3.900000000000000133e-01 5.175770325000000199e-02 1.686200685722803901e-04
4.000000000000000222e-01 5.236608959449997464e-02 1.718090119167307937e-04
4.099999999999999756e-01 5.298397071649996876e-02 1.741707878873309740e-04
4.199999999999999845e-01 5.373857111299995548e-02 1.737476446187092975e-04
4.299999999999999933e-01 5.443028229100001225e-02 1.835332935362985320e-04
4.400000000000000022e-01 5.526756148699996790e-02 1.831838343118868679e-04
4.500000000000000111e-01 5.586297959249997974e-02 1.769336570794237981e-04
4.600000000000000200e-01 5.635819156499999316e-02 2.005499496816028147e-04
4.699999999999999734e-01 5.719131388349995432e-02 1.762975722675382982e-04
4.799999999999999822e-01 5.760584015299997224e-02 1.912011041739695820e-04
4.899999999999999911e-01 5.856015985499998799e-02 1.900247899015639801e-04
5.000000000000000000e-01 5.908122353650007569e-02 1.923183506972251365e-04
5.100000000000000089e-01 5.988310946200004620e-02 2.110217416613294759e-04
5.200000000000000178e-01 6.077072610600002533e-02 1.993619213392461113e-04
5.300000000000000266e-01 6.128736558299999887e-02 2.061498004911879918e-04
5.400000000000000355e-01 6.205917024250003772e-02 2.052135534581849777e-04
5.500000000000000444e-01 6.292044170100004330e-02 2.147045635063715252e-04
5.600000000000000533e-01 6.345732357500005749e-02 2.237486314700000553e-04
5.699999999999999512e-01 6.444549328700002744e-02 2.247180277445016820e-04
5.799999999999999600e-01 6.533338501150004474e-02 2.318356665777906642e-04
5.899999999999999689e-01 6.580238678000008279e-02 2.419383300188844533e-04
5.999999999999999778e-01 6.678530685200002870e-02 2.286137462810711076e-04
6.099999999999999867e-01 6.757999419700003174e-02 2.439984567926288864e-04
6.199999999999999956e-01 6.842451015550007898e-02 2.545251461919852414e-04
6.300000000000000044e-01 6.940207469899996318e-02 2.587635448136675034e-04
6.400000000000000133e-01 7.041032408499993400e-02 2.511489525177348003e-04
6.500000000000000222e-01 7.130787747800006182e-02 2.623830392015321961e-04
6.600000000000000311e-01 7.203052794750011700e-02 2.684142604244478710e-04
6.700000000000000400e-01 7.293415759100005391e-02 2.606908283465367618e-04
6.800000000000000488e-01 7.375381254299993861e-02 2.784152022884574251e-04
6.899999999999999467e-01 7.493059868249984934e-02 2.661684429975241925e-04
6.999999999999999556e-01 7.553723628099989762e-02 2.893671269474469218e-04
7.099999999999999645e-01 7.679304730049986427e-02 2.788830968348031489e-04
7.199999999999999734e-01 7.768364970249998225e-02 3.068613221208533895e-04
7.299999999999999822e-01 7.873429070500002902e-02 3.275028647445299662e-04
7.399999999999999911e-01 7.975619589800013454e-02 3.309051667735206023e-04
7.500000000000000000e-01 8.048651645549990963e-02 3.144060080530091447e-04
7.600000000000000089e-01 8.151472134699996874e-02 3.533116232275569971e-04
7.700000000000000178e-01 8.277456940999985968e-02 3.516979239650389641e-04
7.800000000000000266e-01 8.362057606000003473e-02 3.442084902996874959e-04
7.900000000000000355e-01 8.498173989300007725e-02 3.457488665933396740e-04
8.000000000000000444e-01 8.615430011850010172e-02 3.820687908095858946e-04
8.100000000000000533e-01 8.723129471600001017e-02 3.855483968640987559e-04
8.199999999999999512e-01 8.864769832249992654e-02 3.842849025844381067e-04
8.299999999999999600e-01 8.997278802000012454e-02 4.199375830963295768e-04
8.399999999999999689e-01 9.151324723500015024e-02 4.000014468694665414e-04
8.499999999999999778e-01 9.276777299450009173e-02 4.673790838739392325e-04
8.599999999999999867e-01 9.394672202499988745e-02 4.498691832478462983e-04
8.699999999999999956e-01 9.582864181799992387e-02 4.277156392149929014e-04
8.800000000000000044e-01 9.686094766699997194e-02 5.074907855598556443e-04
8.900000000000000133e-01 9.842349444099991740e-02 4.569045524153657854e-04
9.000000000000000222e-01 1.003032063059999673e-01 5.165448927385267322e-04
9.100000000000000311e-01 1.017038165280001044e-01 5.100271288072849617e-04
9.200000000000000400e-01 1.032720177715000381e-01 5.315519375260807557e-04
9.300000000000000488e-01 1.054941654699999704e-01 5.871664482817937070e-04
9.399999999999999467e-01 1.076149531100000500e-01 6.111398980795327424e-04
9.499999999999999556e-01 1.096686357604998718e-01 6.767756611479729687e-04
9.599999999999999645e-01 1.107404043329998644e-01 6.386211572398644903e-04
9.699999999999999734e-01 1.128650233775000816e-01 6.983035891020284965e-04
9.799999999999999822e-01 1.154254610325000097e-01 7.022844584406069419e-04
9.899999999999999911e-01 1.173609871455000148e-01 7.658734058411138931e-04
1.000000000000000000e+00 1.193774117190000844e-01 8.442751689660453820e-04
1.010000000000000009e+00 1.222372777085002499e-01 8.414740436183997321e-04
1.020000000000000018e+00 1.244898432150000622e-01 9.352726080998706015e-04
1.030000000000000027e+00 1.261258169459997802e-01 9.498715822279924078e-04
1.040000000000000036e+00 1.290608928100000219e-01 1.052160500790425956e-03
1.050000000000000044e+00 1.326354220550000906e-01 1.137611522084677751e-03
1.060000000000000053e+00 1.354867794550000948e-01 1.151579435427958677e-03
1.070000000000000062e+00 1.394945332749999434e-01 1.201004393855428613e-03
1.080000000000000071e+00 1.419374339400000518e-01 1.306970167699561883e-03
1.090000000000000080e+00 1.450582526000000205e-01 1.425321488589798404e-03
1.100000000000000089e+00 1.487728362949998773e-01 1.362015755413439758e-03
1.110000000000000098e+00 1.532800072349999876e-01 1.661392661402192163e-03
1.120000000000000107e+00 1.560003301900001471e-01 1.719311309211853447e-03
1.129999999999999893e+00 1.609968048350000069e-01 1.781695682828985435e-03
1.139999999999999902e+00 1.671257071600001087e-01 2.124595911003780615e-03
1.149999999999999911e+00 1.722912995800000013e-01 2.393647171344554913e-03
1.159999999999999920e+00 1.757299802450000281e-01 2.469709182834747829e-03
1.169999999999999929e+00 1.820496295000003650e-01 2.793097117441550002e-03
1.179999999999999938e+00 1.877556225150000535e-01 2.943181864881303303e-03
1.189999999999999947e+00 1.931058993999999196e-01 3.169056543530700872e-03
1.199999999999999956e+00 2.016993336250000046e-01 3.938493228122534259e-03
1.209999999999999964e+00 2.092020725099998646e-01 4.123478355199303863e-03
1.219999999999999973e+00 2.193965837600002078e-01 4.726738133824901975e-03
1.229999999999999982e+00 2.282981571649997654e-01 5.225255579717166463e-03
1.239999999999999991e+00 2.368528826000002030e-01 5.647876438867152279e-03
1.250000000000000000e+00 2.479195827950000930e-01 6.383194765006578938e-03
1.260000000000000009e+00 2.602533139950000685e-01 6.950910725909755297e-03
1.270000000000000018e+00 2.745682254750000384e-01 7.393131853510672563e-03
1.280000000000000027e+00 2.851329711100000219e-01 7.839448324074736393e-03
1.290000000000000036e+00 2.991231314850000822e-01 8.418199668445945638e-03
1.300000000000000044e+00 3.129890391700004271e-01 8.867063034472086325e-03
1.310000000000000053e+00 3.292570791149996845e-01 9.457480855082019827e-03
1.320000000000000062e+00 3.493196093099997790e-01 1.002346440685568559e-02
1.330000000000000071e+00 3.614677996349998645e-01 1.041109482512517399e-02
1.340000000000000080e+00 3.825407012050000000e-01 1.065431383595066492e-02
1.350000000000000089e+00 3.974179814949991285e-01 1.103402929542790338e-02
1.360000000000000098e+00 4.178640571400000225e-01 1.143353494226623766e-02
1.370000000000000107e+00 4.382381081749996965e-01 1.174569738533913152e-02
1.379999999999999893e+00 4.591787603399997142e-01 1.189296958555319424e-02
1.389999999999999902e+00 4.775063404249997867e-01 1.211714300690158730e-02
1.399999999999999911e+00 4.986470403599997381e-01 1.223762892050250968e-02
1.409999999999999920e+00 5.153693904299998518e-01 1.230972919112274799e-02
1.419999999999999929e+00 5.359231727000001166e-01 1.230027882490289902e-02
1.429999999999999938e+00 5.517762475349996532e-01 1.212417739243207455e-02
1.439999999999999947e+00 5.726147762300007882e-01 1.206706195203401111e-02
1.449999999999999956e+00 5.897658803799998850e-01 1.190624908927302023e-02
1.459999999999999964e+00 6.077854929949999541e-01 1.161822284581766167e-02
1.469999999999999973e+00 6.240518340899993133e-01 1.138847488555866198e-02
1.479999999999999982e+00 6.412022131100012512e-01 1.110010073807388316e-02
1.489999999999999991e+00 6.571890455799999087e-01 1.084997206469371853e-02
1.500000000000000000e+00 6.699351226849997731e-01 1.077325901360101819e-02
1.510000000000000009e+00 6.868878954699989547e-01 1.021695147532654564e-02
1.520000000000000018e+00 6.991770084499996374e-01 9.944657414714062546e-03
1.530000000000000027e+00 7.117303371200001116e-01 9.606514215195151654e-03
1.540000000000000036e+00 7.238611480949997956e-01 9.252927121774378108e-03
1.550000000000000044e+00 7.363482307550006656e-01 8.887220641244187452e-03
1.560000000000000053e+00 7.468658551200006990e-01 8.474551754168295828e-03
1.570000000000000062e+00 7.560070619749998944e-01 8.241586945158078936e-03
1.580000000000000071e+00 7.653250677549998660e-01 7.906693400595325369e-03
1.590000000000000080e+00 7.742906775399986952e-01 7.548963606006394919e-03
1.600000000000000089e+00 7.831264751049997752e-01 7.345079779656426243e-03
1.610000000000000098e+00 7.926732250549993752e-01 6.841011870402609503e-03
1.620000000000000107e+00 8.001030588850002179e-01 6.475451302033425303e-03
1.629999999999999893e+00 8.067987689100002413e-01 6.277718410654721873e-03
1.639999999999999902e+00 8.124758354649996850e-01 6.227156533288590555e-03
1.649999999999999911e+00 8.189263299650000327e-01 5.818505070720611516e-03
1.659999999999999920e+00 8.255879681450004615e-01 5.375679472862713790e-03
1.669999999999999929e+00 8.304350420949999645e-01 5.297729458621861995e-03
1.679999999999999938e+00 8.361000092499989433e-01 4.904653955984916366e-03
1.689999999999999947e+00 8.412030538099978250e-01 4.512967472987149987e-03
1.699999999999999956e+00 8.455882126549992828e-01 4.440513983063944584e-03
1.709999999999999964e+00 8.504968128350001155e-01 4.044491105366679676e-03
1.719999999999999973e+00 8.549598288600013252e-01 3.873215063450971204e-03
1.729999999999999982e+00 8.592427356250001980e-01 3.612232977789800459e-03
1.739999999999999991e+00 8.627775279349987336e-01 3.483126025961568849e-03
1.750000000000000000e+00 8.665899226650003451e-01 3.302671857174642542e-03
1.760000000000000009e+00 8.699954487699997907e-01 3.146773265890699060e-03
1.770000000000000018e+00 8.735182368649997420e-01 2.994733069335184152e-03
1.780000000000000027e+00 8.765340102200003258e-01 2.856866895786904295e-03
1.790000000000000036e+00 8.793547102149997796e-01 2.730878056565114089e-03
1.800000000000000044e+00 8.823217517200017124e-01 2.598518618000715454e-03
1.810000000000000053e+00 8.851189984949997536e-01 2.461353479517799057e-03
1.820000000000000062e+00 8.877113421850012509e-01 2.364868975953073136e-03
1.830000000000000071e+00 8.900681146650005759e-01 2.274759630604036766e-03
1.840000000000000080e+00 8.926262448999999766e-01 2.187865072127008568e-03
1.850000000000000089e+00 8.948482661600009047e-01 2.126779549705515998e-03
1.860000000000000098e+00 8.969696121100007025e-01 2.061578972035470452e-03
1.870000000000000107e+00 8.989848335349999164e-01 1.996624768217161554e-03
1.879999999999999893e+00 9.008273334699985480e-01 1.960448484972548283e-03
1.889999999999999902e+00 9.027030389850002612e-01 1.901797649036922506e-03
1.899999999999999911e+00 9.046009892149996512e-01 1.813183574143259957e-03
1.909999999999999920e+00 9.063244749500005693e-01 1.765040674781716019e-03
1.919999999999999929e+00 9.081145642450000333e-01 1.705632796916252501e-03
1.929999999999999938e+00 9.098591846850004883e-01 1.642749216496910449e-03
1.939999999999999947e+00 9.115167035300001386e-01 1.580560626632610986e-03
1.949999999999999956e+00 9.130321681450006555e-01 1.526384519347337909e-03
1.959999999999999964e+00 9.144637687249995706e-01 1.503977044723782061e-03
1.969999999999999973e+00 9.158529842499997242e-01 1.477621193332670762e-03
1.979999999999999982e+00 9.172723908750007871e-01 1.441702954032346180e-03
1.989999999999999991e+00 9.186661153500000898e-01 1.395054666256978580e-03
2.000000000000000000e+00 9.200033315699994718e-01 1.349020430900193602e-03
2.009999999999999787e+00 9.212620184699995551e-01 1.311854750431024497e-03
2.020000000000000018e+00 9.224850242649998977e-01 1.285526448641032904e-03
2.029999999999999805e+00 9.236660730500004801e-01 1.257792824902596949e-03
2.040000000000000036e+00 9.247660219400006820e-01 1.230812693588468959e-03
2.049999999999999822e+00 9.259036553849996354e-01 1.204577271636336332e-03
2.060000000000000053e+00 9.270157492999997473e-01 1.179023004529530577e-03
2.069999999999999840e+00 9.280766382200011932e-01 1.155629688534942417e-03
2.080000000000000071e+00 9.291661486050000196e-01 1.131288121406474542e-03
2.089999999999999858e+00 9.301986506000007315e-01 1.109016831330016974e-03
2.100000000000000089e+00 9.311390308500007151e-01 1.092370586691739738e-03
2.109999999999999876e+00 9.321270107149994821e-01 1.069560417005249774e-03
2.120000000000000107e+00 9.330608900099987002e-01 1.047320291793027913e-03
2.129999999999999893e+00 9.340191824550010402e-01 1.023696371650701037e-03
