1.070000000000000062e+00 2.540101808349996132e-02 1.201450193460937467e-04
1.080000000000000071e+00 2.581604919450002089e-02 1.222355451846857512e-04
1.090000000000000080e+00 2.630835398999999478e-02 1.322537348919415536e-04
1.100000000000000089e+00 2.706832203350000021e-02 1.500050792619343483e-04
1.110000000000000098e+00 2.755649661799999123e-02 1.457358746519577940e-04
1.120000000000000107e+00 2.855375588050000288e-02 1.572153583400786843e-04
1.129999999999999893e+00 2.910743071600001286e-02 1.559347667020018419e-04
1.139999999999999902e+00 2.976841814700001421e-02 1.569913383062064962e-04
1.149999999999999911e+00 3.043116490700002036e-02 1.640437776635854112e-04
1.159999999999999920e+00 3.105390396299998260e-02 1.869928244392315118e-04
1.169999999999999929e+00 3.203479796500003501e-02 1.850749355778540637e-04
1.179999999999999938e+00 3.273938131349997394e-02 1.909803672852355006e-04
1.189999999999999947e+00 3.353242109750002864e-02 1.949454532203197244e-04
1.199999999999999956e+00 3.451883248649997155e-02 2.077174305754703014e-04
1.209999999999999964e+00 3.581451915599997982e-02 2.256044566471301471e-04
1.219999999999999973e+00 3.667419436450002762e-02 2.374084908961628722e-04
1.229999999999999982e+00 3.774670860800004996e-02 2.483317074508182686e-04
1.239999999999999991e+00 3.873856649299998317e-02 2.537127851013049442e-04
1.250000000000000000e+00 4.046426543699994244e-02 2.806982027546832837e-04
1.260000000000000009e+00 4.136443899150001741e-02 3.145856888885440665e-04
1.270000000000000018e+00 4.310362407949994146e-02 3.206211646029375004e-04
1.280000000000000027e+00 4.475414085349999765e-02 3.801073011295834792e-04
1.290000000000000036e+00 4.662639913849998818e-02 4.086623469704299383e-04
1.300000000000000044e+00 4.804458847799998600e-02 3.786890613618363265e-04
1.310000000000000053e+00 5.035812936249998983e-02 4.510286083246102138e-04
1.320000000000000062e+00 5.280509822749996501e-02 5.299570977340714410e-04
1.330000000000000071e+00 5.569642240800006666e-02 6.789828538657124686e-04
1.340000000000000080e+00 5.878149976499986995e-02 9.413338455999815642e-04
1.350000000000000089e+00 6.208876710249995601e-02 9.879037669049833565e-04
1.360000000000000098e+00 6.696099486849999005e-02 1.391220393062426878e-03
1.370000000000000107e+00 7.352894507099991261e-02 1.613607378391258840e-03
1.379999999999999893e+00 8.185580497250001530e-02 2.628445516449244134e-03
1.389999999999999902e+00 9.162280669349993911e-02 3.350941263734737250e-03
1.399999999999999911e+00 1.105126839675001221e-01 5.150988624075521737e-03
1.409999999999999920e+00 1.309379484720000486e-01 6.640324544548395491e-03
1.419999999999999929e+00 1.666573310400001617e-01 8.836832182496940497e-03
1.429999999999999938e+00 2.214011556849998785e-01 1.087847931664525682e-02
1.439999999999999947e+00 2.810445258809999847e-01 1.308107593067698790e-02
1.449999999999999956e+00 3.537059794284997394e-01 1.341942637920822551e-02
1.459999999999999964e+00 4.221906948770006163e-01 1.290072630265569169e-02
1.469999999999999973e+00 4.949324686694997477e-01 1.191495895992029236e-02
1.479999999999999982e+00 5.552624850060007278e-01 9.780099833387760275e-03
1.489999999999999991e+00 6.020942730800000753e-01 7.855466477539816902e-03
1.500000000000000000e+00 6.386648870119987498e-01 6.251933385850371935e-03
1.510000000000000009e+00 6.684510816600001126e-01 4.036235742473861902e-03
1.520000000000000018e+00 6.880927449750003921e-01 3.990843843084595187e-03
1.530000000000000027e+00 7.075763470150012724e-01 2.530451294563909690e-03
1.540000000000000036e+00 7.216873845200005855e-01 2.199965166595679433e-03
1.550000000000000044e+00 7.352007778999994914e-01 1.673905862801513232e-03
1.560000000000000053e+00 7.468635402450006788e-01 1.456347403891821660e-03
1.570000000000000062e+00 7.572710053700010269e-01 1.299296262825558540e-03
1.580000000000000071e+00 7.665331171250000519e-01 1.211970820001803152e-03
1.590000000000000080e+00 7.751009212250005165e-01 1.141205269700104217e-03
1.600000000000000089e+00 7.831910732199994785e-01 1.064612858061777167e-03
1.610000000000000098e+00 7.907307207599999499e-01 1.007959109208302236e-03
