1.900000000000000022e-01 8.028352993899995349e-02 3.675621499707005602e-04
2.000000000000000111e-01 8.109708301499994609e-02 3.810930046717758159e-04
2.099999999999999922e-01 8.245002768899994949e-02 4.089738718620953531e-04
2.200000000000000011e-01 8.351585673400016563e-02 4.355533373951815993e-04
2.300000000000000100e-01 8.482018953399991790e-02 4.455181355648382712e-04
2.399999999999999911e-01 8.588232180400007243e-02 4.612389221186854365e-04
2.500000000000000000e-01 8.663320620899997437e-02 4.983747760858453241e-04
2.600000000000000089e-01 8.784588435000011131e-02 5.119285511248243071e-04
2.700000000000000178e-01 8.930277683500018049e-02 5.312249792237975967e-04
2.800000000000000266e-01 9.013397760100012868e-02 5.295640824045529625e-04
2.899999999999999800e-01 9.186939936400007056e-02 5.813017452429951326e-04
2.999999999999999889e-01 9.236675723900014678e-02 5.216892348414050966e-04
3.099999999999999978e-01 9.381488791200011390e-02 5.904973520936068147e-04
3.200000000000000067e-01 9.530099715500005286e-02 6.124637085393794516e-04
3.300000000000000155e-01 9.643692817100006642e-02 5.911126578025841872e-04
3.400000000000000244e-01 9.723443127999994995e-02 5.850215501488322195e-04
3.499999999999999778e-01 9.930349808099994680e-02 6.183304928071240445e-04
3.599999999999999867e-01 1.005251421999998340e-01 6.504316068981367063e-04
3.699999999999999956e-01 1.020098293989998017e-01 6.263787002387425588e-04
3.800000000000000044e-01 1.028874214210000471e-01 6.010659614616363456e-04
3.900000000000000133e-01 1.036165961599999907e-01 6.479400523960187914e-04
4.000000000000000222e-01 1.050936894910000224e-01 6.540702851725129678e-04
4.099999999999999756e-01 1.057757284399999387e-01 6.967395753563285915e-04
4.199999999999999845e-01 1.084037920589998039e-01 7.452467845894946916e-04
4.299999999999999933e-01 1.088519873390000059e-01 7.116448741885102007e-04
4.400000000000000022e-01 1.109995700249999662e-01 7.480905462087460676e-04
4.500000000000000111e-01 1.127512239890001156e-01 8.001035121938570227e-04
4.600000000000000200e-01 1.137583983629999740e-01 7.764602287084653364e-04
4.699999999999999734e-01 1.150984669669999766e-01 8.038948219058401380e-04
4.799999999999999822e-01 1.167821853460000447e-01 8.297976733871520938e-04
4.899999999999999911e-01 1.184551522499999870e-01 8.744908386340243239e-04
5.000000000000000000e-01 1.200993016899999238e-01 8.471097557071590378e-04
5.100000000000000089e-01 1.213725158899998519e-01 8.744576861291839930e-04
5.200000000000000178e-01 1.237228186500000521e-01 8.731176252012547764e-04
5.300000000000000266e-01 1.248799483199999061e-01 9.230820345283377451e-04
5.400000000000000355e-01 1.265398514900002713e-01 9.843683797570289967e-04
5.500000000000000444e-01 1.284857313700000780e-01 9.738278102774744829e-04
5.600000000000000533e-01 1.296185866600001180e-01 9.844639547898358274e-04
5.699999999999999512e-01 1.315476889599998811e-01 1.100714858237096874e-03
5.799999999999999600e-01 1.332207786700001229e-01 1.045937056487212732e-03
5.899999999999999689e-01 1.347262770300000911e-01 1.075057198787896439e-03
5.999999999999999778e-01 1.377999341300002456e-01 1.169262522345960228e-03
6.099999999999999867e-01 1.393860653200000854e-01 1.199785464457170294e-03
6.199999999999999956e-01 1.410912395400000241e-01 1.300143146507639702e-03
6.300000000000000044e-01 1.434876494299998362e-01 1.412973030499579518e-03
6.400000000000000133e-01 1.460097761099997116e-01 1.304575983530728090e-03
6.500000000000000222e-01 1.474980408499997619e-01 1.400764082842136885e-03
6.600000000000000311e-01 1.498879261000000962e-01 1.577855001913675784e-03
6.700000000000000400e-01 1.523362625199998210e-01 1.618995083663954480e-03
6.800000000000000488e-01 1.544454875099998958e-01 1.505494736583594699e-03
6.899999999999999467e-01 1.569291942199998735e-01 1.494718920529941684e-03
6.999999999999999556e-01 1.582594013099996866e-01 1.549889345495538903e-03
7.099999999999999645e-01 1.614185036300001541e-01 1.676945329891261658e-03
7.199999999999999734e-01 1.627311384900002322e-01 1.566484055705840263e-03
7.299999999999999822e-01 1.659991333399996327e-01 1.784133956128474384e-03
7.399999999999999911e-01 1.681473458300002111e-01 1.806689974895170879e-03
7.500000000000000000e-01 1.706271646500001904e-01 1.989209924360190417e-03
7.600000000000000089e-01 1.735277482300001672e-01 2.048936039086813113e-03
7.700000000000000178e-01 1.773004149500001791e-01 2.189075333838691028e-03
7.800000000000000266e-01 1.804501033499995855e-01 2.109409471303350971e-03
7.900000000000000355e-01 1.833369235700000877e-01 2.172243115662510736e-03
8.000000000000000444e-01 1.863073896399998486e-01 2.263692484272603229e-03
8.100000000000000533e-01 1.895973124800000020e-01 2.396167515264792033e-03
8.199999999999999512e-01 1.944840178399998565e-01 2.608714017369389605e-03
8.299999999999999600e-01 1.967300120599997926e-01 2.818368957618421974e-03
8.399999999999999689e-01 1.991163638299999483e-01 2.721119355929178200e-03
8.499999999999999778e-01 2.040434619600001442e-01 2.905692757402398262e-03
8.599999999999999867e-01 2.067231183799999317e-01 2.932036132918110390e-03
8.699999999999999956e-01 2.098583265099999984e-01 2.905769552938620558e-03
8.800000000000000044e-01 2.140842502099997158e-01 2.904163890629668076e-03
8.900000000000000133e-01 2.187000097200001991e-01 3.029386584050755473e-03
9.000000000000000222e-01 2.231509222300002426e-01 3.424088395678118787e-03
9.100000000000000311e-01 2.276440150299997023e-01 3.537948188093545908e-03
9.200000000000000400e-01 2.323443646700000531e-01 3.546993668617397146e-03
9.300000000000000488e-01 2.369464702400002620e-01 3.852998358412412869e-03
9.399999999999999467e-01 2.408667910799998091e-01 4.115908744615414186e-03
9.499999999999999556e-01 2.451966087200004030e-01 4.461239096869029815e-03
9.599999999999999645e-01 2.516365461199999154e-01 4.646010403819661634e-03
9.699999999999999734e-01 2.591193923199999194e-01 4.966583369060889597e-03
9.799999999999999822e-01 2.631912005000000554e-01 5.280729256924913267e-03
9.899999999999999911e-01 2.736790517600001249e-01 5.855151941967434021e-03
1.000000000000000000e+00 2.775874942500002329e-01 6.023472288642148578e-03
1.010000000000000009e+00 2.852121182400002009e-01 6.548473710501119711e-03
1.020000000000000018e+00 2.915751976200002260e-01 6.719592616615214543e-03
1.030000000000000027e+00 2.997318783200002557e-01 7.143411756021571420e-03
1.040000000000000036e+00 3.051679062599996217e-01 7.487075738051799517e-03
1.050000000000000044e+00 3.138362356100005135e-01 7.740646876276418079e-03
1.060000000000000053e+00 3.204309291900001577e-01 8.006916589154542199e-03
1.070000000000000062e+00 3.292003194800000032e-01 8.691371752982322146e-03
1.080000000000000071e+00 3.381000896000003753e-01 8.909394797622354617e-03
1.090000000000000080e+00 3.467142494699999022e-01 9.204983922042371189e-03
1.100000000000000089e+00 3.576676677200000265e-01 9.717445232026968721e-03
1.110000000000000098e+00 3.672863908799999244e-01 1.023471115025535901e-02
1.120000000000000107e+00 3.774868490700001300e-01 1.078943900147145800e-02
1.129999999999999893e+00 3.880675081899996881e-01 1.114644152753299991e-02
1.139999999999999902e+00 3.997948986999995125e-01 1.162866001287328824e-02
1.149999999999999911e+00 4.141166707200005792e-01 1.246834223231129378e-02
1.159999999999999920e+00 4.221540708500004513e-01 1.283563191683742902e-02
1.169999999999999929e+00 4.312039720500000506e-01 1.319838704459776711e-02
1.179999999999999938e+00 4.426209136600005589e-01 1.365647365170212339e-02
1.189999999999999947e+00 4.572582971099993787e-01 1.398511208228740699e-02
1.199999999999999956e+00 4.699427925999997147e-01 1.467647902755595153e-02
1.209999999999999964e+00 4.796342836300002688e-01 1.482863432526751804e-02
1.219999999999999973e+00 4.930040416400002234e-01 1.541736259249762951e-02
1.229999999999999982e+00 5.042932246299997034e-01 1.540860420556201989e-02
1.239999999999999991e+00 5.187770084399992987e-01 1.567494827647723452e-02
1.250000000000000000e+00 5.332626515999998595e-01 1.598466929922038801e-02
1.260000000000000009e+00 5.461517176000002527e-01 1.632539552980475858e-02
1.270000000000000018e+00 5.563218531599998240e-01 1.663915587646048327e-02
1.280000000000000027e+00 5.741467558600001908e-01 1.661616271612455231e-02
1.290000000000000036e+00 5.844244925399996182e-01 1.683760767794885427e-02
1.300000000000000044e+00 5.974330522799990995e-01 1.685998454225680343e-02
1.310000000000000053e+00 6.105174207500001504e-01 1.661941225660062277e-02
1.320000000000000062e+00 6.220206297799999451e-01 1.671460510660675164e-02
1.330000000000000071e+00 6.366000255800001728e-01 1.670641730306379746e-02
1.340000000000000080e+00 6.471506605799997036e-01 1.672433203456246895e-02
1.350000000000000089e+00 6.620298134600005602e-01 1.645897449632447926e-02
1.360000000000000098e+00 6.769934719299993686e-01 1.597347034936399263e-02
1.370000000000000107e+00 6.857822866000001794e-01 1.593241887776577007e-02
1.379999999999999893e+00 6.957877285399994838e-01 1.574689285845904188e-02
1.389999999999999902e+00 7.060445881999994899e-01 1.571103932739289707e-02
1.399999999999999911e+00 7.164459735199997237e-01 1.543182834645589509e-02
1.409999999999999920e+00 7.250737259499995258e-01 1.519216494641827467e-02
1.419999999999999929e+00 7.358436976900007975e-01 1.467957964593504666e-02
1.429999999999999938e+00 7.418229742800007687e-01 1.466011348716909739e-02
1.439999999999999947e+00 7.503062980299993745e-01 1.433688468839891018e-02
1.449999999999999956e+00 7.591234591799993492e-01 1.400121045106155100e-02
1.459999999999999964e+00 7.675510404800008901e-01 1.369903965036491783e-02
1.469999999999999973e+00 7.731998963599995278e-01 1.377378396147634250e-02
1.479999999999999982e+00 7.799501861799998936e-01 1.344806109863312844e-02
1.489999999999999991e+00 7.855075433499996151e-01 1.350434624280442454e-02
1.500000000000000000e+00 7.911360184899991488e-01 1.334515688374438361e-02
1.510000000000000009e+00 7.959907215599991703e-01 1.314439452890277422e-02
1.520000000000000018e+00 8.008685806200007695e-01 1.320397970384631740e-02
1.530000000000000027e+00 8.063846967999992454e-01 1.288535680564455686e-02
1.540000000000000036e+00 8.124192578000006826e-01 1.264980422280734089e-02
1.550000000000000044e+00 8.165768905800008248e-01 1.263404726472765541e-02
1.560000000000000053e+00 8.214964469200000119e-01 1.231793376454986925e-02
1.570000000000000062e+00 8.262686310200004769e-01 1.212096229675080870e-02
1.580000000000000071e+00 8.296077351599998595e-01 1.209283728779896559e-02
1.590000000000000080e+00 8.337522353300004241e-01 1.184006222881464447e-02
1.600000000000000089e+00 8.379286451399989843e-01 1.161666843450210457e-02
1.610000000000000098e+00 8.412062938999991246e-01 1.140339850776475074e-02
1.620000000000000107e+00 8.452965134300004513e-01 1.116190932868782286e-02
1.629999999999999893e+00 8.488317655499996173e-01 1.093482668203815504e-02
1.639999999999999902e+00 8.527054784499999984e-01 1.063362978008088391e-02
1.649999999999999911e+00 8.557914482299996406e-01 1.054054097964761752e-02
1.659999999999999920e+00 8.590220452799995909e-01 1.032875111670792864e-02
1.669999999999999929e+00 8.627385793599997577e-01 1.000001409388757284e-02
1.679999999999999938e+00 8.663267461900009403e-01 9.528822493156901760e-03
1.689999999999999947e+00 8.697058704200006929e-01 9.334004630164746685e-03
1.699999999999999956e+00 8.723763247700003776e-01 9.148326413773952628e-03
1.709999999999999964e+00 8.753564370999995514e-01 8.950053566362076510e-03
1.719999999999999973e+00 8.783918948800001347e-01 8.571906547597920797e-03
1.729999999999999982e+00 8.811277104399996007e-01 8.278603846655232731e-03
1.739999999999999991e+00 8.837859324499993674e-01 8.031550678702970708e-03
1.750000000000000000e+00 8.866691004199986903e-01 7.829328352449302364e-03
1.760000000000000009e+00 8.900579954100009683e-01 7.307850729616935728e-03
1.770000000000000018e+00 8.928074289900004290e-01 7.069777612110523038e-03
1.780000000000000027e+00 8.958343965499998562e-01 6.728565753045885785e-03
1.790000000000000036e+00 8.982535859200007078e-01 6.554303122882121184e-03
1.800000000000000044e+00 9.007554983300007923e-01 6.281238743586608705e-03
1.810000000000000053e+00 9.022896571599990923e-01 6.325266273519887690e-03
1.820000000000000062e+00 9.045369806900001031e-01 6.092844372154985685e-03
1.830000000000000071e+00 9.072954051199996206e-01 5.778181190221703262e-03
1.840000000000000080e+00 9.096040242099993067e-01 5.432925867651810549e-03
1.850000000000000089e+00 9.110884322499999133e-01 5.385001115501139406e-03
1.860000000000000098e+00 9.126121187000005852e-01 5.280720949300432565e-03
1.870000000000000107e+00 9.148650131799999086e-01 4.959264301241996312e-03
1.879999999999999893e+00 9.163895170300013771e-01 4.873391355631858518e-03
1.889999999999999902e+00 9.181981423100007422e-01 4.707712129116362748e-03
1.899999999999999911e+00 9.197422429600009552e-01 4.555536962506794539e-03
1.909999999999999920e+00 9.210016601200009534e-01 4.508588591132346203e-03
1.919999999999999929e+00 9.226014281200007883e-01 4.337005366146502554e-03
1.929999999999999938e+00 9.240817046299997228e-01 4.192812947409595842e-03
1.939999999999999947e+00 9.253708055799998444e-01 4.083034544363858820e-03
1.949999999999999956e+00 9.265352770500004942e-01 3.985916852963729967e-03
1.959999999999999964e+00 9.276890683599995358e-01 3.915431651831853717e-03
1.969999999999999973e+00 9.293655399499989311e-01 3.687362058580498977e-03
1.979999999999999982e+00 9.306240566799999225e-01 3.585713139395679816e-03
1.989999999999999991e+00 9.318262739699997299e-01 3.499978042543614842e-03
2.000000000000000000e+00 9.329669945600002068e-01 3.434999207875555089e-03
2.009999999999999787e+00 9.341732137900010668e-01 3.344087754202631699e-03
2.020000000000000018e+00 9.352407363699996035e-01 3.269752826543289876e-03
2.029999999999999805e+00 9.357759174800011071e-01 3.297376962291076116e-03
2.040000000000000036e+00 9.368641059700008045e-01 3.186635102310761587e-03
2.049999999999999822e+00 9.378118591000000892e-01 3.100594835725289673e-03
2.060000000000000053e+00 9.390645435999998014e-01 2.976700317908369427e-03
2.069999999999999840e+00 9.399333139999992426e-01 2.918622488938507793e-03
2.080000000000000071e+00 9.407781932999998986e-01 2.860700091867439312e-03
2.089999999999999858e+00 9.416083762199995988e-01 2.812665227488033402e-03
2.100000000000000089e+00 9.423661343700014958e-01 2.777867525571956018e-03
2.109999999999999876e+00 9.431176648300002574e-01 2.741238336290893578e-03
2.120000000000000107e+00 9.438860981200004607e-01 2.699194085292342012e-03
2.129999999999999893e+00 9.445296693399996002e-01 2.694677174179047844e-03
2.140000000000000124e+00 9.452453645399995219e-01 2.647971758516204106e-03
2.149999999999999911e+00 9.459899635800003148e-01 2.579782915889044809e-03
2.160000000000000142e+00 9.471279551299994770e-01 2.396711433555367542e-03
2.169999999999999929e+00 9.478005922399984629e-01 2.360995339882648349e-03
2.180000000000000160e+00 9.484300149599996788e-01 2.330529537598106677e-03
2.189999999999999947e+00 9.490771390600001300e-01 2.289698007993144508e-03
2.200000000000000178e+00 9.497353120200001664e-01 2.241687879586845220e-03
2.209999999999999964e+00 9.503928636899985349e-01 2.192945629703252613e-03
2.220000000000000195e+00 9.509863197899997012e-01 2.159726259444726387e-03
2.229999999999999982e+00 9.515650262199997211e-01 2.126316088552956257e-03
2.240000000000000213e+00 9.521260937699999038e-01 2.095570980641509561e-03
2.250000000000000000e+00 9.526657337300008521e-01 2.069525956448327233e-03
2.259999999999999787e+00 9.532029921100017011e-01 2.040230572440326559e-03
2.270000000000000018e+00 9.537506813999996336e-01 2.001911396805918300e-03
2.279999999999999805e+00 9.542841284100002097e-01 1.966286101839181868e-03
2.290000000000000036e+00 9.547959939899991477e-01 1.935822511191485863e-03
2.299999999999999822e+00 9.552961744200011429e-01 1.907103578278064159e-03
2.310000000000000053e+00 9.557849698400009419e-01 1.879850141504164690e-03
2.319999999999999840e+00 9.562605190300005331e-01 1.854515085228668680e-03
2.330000000000000071e+00 9.567244461299991842e-01 1.830607625372983587e-03
2.339999999999999858e+00 9.572043334199985543e-01 1.800833307991126040e-03
2.350000000000000089e+00 9.576647461100005199e-01 1.774809416128378305e-03
2.359999999999999876e+00 9.581162461299989053e-01 1.749585716520496263e-03
2.370000000000000107e+00 9.585545214100003042e-01 1.726402938905829314e-03
2.379999999999999893e+00 9.589845976499988822e-01 1.703904284672820048e-03
2.390000000000000124e+00 9.594079812300005949e-01 1.681725061297956311e-03
2.399999999999999911e+00 9.598211808599994566e-01 1.660865805396166293e-03
2.410000000000000142e+00 9.602274071499999897e-01 1.640473247566496097e-03
2.419999999999999929e+00 9.606258353900006819e-01 1.620853579992593023e-03
2.430000000000000160e+00 9.610178531899992160e-01 1.601596184523369076e-03
2.439999999999999947e+00 9.614047202500028977e-01 1.582360738894074718e-03
2.450000000000000178e+00 9.617830772700010078e-01 1.564171147062446907e-03
2.459999999999999964e+00 9.621554228799995556e-01 1.546318576528240164e-03
2.470000000000000195e+00 9.625183682500000337e-01 1.529872288220823556e-03
2.479999999999999982e+00 9.628972192200004887e-01 1.507063310582278971e-03
2.490000000000000213e+00 9.632594353699992507e-01 1.487974317229590233e-03
2.500000000000000000e+00 9.636134748199994826e-01 1.469968064649903585e-03
2.509999999999999787e+00 9.639606710000001577e-01 1.452680483214103526e-03
2.520000000000000018e+00 9.643014963399989536e-01 1.435972268411467951e-03
2.529999999999999805e+00 9.646363310799993540e-01 1.419760172360470894e-03
2.540000000000000036e+00 9.649655439000007773e-01 1.403990390447021428e-03
2.549999999999999822e+00 9.652893024699994440e-01 1.388631144275048268e-03
2.560000000000000053e+00 9.656077835300002077e-01 1.373637584713823835e-03
2.569999999999999840e+00 9.659213211899995155e-01 1.358988533500888208e-03
2.580000000000000071e+00 9.662298820000010391e-01 1.344660910949887263e-03
2.589999999999999858e+00 9.665336937699995357e-01 1.330652211075869984e-03
2.600000000000000089e+00 9.668328730700000984e-01 1.316933934382994971e-03
2.609999999999999876e+00 9.671275757700003028e-01 1.303486138762599686e-03
