9.699999999999999734e-01 2.950627228500000282e-02 1.284751438369170057e-04
9.799999999999999822e-01 3.000706136999998358e-02 1.336898449234552437e-04
9.899999999999999911e-01 3.071966961450002531e-02 1.311934563950299659e-04
1.000000000000000000e+00 3.114598360149998385e-02 1.372611497008294093e-04
1.010000000000000009e+00 3.192433138500001821e-02 1.463818678705389230e-04
1.020000000000000018e+00 3.266229178949998230e-02 1.498413534939381996e-04
1.030000000000000027e+00 3.311768446800003596e-02 1.511710203998130710e-04
1.040000000000000036e+00 3.376811324250000163e-02 1.601053550783497112e-04
1.050000000000000044e+00 3.441851186450001904e-02 1.718425199468730583e-04
1.060000000000000053e+00 3.529882660999998645e-02 1.655456167379120303e-04
1.070000000000000062e+00 3.620455117799989408e-02 1.704593926822378300e-04
1.080000000000000071e+00 3.671371683949995607e-02 1.738407632242816017e-04
1.090000000000000080e+00 3.769244711649998719e-02 1.963728820163178075e-04
1.100000000000000089e+00 3.842709404699998915e-02 2.061217532334263429e-04
1.110000000000000098e+00 3.914893227800003012e-02 2.122404501896191047e-04
1.120000000000000107e+00 4.031952166849996771e-02 2.118106167315828698e-04
1.129999999999999893e+00 4.148371840750005729e-02 2.176243412442745119e-04
1.139999999999999902e+00 4.203539661150005463e-02 2.459086118983271237e-04
1.149999999999999911e+00 4.318441620850011625e-02 2.565598936570846473e-04
1.159999999999999920e+00 4.428110960000000013e-02 2.880208891982656344e-04
1.169999999999999929e+00 4.561015747400001819e-02 2.887648922644839799e-04
1.179999999999999938e+00 4.683286612199993176e-02 3.020080367916394364e-04
1.189999999999999947e+00 4.795883267949997003e-02 3.144370566458829560e-04
1.199999999999999956e+00 4.936632173250000977e-02 3.314039858463820390e-04
1.209999999999999964e+00 5.096618423000002368e-02 3.818103437254110407e-04
1.219999999999999973e+00 5.228593149049994004e-02 4.008146163222723398e-04
1.229999999999999982e+00 5.389064610699994401e-02 3.925060197100662470e-04
1.239999999999999991e+00 5.551328709950000689e-02 4.489609014971633074e-04
1.250000000000000000e+00 5.819307634799997936e-02 4.882207977425874674e-04
1.260000000000000009e+00 6.008929504500001156e-02 5.101928431794245256e-04
1.270000000000000018e+00 6.175953847650013373e-02 5.377654556590976374e-04
1.280000000000000027e+00 6.472710287700007836e-02 7.278336760934141052e-04
1.290000000000000036e+00 6.755720907850004675e-02 8.184135974399301414e-04
1.300000000000000044e+00 7.012007910949993872e-02 7.841387959567877640e-04
1.310000000000000053e+00 7.372673628400000512e-02 1.065317970956672139e-03
1.320000000000000062e+00 7.849343583150006354e-02 1.384134047331907679e-03
1.330000000000000071e+00 8.309413072999996541e-02 1.671102891402402243e-03
1.340000000000000080e+00 8.859084074899997718e-02 2.135555454213269779e-03
1.350000000000000089e+00 9.822729285449992298e-02 2.851469435827837934e-03
1.360000000000000098e+00 1.065589074424999477e-01 3.542013321733233477e-03
1.370000000000000107e+00 1.197323418654999277e-01 4.660028784261102328e-03
1.379999999999999893e+00 1.376439634780000087e-01 6.298537716725254552e-03
1.389999999999999902e+00 1.615581736140000169e-01 7.473006081463324721e-03
1.399999999999999911e+00 1.895106485075004343e-01 9.116236465967701708e-03
1.409999999999999920e+00 2.222156444005000675e-01 1.063708662717101523e-02
1.419999999999999929e+00 2.625109110669999191e-01 1.182226728003650182e-02
1.429999999999999938e+00 3.148219177675000147e-01 1.286254462136167918e-02
1.439999999999999947e+00 3.638507529229993431e-01 1.316265526946807166e-02
1.449999999999999956e+00 4.136059082920007790e-01 1.326916981750541485e-02
1.459999999999999964e+00 4.714683011299998783e-01 1.278872448351432017e-02
1.469999999999999973e+00 5.188804506905007052e-01 1.159590235481011526e-02
1.479999999999999982e+00 5.628330084935002642e-01 1.073776411826151377e-02
1.489999999999999991e+00 6.051143999899999404e-01 8.999423082542146179e-03
1.500000000000000000e+00 6.391763272049993949e-01 7.650804065261552871e-03
1.510000000000000009e+00 6.652922206150014839e-01 6.092375467683309315e-03
1.520000000000000018e+00 6.895806562699996478e-01 4.636207769147100873e-03
1.530000000000000027e+00 7.060734138050009934e-01 4.248144811721111039e-03
1.540000000000000036e+00 7.236972195099989902e-01 2.799444038203935999e-03
1.550000000000000044e+00 7.351375376949994545e-01 2.910724543362071867e-03
1.560000000000000053e+00 7.470740634949997183e-01 2.358298123325152165e-03
1.570000000000000062e+00 7.578471428299997648e-01 1.959491714772710041e-03
1.580000000000000071e+00 7.672769487949991918e-01 1.813018772848157007e-03
1.590000000000000080e+00 7.760617051250007226e-01 1.611797819272767131e-03
1.600000000000000089e+00 7.842527506049995489e-01 1.507268552941899709e-03
1.610000000000000098e+00 7.917539377350001351e-01 1.409211665656424787e-03
1.620000000000000107e+00 7.986771363849990424e-01 1.336088477620063107e-03
1.629999999999999893e+00 8.051892895350012402e-01 1.266813582236223741e-03
1.639999999999999902e+00 8.113401697399990065e-01 1.199746047409163633e-03
1.649999999999999911e+00 8.171167738199995867e-01 1.141463918630877209e-03
1.659999999999999920e+00 8.226451953200002443e-01 1.083645768496447085e-03
