6.099999999999999867e-01 4.467763551449997067e-02 1.572142228095874605e-04
6.199999999999999956e-01 4.523613562649993203e-02 1.706384152775259646e-04
6.300000000000000044e-01 4.572286213449998360e-02 1.610517395345080407e-04
6.400000000000000133e-01 4.636975157100006045e-02 1.680909068493742920e-04
6.500000000000000222e-01 4.690592051350010033e-02 1.843345475950650505e-04
6.600000000000000311e-01 4.752585498100003053e-02 1.802554870580990809e-04
6.700000000000000400e-01 4.803079863050002674e-02 1.899362518508824398e-04
6.800000000000000488e-01 4.857007057300001540e-02 1.966051457243964227e-04
6.899999999999999467e-01 4.918749647300006689e-02 1.959015810343642380e-04
6.999999999999999556e-01 4.971741014499996003e-02 2.032266600472926556e-04
7.099999999999999645e-01 5.055059565450004122e-02 2.089695991716125645e-04
7.199999999999999734e-01 5.092795084050004417e-02 2.028354147942049569e-04
7.299999999999999822e-01 5.181181353050002408e-02 2.100603793546563895e-04
7.399999999999999911e-01 5.214523416249998433e-02 2.091141383462945345e-04
7.500000000000000000e-01 5.313861028099998302e-02 2.170061023719820417e-04
7.600000000000000089e-01 5.343139742400004888e-02 2.319457111502878032e-04
7.700000000000000178e-01 5.432426906950000439e-02 2.384446567895650724e-04
7.800000000000000266e-01 5.536995594649999491e-02 2.482013242915705707e-04
7.900000000000000355e-01 5.569509065199999831e-02 2.705841461684434885e-04
8.000000000000000444e-01 5.676854669999988057e-02 2.594712136910906977e-04
8.100000000000000533e-01 5.724370418599999261e-02 2.666142685889785649e-04
8.199999999999999512e-01 5.831218789699998267e-02 2.610567204303305337e-04
8.299999999999999600e-01 5.904327203300002019e-02 2.720665858241550893e-04
8.399999999999999689e-01 5.985681962050000415e-02 3.097050437347657718e-04
8.499999999999999778e-01 6.066201833850005248e-02 2.761567776059851943e-04
8.599999999999999867e-01 6.128592572700006930e-02 2.981872147199890726e-04
8.699999999999999956e-01 6.195145490250000136e-02 2.898230913280081238e-04
8.800000000000000044e-01 6.305235421050002509e-02 3.199719832937672676e-04
8.900000000000000133e-01 6.384799951099998094e-02 3.087255877810380711e-04
9.000000000000000222e-01 6.468395426350007082e-02 3.448630915406919050e-04
9.100000000000000311e-01 6.571562096950002430e-02 3.504803296886140475e-04
9.200000000000000400e-01 6.648446884850008065e-02 3.560658253298797701e-04
9.300000000000000488e-01 6.783964524150003228e-02 3.954933478007415112e-04
9.399999999999999467e-01 6.842900283300003272e-02 3.608530949440839626e-04
9.499999999999999556e-01 6.923756546049998628e-02 3.696131614644431883e-04
9.599999999999999645e-01 7.060084301399995044e-02 4.012042062389599949e-04
9.699999999999999734e-01 7.202295709000007540e-02 4.426262681518707172e-04
9.799999999999999822e-01 7.270115203450004671e-02 4.136656193909436633e-04
9.899999999999999911e-01 7.355243759449996144e-02 4.466380325438022497e-04
1.000000000000000000e+00 7.446831339799994676e-02 4.058194747988939119e-04
1.010000000000000009e+00 7.587978832899998360e-02 4.336512394183230702e-04
1.020000000000000018e+00 7.714194745350011484e-02 4.977034076364669551e-04
1.030000000000000027e+00 7.851596295100000955e-02 4.802394577524412385e-04
1.040000000000000036e+00 7.942971150900002275e-02 5.174539997338101346e-04
1.050000000000000044e+00 8.076163472150003908e-02 5.053024827545491262e-04
1.060000000000000053e+00 8.217989490549997000e-02 4.799282214340586062e-04
1.070000000000000062e+00 8.360678437000003405e-02 5.579343408858879324e-04
1.080000000000000071e+00 8.498500154600008294e-02 5.809010712128356369e-04
1.090000000000000080e+00 8.581135587350000038e-02 5.839894325242721848e-04
1.100000000000000089e+00 8.815584121149992736e-02 6.283911791483418399e-04
1.110000000000000098e+00 8.920720299299984835e-02 6.589590728129996388e-04
1.120000000000000107e+00 9.083256430049996277e-02 6.706153781477399572e-04
1.129999999999999893e+00 9.199221247149992620e-02 7.210860943359428260e-04
1.139999999999999902e+00 9.369414702600006861e-02 6.923818998076389317e-04
1.149999999999999911e+00 9.581657354349991385e-02 7.545220514350692948e-04
1.159999999999999920e+00 9.726439537549991243e-02 7.628690035976319617e-04
1.169999999999999929e+00 9.924505068200006885e-02 8.743321187900478025e-04
1.179999999999999938e+00 1.011174577319999962e-01 9.069301848270539630e-04
1.189999999999999947e+00 1.037390330505000291e-01 1.245932581532890578e-03
1.199999999999999956e+00 1.050630260929999865e-01 1.066668167356572827e-03
1.209999999999999964e+00 1.080497419205000142e-01 1.198720834870073372e-03
1.219999999999999973e+00 1.101882379300000853e-01 1.275832055727107789e-03
1.229999999999999982e+00 1.127480028615000102e-01 1.380227673745051649e-03
1.239999999999999991e+00 1.145878894955000699e-01 1.423928829944698989e-03
1.250000000000000000e+00 1.175142971424999599e-01 1.511562428808008998e-03
1.260000000000000009e+00 1.198850227154998616e-01 1.637686684195732798e-03
1.270000000000000018e+00 1.224997702995000437e-01 1.665850934406498977e-03
1.280000000000000027e+00 1.254569198990000412e-01 1.981356906959238703e-03
1.290000000000000036e+00 1.281703626430000242e-01 1.966041916495083353e-03
1.300000000000000044e+00 1.312165565864998606e-01 2.270783166239127241e-03
1.310000000000000053e+00 1.365448797289997573e-01 2.526181984991321752e-03
1.320000000000000062e+00 1.391992750579997828e-01 2.676298911772645797e-03
1.330000000000000071e+00 1.422617535479998863e-01 2.816368704209599571e-03
1.340000000000000080e+00 1.471924238349998915e-01 2.907884010328582510e-03
1.350000000000000089e+00 1.507298839145000402e-01 3.167556525514275516e-03
1.360000000000000098e+00 1.567812562950000876e-01 3.435671715905410425e-03
1.370000000000000107e+00 1.596560394650000936e-01 3.531274230846821738e-03
1.379999999999999893e+00 1.651501802800003638e-01 3.917858304350416154e-03
1.389999999999999902e+00 1.707009696899999540e-01 4.057273834682267009e-03
1.399999999999999911e+00 1.750266375049998602e-01 4.427151192267459595e-03
1.409999999999999920e+00 1.796855859849998960e-01 4.569193854868980331e-03
1.419999999999999929e+00 1.851647833999999493e-01 4.932704477351199795e-03
1.429999999999999938e+00 1.933213712100003978e-01 5.145129033065122710e-03
1.439999999999999947e+00 2.008545048200001681e-01 5.487594658050865687e-03
1.449999999999999956e+00 2.090598665950001711e-01 5.864506787560013965e-03
1.459999999999999964e+00 2.156102125399999292e-01 6.146664947619309011e-03
1.469999999999999973e+00 2.257584188350001131e-01 6.403707456983646906e-03
1.479999999999999982e+00 2.368979019300001820e-01 6.910688273183080224e-03
1.489999999999999991e+00 2.446828667849999805e-01 7.179947169266089751e-03
1.500000000000000000e+00 2.545679254999996255e-01 7.652519944069422451e-03
1.510000000000000009e+00 2.672095897400000863e-01 8.164710031749185248e-03
1.520000000000000018e+00 2.778513803200002297e-01 8.449761269657796170e-03
1.530000000000000027e+00 2.887645719400002697e-01 8.790101760171501952e-03
1.540000000000000036e+00 3.016298556299999434e-01 9.185834174349748540e-03
1.550000000000000044e+00 3.155972777699997955e-01 9.704702665712843304e-03
1.560000000000000053e+00 3.280836168899999850e-01 9.928518114664032501e-03
1.570000000000000062e+00 3.446167359749998660e-01 1.014189281238787529e-02
1.580000000000000071e+00 3.548077390149998456e-01 1.034558441576097741e-02
1.590000000000000080e+00 3.726117993850002197e-01 1.063780552920262808e-02
1.600000000000000089e+00 3.860543021700004185e-01 1.100062661425994792e-02
1.610000000000000098e+00 3.993966129450000624e-01 1.114930381160903101e-02
1.620000000000000107e+00 4.166752790150000108e-01 1.126645001474653289e-02
1.629999999999999893e+00 4.307892061000002104e-01 1.139643409443056622e-02
1.639999999999999902e+00 4.462529530549998458e-01 1.147639764803555333e-02
1.649999999999999911e+00 4.628066483199995695e-01 1.166039022224338306e-02
1.659999999999999920e+00 4.796100585349997170e-01 1.159905147638486643e-02
1.669999999999999929e+00 4.954184078950003012e-01 1.162771506858767227e-02
1.679999999999999938e+00 5.104845726499999126e-01 1.158167438183533085e-02
1.689999999999999947e+00 5.280788113200003409e-01 1.146231114153108827e-02
1.699999999999999956e+00 5.425116823699996926e-01 1.137570797143654111e-02
1.709999999999999964e+00 5.583811188349996346e-01 1.110548751678206748e-02
1.719999999999999973e+00 5.719834104100001149e-01 1.104954726123452864e-02
1.729999999999999982e+00 5.879521196699996066e-01 1.067813137064262813e-02
1.739999999999999991e+00 6.033993966649995322e-01 1.038698688017740575e-02
1.750000000000000000e+00 6.173829226350001642e-01 1.004369112175791667e-02
1.760000000000000009e+00 6.312507955649997449e-01 9.875724935052765038e-03
1.770000000000000018e+00 6.456029469099993090e-01 9.316454804046050281e-03
1.780000000000000027e+00 6.584953968050002437e-01 8.831310027034109528e-03
1.790000000000000036e+00 6.708905687050000788e-01 8.454254110391407409e-03
1.800000000000000044e+00 6.824606337499994346e-01 8.003579353041736719e-03
1.810000000000000053e+00 6.925474277999992267e-01 7.624065927051743713e-03
1.820000000000000062e+00 7.030926662100008828e-01 7.265881433778531399e-03
1.830000000000000071e+00 7.126630022750000126e-01 6.953020317460578519e-03
1.840000000000000080e+00 7.228803668000004512e-01 6.410243527541107517e-03
1.850000000000000089e+00 7.314807087900003779e-01 6.207465827490704115e-03
1.860000000000000098e+00 7.403025579650008847e-01 5.877476872840711568e-03
1.870000000000000107e+00 7.483611179300000416e-01 5.596214759261874255e-03
1.879999999999999893e+00 7.555977479100002281e-01 5.473934049869712271e-03
1.889999999999999902e+00 7.630399741900014687e-01 5.224620153782574480e-03
1.899999999999999911e+00 7.694206673600005875e-01 5.039130356156202792e-03
1.909999999999999920e+00 7.761710891149998792e-01 4.701900167205092830e-03
1.919999999999999929e+00 7.813752619350011752e-01 4.660740857153037806e-03
1.929999999999999938e+00 7.873339712449998196e-01 4.415623558448692268e-03
1.939999999999999947e+00 7.922630522049987079e-01 4.399369140344897358e-03
1.949999999999999956e+00 7.980514650899993567e-01 4.028065424985315113e-03
1.959999999999999964e+00 8.026453445650006957e-01 3.923825925548025950e-03
1.969999999999999973e+00 8.076274891150009294e-01 3.728378051107394866e-03
1.979999999999999982e+00 8.122168832800011895e-01 3.543437792412059556e-03
1.989999999999999991e+00 8.172698337450000627e-01 3.267606177362740970e-03
2.000000000000000000e+00 8.212932648849990969e-01 3.163005253621027808e-03
2.009999999999999787e+00 8.250848506050002529e-01 3.053197957499704639e-03
2.020000000000000018e+00 8.293939421999995121e-01 2.782398706318602727e-03
2.029999999999999805e+00 8.329183623099993827e-01 2.704846207786980664e-03
2.040000000000000036e+00 8.366296183849991630e-01 2.536294632760028537e-03
2.049999999999999822e+00 8.399743865250000052e-01 2.437503470047288137e-03
2.060000000000000053e+00 8.432267991749999858e-01 2.400115760586714244e-03
2.069999999999999840e+00 8.463079366349985921e-01 2.336195814341705292e-03
2.080000000000000071e+00 8.494934570900004589e-01 2.282975676815128269e-03
2.089999999999999858e+00 8.524565797100002174e-01 2.213401363752841040e-03
2.100000000000000089e+00 8.552917993850006617e-01 2.158900690470232260e-03
2.109999999999999876e+00 8.581496280150000544e-01 2.108812641580668206e-03
2.120000000000000107e+00 8.607122930749996348e-01 2.079377856119219228e-03
2.129999999999999893e+00 8.632455251500001925e-01 2.026519456117994132e-03
2.140000000000000124e+00 8.658143956199996216e-01 1.969928680029033648e-03
2.149999999999999911e+00 8.681719212499996452e-01 1.928851683669037705e-03
2.160000000000000142e+00 8.704654629799993826e-01 1.871116826780584459e-03
2.169999999999999929e+00 8.728265809999992131e-01 1.837197556068143620e-03
2.180000000000000160e+00 8.750646631800000907e-01 1.777937852394660982e-03
2.189999999999999947e+00 8.772667057900012111e-01 1.726627834169467334e-03
2.200000000000000178e+00 8.793780025700024261e-01 1.678962561441861958e-03
