7.800000000000000266e-01 3.094490870499998561e-02 1.165823717796351161e-04
7.900000000000000355e-01 3.152992564049998669e-02 1.098981985312974101e-04
8.000000000000000444e-01 3.198385354349996684e-02 1.157490049594895308e-04
8.100000000000000533e-01 3.252852071000000150e-02 1.183656802952064212e-04
8.199999999999999512e-01 3.302075953549996751e-02 1.131596212813471881e-04
8.299999999999999600e-01 3.344206559799998979e-02 1.265544116984561914e-04
8.399999999999999689e-01 3.401171863300004455e-02 1.288488293768679210e-04
8.499999999999999778e-01 3.448700772099991957e-02 1.338314477813761871e-04
8.599999999999999867e-01 3.495780679799999346e-02 1.338687672036729460e-04
8.699999999999999956e-01 3.570136071149995760e-02 1.402049730764771984e-04
8.800000000000000044e-01 3.634137690150000821e-02 1.525141261824732941e-04
8.900000000000000133e-01 3.696270669599999864e-02 1.493411911856941127e-04
9.000000000000000222e-01 3.745700725849999274e-02 1.585149128537089716e-04
9.100000000000000311e-01 3.815956864649999725e-02 1.683797660697534178e-04
9.200000000000000400e-01 3.886912475650004806e-02 1.594144642932387047e-04
9.300000000000000488e-01 3.938528989599996560e-02 1.668281101698003074e-04
9.399999999999999467e-01 4.039220055499999351e-02 1.848056445150391205e-04
9.499999999999999556e-01 4.100424795100009873e-02 1.849260495377088936e-04
9.599999999999999645e-01 4.177874247599994845e-02 1.784219264788330830e-04
9.699999999999999734e-01 4.266574024999998660e-02 1.937420088948321663e-04
9.799999999999999822e-01 4.354120697900004666e-02 2.044172285080144357e-04
9.899999999999999911e-01 4.440875263399993861e-02 2.119741220970776201e-04
1.000000000000000000e+00 4.511718682199996472e-02 2.142973675649569444e-04
1.010000000000000009e+00 4.607255337200003714e-02 2.233357361275908654e-04
1.020000000000000018e+00 4.692917750650002495e-02 2.388570218698508538e-04
1.030000000000000027e+00 4.844854662000003254e-02 2.328696568015395298e-04
1.040000000000000036e+00 4.903932913750009420e-02 2.453563387451836099e-04
1.050000000000000044e+00 5.000963507900005323e-02 2.516631530137417657e-04
1.060000000000000053e+00 5.134485971450008374e-02 2.850361425255813568e-04
1.070000000000000062e+00 5.231523773800000193e-02 2.708939523613881797e-04
1.080000000000000071e+00 5.372889454349995958e-02 2.848363178367772507e-04
1.090000000000000080e+00 5.464056425299991526e-02 2.993145596314375598e-04
1.100000000000000089e+00 5.626832374350006910e-02 3.346878365013201593e-04
1.110000000000000098e+00 5.753200944400000544e-02 3.283643585598459741e-04
1.120000000000000107e+00 5.860184669100001326e-02 3.336093690355743536e-04
1.129999999999999893e+00 6.020005994200009619e-02 3.584207289506423887e-04
1.139999999999999902e+00 6.235922330349997350e-02 4.092331841009102470e-04
1.149999999999999911e+00 6.343661330849997837e-02 4.178661590119857891e-04
1.159999999999999920e+00 6.560783037199995060e-02 4.530515588691430172e-04
1.169999999999999929e+00 6.754582080749992057e-02 4.774549951928552479e-04
1.179999999999999938e+00 6.981324180250000899e-02 5.420706725792689366e-04
1.189999999999999947e+00 7.180687319449997885e-02 5.492441962417268092e-04
1.199999999999999956e+00 7.488447709400004870e-02 6.513188413384443480e-04
1.209999999999999964e+00 7.731706951099998060e-02 7.348719205639913602e-04
1.219999999999999973e+00 7.983728191250004380e-02 7.456182142300191162e-04
1.229999999999999982e+00 8.268153917600008784e-02 8.664165319679550991e-04
1.239999999999999991e+00 8.674937468799996665e-02 9.896489617060503889e-04
1.250000000000000000e+00 9.044258528900006588e-02 1.186315300899008253e-03
1.260000000000000009e+00 9.439984069799987887e-02 1.272861349591450537e-03
1.270000000000000018e+00 9.981910916349995277e-02 1.573371662941486053e-03
1.280000000000000027e+00 1.054244560230000738e-01 1.887005887520058506e-03
1.290000000000000036e+00 1.130315973715000505e-01 2.465409305344663619e-03
1.300000000000000044e+00 1.223719747794999174e-01 3.423145015903150158e-03
1.310000000000000053e+00 1.304311824989999868e-01 3.973913025164624649e-03
1.320000000000000062e+00 1.446833161559999692e-01 4.901107353488818978e-03
1.330000000000000071e+00 1.576169062584998892e-01 5.646131350454542536e-03
1.340000000000000080e+00 1.769873033679999486e-01 6.682896585827421097e-03
1.350000000000000089e+00 1.999215551624998199e-01 7.779101404852636729e-03
1.360000000000000098e+00 2.293347399319999314e-01 9.174485467927534846e-03
1.370000000000000107e+00 2.545414736169999137e-01 9.816335835741086396e-03
1.379999999999999893e+00 3.031786509999999102e-01 1.096241906438218984e-02
1.389999999999999902e+00 3.490627218720001035e-01 1.189579160550001749e-02
1.399999999999999911e+00 3.947291469749996673e-01 1.231416467086870158e-02
1.409999999999999920e+00 4.376358902499999926e-01 1.249811713025220095e-02
1.419999999999999929e+00 4.858953762700000678e-01 1.229660841689861686e-02
1.429999999999999938e+00 5.324606083099997500e-01 1.153589608220187933e-02
1.439999999999999947e+00 5.705196039349998971e-01 1.043506167498172744e-02
1.449999999999999956e+00 6.062968331149996004e-01 9.509032729840225309e-03
1.459999999999999964e+00 6.365722001949998266e-01 8.408373095154521651e-03
1.469999999999999973e+00 6.647200869699989578e-01 7.006630724442543950e-03
1.479999999999999982e+00 6.868697718099987526e-01 6.208424475149076048e-03
1.489999999999999991e+00 7.061122341250010148e-01 5.548490778270319390e-03
1.500000000000000000e+00 7.226422372549998752e-01 4.833277882442062537e-03
1.510000000000000009e+00 7.385227293699998530e-01 3.742162550630884470e-03
1.520000000000000018e+00 7.517146803099999941e-01 3.141855192165196337e-03
1.530000000000000027e+00 7.627130598549994867e-01 2.714966961839175661e-03
1.540000000000000036e+00 7.725688054150009476e-01 2.546780999954163099e-03
1.550000000000000044e+00 7.816901905399992190e-01 2.298117107568305954e-03
1.560000000000000053e+00 7.899714688050003542e-01 2.156782932923689139e-03
1.570000000000000062e+00 7.978793822849995498e-01 1.915398609297397706e-03
1.580000000000000071e+00 8.050023068349984046e-01 1.801726978755116906e-03
1.590000000000000080e+00 8.116307470949992720e-01 1.781715977225787825e-03
1.600000000000000089e+00 8.179795560549987243e-01 1.623824948947078742e-03
1.610000000000000098e+00 8.237610231549995499e-01 1.547584640602653241e-03
1.620000000000000107e+00 8.291618695700011532e-01 1.488289111783238326e-03
1.629999999999999893e+00 8.342738731850014577e-01 1.423287267077249282e-03
1.639999999999999902e+00 8.391437837499994279e-01 1.366761264216502167e-03
1.649999999999999911e+00 8.436734422450008486e-01 1.309335392273494733e-03
1.659999999999999920e+00 8.480572008450001364e-01 1.259096791468041409e-03
1.669999999999999929e+00 8.521632926050002332e-01 1.208639536140399722e-03
1.679999999999999938e+00 8.560142851649999995e-01 1.163610721786798767e-03
1.689999999999999947e+00 8.596839152599993206e-01 1.124662672735174222e-03
1.699999999999999956e+00 8.632281168150010009e-01 1.088800563805062760e-03
1.709999999999999964e+00 8.666833608800000865e-01 1.049654662084165612e-03
