6.400000000000000133e-01 3.510629410049995180e-02 1.075288234676878687e-04
6.500000000000000222e-01 3.550944634799996918e-02 1.069374636218521548e-04
6.600000000000000311e-01 3.597742487800006245e-02 1.185445108713119512e-04
6.700000000000000400e-01 3.634886942750001348e-02 1.195799041667507356e-04
6.800000000000000488e-01 3.691293900000006123e-02 1.196663400731528274e-04
6.899999999999999467e-01 3.726934698400002216e-02 1.247558703025813248e-04
6.999999999999999556e-01 3.779364909049996724e-02 1.180524598467247996e-04
7.099999999999999645e-01 3.833503849800007357e-02 1.196184416295544787e-04
7.199999999999999734e-01 3.864475015699991856e-02 1.246244450941075038e-04
7.299999999999999822e-01 3.910121211249999174e-02 1.271622445969216556e-04
7.399999999999999911e-01 3.970748965300001376e-02 1.245224039000133000e-04
7.500000000000000000e-01 4.026607472199996568e-02 1.309359026833238604e-04
7.600000000000000089e-01 4.077562708999997454e-02 1.430510879200718810e-04
7.700000000000000178e-01 4.132098902850001726e-02 1.354652245342565626e-04
7.800000000000000266e-01 4.200494321299998168e-02 1.437579389070535853e-04
7.900000000000000355e-01 4.252512568400000637e-02 1.350682657480054038e-04
8.000000000000000444e-01 4.316806101100001403e-02 1.344222033280398517e-04
8.100000000000000533e-01 4.361807049150002308e-02 1.656927362762677090e-04
8.199999999999999512e-01 4.445701187800001758e-02 1.682265293262528039e-04
8.299999999999999600e-01 4.509141380650002334e-02 1.724381801057620826e-04
8.399999999999999689e-01 4.553017388550004846e-02 1.467194331940579793e-04
8.499999999999999778e-01 4.622510605999994443e-02 1.732146916023306741e-04
8.599999999999999867e-01 4.694108644150000315e-02 1.735734105579009355e-04
8.699999999999999956e-01 4.776333712600003972e-02 1.733063083172012211e-04
8.800000000000000044e-01 4.840670889700004337e-02 1.860473983129867358e-04
8.900000000000000133e-01 4.920420366949995045e-02 1.892939621067100476e-04
9.000000000000000222e-01 4.986555199599999183e-02 1.904866607075216174e-04
9.100000000000000311e-01 5.063671513000006508e-02 1.839087912715546959e-04
9.200000000000000400e-01 5.165154858050004932e-02 2.030904294915839893e-04
9.300000000000000488e-01 5.228059184050001112e-02 1.974612242365630867e-04
9.399999999999999467e-01 5.322457449550001274e-02 2.218136504389198595e-04
9.499999999999999556e-01 5.401042145300003622e-02 2.138849087786182091e-04
9.599999999999999645e-01 5.506250929899999397e-02 2.470393541088727624e-04
9.699999999999999734e-01 5.591302105800003558e-02 2.345774083783357057e-04
9.799999999999999822e-01 5.689943708500001113e-02 2.416061500465191587e-04
9.899999999999999911e-01 5.814591291350001967e-02 2.650569466404514699e-04
1.000000000000000000e+00 5.920957891899998604e-02 2.531166180670151641e-04
1.010000000000000009e+00 5.965896804400001863e-02 2.921331091197492368e-04
1.020000000000000018e+00 6.142803423599992041e-02 2.668541168784574502e-04
1.030000000000000027e+00 6.244495220550008718e-02 2.802666065956043026e-04
1.040000000000000036e+00 6.378996788700015685e-02 3.154327974227309674e-04
1.050000000000000044e+00 6.497859139949999085e-02 3.132454300861705894e-04
1.060000000000000053e+00 6.602779817349997693e-02 3.460407157972736542e-04
1.070000000000000062e+00 6.763128677550012124e-02 3.549209780583684496e-04
1.080000000000000071e+00 6.878131672800003038e-02 3.718279398280626802e-04
1.090000000000000080e+00 7.081750970700013970e-02 3.579052455364538496e-04
1.100000000000000089e+00 7.197674667400001669e-02 4.063362454901678876e-04
1.110000000000000098e+00 7.334221206500002310e-02 4.348493592084801910e-04
1.120000000000000107e+00 7.558739633400005098e-02 4.531643695434579410e-04
1.129999999999999893e+00 7.732203563749998065e-02 4.392209942472092882e-04
1.139999999999999902e+00 7.895102687449996604e-02 4.604122166550551659e-04
1.149999999999999911e+00 8.067061092749992779e-02 5.312550558316403177e-04
1.159999999999999920e+00 8.252816459300005292e-02 5.453645723519855810e-04
1.169999999999999929e+00 8.551908215249995338e-02 6.078441320318126373e-04
1.179999999999999938e+00 8.763704059450000416e-02 6.989871210536705405e-04
1.189999999999999947e+00 9.033072619449990237e-02 7.133170418469401801e-04
1.199999999999999956e+00 9.300620923800001494e-02 8.408170935620528502e-04
1.209999999999999964e+00 9.557914856049988528e-02 8.396776614078930176e-04
1.219999999999999973e+00 9.855499678250018158e-02 8.496566430299600740e-04
1.229999999999999982e+00 1.015677314075001114e-01 1.040962290625441558e-03
1.239999999999999991e+00 1.056013856175001264e-01 1.081051690678597622e-03
1.250000000000000000e+00 1.093577283110000326e-01 1.295882986980715842e-03
1.260000000000000009e+00 1.141676901524999038e-01 1.480430803118577311e-03
1.270000000000000018e+00 1.181587121895000259e-01 1.846846508351348073e-03
1.280000000000000027e+00 1.244989231545001046e-01 2.186505448005159058e-03
1.290000000000000036e+00 1.297202906634997432e-01 2.431792646508503311e-03
1.300000000000000044e+00 1.377428430325000897e-01 2.804955582703845280e-03
1.310000000000000053e+00 1.450365770520003761e-01 3.368866835248153068e-03
1.320000000000000062e+00 1.540365936014999881e-01 3.932061281616185816e-03
1.330000000000000071e+00 1.642211537680001443e-01 4.381780426278205492e-03
1.340000000000000080e+00 1.792715165380001363e-01 5.276861669418715650e-03
1.350000000000000089e+00 1.949353927305000067e-01 6.189728867110853849e-03
1.360000000000000098e+00 2.130838513400004353e-01 6.848370953880906012e-03
1.370000000000000107e+00 2.345413309250001799e-01 8.268416723411739153e-03
1.379999999999999893e+00 2.531189334899999199e-01 8.966733441100216417e-03
1.389999999999999902e+00 2.796010079749995936e-01 9.746765790232767360e-03
1.399999999999999911e+00 3.105752198150000254e-01 1.064745368149796860e-02
1.409999999999999920e+00 3.437834505850001499e-01 1.135196118524943454e-02
1.419999999999999929e+00 3.771712016449998428e-01 1.206555561412357876e-02
1.429999999999999938e+00 4.104947667999995220e-01 1.209065044512803652e-02
1.439999999999999947e+00 4.385803801899998966e-01 1.252628362243914453e-02
1.449999999999999956e+00 4.726942712550004089e-01 1.262482672828285288e-02
1.459999999999999964e+00 5.088107266349999325e-01 1.234631956711832422e-02
1.469999999999999973e+00 5.376251643850001871e-01 1.192197173400316897e-02
1.479999999999999982e+00 5.682417390699998627e-01 1.151603040638967193e-02
1.489999999999999991e+00 5.931712368649996181e-01 1.121595401621390542e-02
1.500000000000000000e+00 6.225897222350005311e-01 1.009444163713632374e-02
1.510000000000000009e+00 6.524118269799998870e-01 8.902955003911165385e-03
1.520000000000000018e+00 6.742078912700001370e-01 8.394656119195157556e-03
1.530000000000000027e+00 6.951093308400004833e-01 7.321126641665383003e-03
1.540000000000000036e+00 7.127829636349998221e-01 6.670239447478906909e-03
1.550000000000000044e+00 7.297141082650001609e-01 5.827892552685553021e-03
1.560000000000000053e+00 7.430412624600005733e-01 5.403108690810317152e-03
1.570000000000000062e+00 7.569010704450004345e-01 4.658004169667840852e-03
1.580000000000000071e+00 7.675871241550002999e-01 4.234792837206239474e-03
1.590000000000000080e+00 7.789025269400001728e-01 3.393571625387774293e-03
1.600000000000000089e+00 7.874511696349992818e-01 3.148511142634624702e-03
1.610000000000000098e+00 7.958330020500007373e-01 2.825294072741780377e-03
1.620000000000000107e+00 8.030432599750005895e-01 2.659492409021425516e-03
1.629999999999999893e+00 8.101562455950006569e-01 2.471014897705313407e-03
1.639999999999999902e+00 8.164727735200004721e-01 2.331350661378457905e-03
1.649999999999999911e+00 8.225430693850004360e-01 2.203053838569058766e-03
1.659999999999999920e+00 8.280897523850002662e-01 2.082889083920499984e-03
1.669999999999999929e+00 8.332976977400009533e-01 1.974734360345715197e-03
1.679999999999999938e+00 8.382557728200001890e-01 1.888588940554119470e-03
1.689999999999999947e+00 8.428676330700008990e-01 1.796732804147763672e-03
1.699999999999999956e+00 8.471644074850007700e-01 1.718775387417520017e-03
1.709999999999999964e+00 8.513409050650017074e-01 1.643811389416410806e-03
1.719999999999999973e+00 8.554072819649993775e-01 1.574285388906864099e-03
1.729999999999999982e+00 8.591487884450003110e-01 1.509348176236016865e-03
1.739999999999999991e+00 8.626615484349997587e-01 1.450447066016508123e-03
1.750000000000000000e+00 8.661088731250004003e-01 1.388042158581996848e-03
1.760000000000000009e+00 8.692574329950004675e-01 1.340050434961963981e-03
1.770000000000000018e+00 8.722239037650000304e-01 1.291783405530229096e-03
1.780000000000000027e+00 8.751716396250004415e-01 1.250416872541383834e-03
1.790000000000000036e+00 8.778791393949993971e-01 1.213312686782959306e-03
1.800000000000000044e+00 8.805661102899996484e-01 1.173887982773438561e-03
1.810000000000000053e+00 8.831630614949987912e-01 1.132698306531077122e-03
1.820000000000000062e+00 8.857317036699986490e-01 1.093325245278527766e-03
1.830000000000000071e+00 8.881204588200004579e-01 1.055012702238442880e-03
1.840000000000000080e+00 8.904085675849986448e-01 1.023927464318481013e-03
