2.300000000000000100e-01 8.481888640300004611e-02 4.285088281158483804e-04
2.399999999999999911e-01 8.581638377700016862e-02 4.618855555249397294e-04
2.500000000000000000e-01 8.710500034000003000e-02 4.374903416488142884e-04
2.600000000000000089e-01 8.839362290299998537e-02 4.692979168484733119e-04
2.700000000000000178e-01 8.998269465699995640e-02 4.677708312710783956e-04
2.800000000000000266e-01 9.090163302100007225e-02 4.913064144685751851e-04
2.899999999999999800e-01 9.242286049699997841e-02 4.880341534745235459e-04
2.999999999999999889e-01 9.301688498700005914e-02 4.974462634753903977e-04
3.099999999999999978e-01 9.448838456100004668e-02 5.403491227137029954e-04
3.200000000000000067e-01 9.518499536900015823e-02 5.306955536564061764e-04
3.300000000000000155e-01 9.659768620799995265e-02 5.916402635422520883e-04
3.400000000000000244e-01 9.843997012699995386e-02 5.814941816629560535e-04
3.499999999999999778e-01 9.891617890899992438e-02 5.619171719576781252e-04
3.599999999999999867e-01 9.995078624900000097e-02 5.924486250968349476e-04
3.699999999999999956e-01 1.012444891230000893e-01 5.984179852033584155e-04
3.800000000000000044e-01 1.021642280940001091e-01 6.265234263282250336e-04
3.900000000000000133e-01 1.040720064060000893e-01 6.296128927971335202e-04
4.000000000000000222e-01 1.048881393559999153e-01 5.915804262858864434e-04
4.099999999999999756e-01 1.072859871370000773e-01 6.535088983613638334e-04
4.199999999999999845e-01 1.082754867600000254e-01 6.727572284210660888e-04
4.299999999999999933e-01 1.094370167979999281e-01 7.075852825868945810e-04
4.400000000000000022e-01 1.110670605580000997e-01 6.952270995532506019e-04
4.500000000000000111e-01 1.122413395210001691e-01 7.525471553620007199e-04
4.600000000000000200e-01 1.135854174780000919e-01 7.465975466204282773e-04
4.699999999999999734e-01 1.160213354570000799e-01 8.890676493735159011e-04
4.799999999999999822e-01 1.165746289799999419e-01 8.617421117588261285e-04
4.899999999999999911e-01 1.184094798679999477e-01 9.503638810817084280e-04
5.000000000000000000e-01 1.198100718840000162e-01 9.583040241981560575e-04
5.100000000000000089e-01 1.213237730199998726e-01 9.516922186722299223e-04
5.200000000000000178e-01 1.224388737759999901e-01 9.859577082970165038e-04
5.300000000000000266e-01 1.237869323500000035e-01 9.984701849226028381e-04
5.400000000000000355e-01 1.261885286500000480e-01 1.005867674061493387e-03
5.500000000000000444e-01 1.279810564300000175e-01 9.745562643856717873e-04
5.600000000000000533e-01 1.287702299499998981e-01 1.082219536355677903e-03
5.699999999999999512e-01 1.307632493200001078e-01 1.018185338151232069e-03
5.799999999999999600e-01 1.324776329200001435e-01 1.114280916373548485e-03
5.899999999999999689e-01 1.340074294300001023e-01 1.127034986256759920e-03
5.999999999999999778e-01 1.349866318999998205e-01 1.119744673046755689e-03
6.099999999999999867e-01 1.368595401100000108e-01 1.052921391269300445e-03
6.199999999999999956e-01 1.385219676200001304e-01 1.030191313737181162e-03
6.300000000000000044e-01 1.407084479700000113e-01 1.105759127228975180e-03
6.400000000000000133e-01 1.423612042199998706e-01 1.181797819770279059e-03
6.500000000000000222e-01 1.439759706099999204e-01 1.110908690669727434e-03
6.600000000000000311e-01 1.459506831399999816e-01 1.155325723514254166e-03
6.700000000000000400e-01 1.479415725100000634e-01 1.202310684589719819e-03
6.800000000000000488e-01 1.497341110699997868e-01 1.246384512885069604e-03
6.899999999999999467e-01 1.511677512400000367e-01 1.184446313607110356e-03
6.999999999999999556e-01 1.539918585199998857e-01 1.300349880160494307e-03
7.099999999999999645e-01 1.564312942300001563e-01 1.359909013994468419e-03
7.199999999999999734e-01 1.580259464399998981e-01 1.280055112969490528e-03
7.299999999999999822e-01 1.593405550200001075e-01 1.369735215644905324e-03
7.399999999999999911e-01 1.618551078600000137e-01 1.336304929416345716e-03
7.500000000000000000e-01 1.654714935500001816e-01 1.519882222922719741e-03
7.600000000000000089e-01 1.662093882800000644e-01 1.594016954422833050e-03
7.700000000000000178e-01 1.703572685800000819e-01 1.644916833913549932e-03
7.800000000000000266e-01 1.715011554100000779e-01 1.543783954786753310e-03
7.900000000000000355e-01 1.734255861799999798e-01 1.583766930643839025e-03
8.000000000000000444e-01 1.768490853999998835e-01 1.732416621621845005e-03
8.100000000000000533e-01 1.800563013900001452e-01 1.858929388932343630e-03
8.199999999999999512e-01 1.820753932799998587e-01 1.954890953698655131e-03
8.299999999999999600e-01 1.858741655800001946e-01 2.066907045760711832e-03
8.399999999999999689e-01 1.872458604599997745e-01 2.033786549342972687e-03
8.499999999999999778e-01 1.903931487699999925e-01 2.195099755294822180e-03
8.599999999999999867e-01 1.933759155599996393e-01 2.129375279864140300e-03
8.699999999999999956e-01 1.957575088599999291e-01 2.176459101196825605e-03
8.800000000000000044e-01 2.012494204399997433e-01 2.528646711430878463e-03
8.900000000000000133e-01 2.032813891599997425e-01 2.598690693607552758e-03
9.000000000000000222e-01 2.077778201400000135e-01 2.598220973024578922e-03
9.100000000000000311e-01 2.098551579000000333e-01 2.703327828633111940e-03
9.200000000000000400e-01 2.126216498800001797e-01 2.741234444236283988e-03
9.300000000000000488e-01 2.176038511400001652e-01 2.869893509939161307e-03
9.399999999999999467e-01 2.202277760500000736e-01 2.884586208631852861e-03
9.499999999999999556e-01 2.250120680699999043e-01 3.431091702069264532e-03
9.599999999999999645e-01 2.292025750699999975e-01 3.251089418067952628e-03
9.699999999999999734e-01 2.325276653100002422e-01 3.578106702791507016e-03
9.799999999999999822e-01 2.377144366900000028e-01 3.556550555955301663e-03
9.899999999999999911e-01 2.426138748000002676e-01 3.971681270550537178e-03
1.000000000000000000e+00 2.461930359599999452e-01 4.026523383855682217e-03
1.010000000000000009e+00 2.523580497400000344e-01 4.430788448575459504e-03
1.020000000000000018e+00 2.587414108099999610e-01 5.209027419050760860e-03
1.030000000000000027e+00 2.654660657600001472e-01 5.948914188679762377e-03
1.040000000000000036e+00 2.712352960099997934e-01 5.913219942106499524e-03
1.050000000000000044e+00 2.797043658999999183e-01 6.654286489338944940e-03
1.060000000000000053e+00 2.845795561099995763e-01 6.889504616938842314e-03
1.070000000000000062e+00 2.918530138599998991e-01 7.466166011833907760e-03
1.080000000000000071e+00 2.991740835300001344e-01 8.097954875525250479e-03
1.090000000000000080e+00 3.082252204799999507e-01 8.214559121489783261e-03
1.100000000000000089e+00 3.165307409399998884e-01 8.977114321804797667e-03
1.110000000000000098e+00 3.274275445300000587e-01 9.557365386619956493e-03
1.120000000000000107e+00 3.342562657200001119e-01 9.849926952407675462e-03
1.129999999999999893e+00 3.430952666900001224e-01 1.033576592338248355e-02
1.139999999999999902e+00 3.537683698600007087e-01 1.080875812282197992e-02
1.149999999999999911e+00 3.619563526500000350e-01 1.112008639562653799e-02
1.159999999999999920e+00 3.735006917600000031e-01 1.174745147578522622e-02
1.169999999999999929e+00 3.814943451100002436e-01 1.200039383411282551e-02
1.179999999999999938e+00 3.948022653499995704e-01 1.233059848717185485e-02
1.189999999999999947e+00 4.037101081000000757e-01 1.260440884039969352e-02
1.199999999999999956e+00 4.138342664800001569e-01 1.315774252860326711e-02
1.209999999999999964e+00 4.261133924100000137e-01 1.358868291044400788e-02
1.219999999999999973e+00 4.379212580299995938e-01 1.416693903538456326e-02
1.229999999999999982e+00 4.492547566100002499e-01 1.454732534472847651e-02
1.239999999999999991e+00 4.609680289800001107e-01 1.477655276985806627e-02
1.250000000000000000e+00 4.762818912799996474e-01 1.493512774709742329e-02
1.260000000000000009e+00 4.854326404099995051e-01 1.545898363301830176e-02
1.270000000000000018e+00 4.957400967099995781e-01 1.571736925536301038e-02
1.280000000000000027e+00 5.106059222300003420e-01 1.613084857854458348e-02
1.290000000000000036e+00 5.236101345499993842e-01 1.650862668049883630e-02
1.300000000000000044e+00 5.325281799499995694e-01 1.653314858389060352e-02
1.310000000000000053e+00 5.471238393599995309e-01 1.670114784809842087e-02
1.320000000000000062e+00 5.585916336100003043e-01 1.684332821034404196e-02
1.330000000000000071e+00 5.692816151799998670e-01 1.694291227797817614e-02
1.340000000000000080e+00 5.792986810299998179e-01 1.700858649429800792e-02
1.350000000000000089e+00 5.926515575599994312e-01 1.693982113139630430e-02
1.360000000000000098e+00 6.035180679499997369e-01 1.695058018660424576e-02
1.370000000000000107e+00 6.150650344199999342e-01 1.718010061922722875e-02
1.379999999999999893e+00 6.254922221199996635e-01 1.734704017544633561e-02
1.389999999999999902e+00 6.382617532799994553e-01 1.702169271276525453e-02
1.399999999999999911e+00 6.499890221800004309e-01 1.690287167085212025e-02
1.409999999999999920e+00 6.580963370400003676e-01 1.694306729915066867e-02
1.419999999999999929e+00 6.718867692200002351e-01 1.636792365738532623e-02
1.429999999999999938e+00 6.833078378500001548e-01 1.632746062687440158e-02
1.439999999999999947e+00 6.934173529499990662e-01 1.593824130106197279e-02
1.449999999999999956e+00 7.021562961099996336e-01 1.579845263205524944e-02
1.459999999999999964e+00 7.106613719399996754e-01 1.547848428205451932e-02
1.469999999999999973e+00 7.190090857200002183e-01 1.512146795395421552e-02
1.479999999999999982e+00 7.277620418799999324e-01 1.497463726217298369e-02
1.489999999999999991e+00 7.379829132599992070e-01 1.435501570318025409e-02
1.500000000000000000e+00 7.451033652400009810e-01 1.413373499525482323e-02
1.510000000000000009e+00 7.520419606200016149e-01 1.386800883081765537e-02
1.520000000000000018e+00 7.601578678600001693e-01 1.340382192955942575e-02
1.530000000000000027e+00 7.699509452600006298e-01 1.281640911746645232e-02
1.540000000000000036e+00 7.769895243199996804e-01 1.242705180514211416e-02
1.550000000000000044e+00 7.859120347900006021e-01 1.199119964262183521e-02
1.560000000000000053e+00 7.937806479799998094e-01 1.160385244163416978e-02
1.570000000000000062e+00 7.987720758300003165e-01 1.144865753095044084e-02
1.580000000000000071e+00 8.052528517999992808e-01 1.121187378494870393e-02
1.590000000000000080e+00 8.117335853399997303e-01 1.083752606839158417e-02
1.600000000000000089e+00 8.172798756600001546e-01 1.068419263561291507e-02
1.610000000000000098e+00 8.229411027200002060e-01 1.043968446680455971e-02
1.620000000000000107e+00 8.278795482199996503e-01 1.007325950570734513e-02
1.629999999999999893e+00 8.324550569999997762e-01 9.870902236211507794e-03
1.639999999999999902e+00 8.363424760600006724e-01 9.768456762916445310e-03
1.649999999999999911e+00 8.413986910100021976e-01 9.382289049266549427e-03
1.659999999999999920e+00 8.453930613899992563e-01 9.215852108228703848e-03
1.669999999999999929e+00 8.492880038400005827e-01 9.010175278659968839e-03
1.679999999999999938e+00 8.531105085700003698e-01 8.780363954291480269e-03
1.689999999999999947e+00 8.572566853800008824e-01 8.644567755399222911e-03
1.699999999999999956e+00 8.604078489700002219e-01 8.499732814608447831e-03
1.709999999999999964e+00 8.644279113900011913e-01 8.105387350700219221e-03
1.719999999999999973e+00 8.677046309099997190e-01 8.000152578119758620e-03
1.729999999999999982e+00 8.713887377800009215e-01 7.734988812278698229e-03
1.739999999999999991e+00 8.752256031299999739e-01 7.390452132712023274e-03
1.750000000000000000e+00 8.777678399900002981e-01 7.302491807216746934e-03
1.760000000000000009e+00 8.805188677900004368e-01 7.158361555717636208e-03
1.770000000000000018e+00 8.837635385300004476e-01 6.938345024124403272e-03
1.780000000000000027e+00 8.866435132400007912e-01 6.649388288051890500e-03
1.790000000000000036e+00 8.891250131400020296e-01 6.582953331505301403e-03
1.800000000000000044e+00 8.914653640400005408e-01 6.360128625596391146e-03
1.810000000000000053e+00 8.937361492499993343e-01 6.264453215172455063e-03
1.820000000000000062e+00 8.959395390600001230e-01 6.103976036882272083e-03
1.830000000000000071e+00 8.978607205900008825e-01 6.047275827193270871e-03
1.840000000000000080e+00 8.998969457200004518e-01 5.861619928709915599e-03
1.850000000000000089e+00 9.017623590199990158e-01 5.784834557687029352e-03
1.860000000000000098e+00 9.037128729300004659e-01 5.630329426324315149e-03
1.870000000000000107e+00 9.052720128199984728e-01 5.600898647586704734e-03
1.879999999999999893e+00 9.067383046399996038e-01 5.485919419908911153e-03
1.889999999999999902e+00 9.083522254799991646e-01 5.439611945222628045e-03
1.899999999999999911e+00 9.099730631899994870e-01 5.371542911081629394e-03
1.909999999999999920e+00 9.120353734700005210e-01 5.095903680243389980e-03
1.919999999999999929e+00 9.134542909300000790e-01 5.122560597437144855e-03
1.929999999999999938e+00 9.155899329700003531e-01 4.914031381538012250e-03
1.939999999999999947e+00 9.169453694200002669e-01 4.842186575118061741e-03
1.949999999999999956e+00 9.182490940400004353e-01 4.815616122671798061e-03
1.959999999999999964e+00 9.196323545400015842e-01 4.672253391970668072e-03
1.969999999999999973e+00 9.208687005100003597e-01 4.627521374305294116e-03
1.979999999999999982e+00 9.221788951499989562e-01 4.524768104636332777e-03
1.989999999999999991e+00 9.235167564499993098e-01 4.442013015041101909e-03
2.000000000000000000e+00 9.250423195400006016e-01 4.287037051229923568e-03
2.009999999999999787e+00 9.262908764600003009e-01 4.200696015817493439e-03
2.020000000000000018e+00 9.275364731899998771e-01 4.081292663202934663e-03
2.029999999999999805e+00 9.286886341199989126e-01 3.953786033069366622e-03
2.040000000000000036e+00 9.299018452599994156e-01 3.835344159765423193e-03
2.049999999999999822e+00 9.309130565100004473e-01 3.833466760563985706e-03
2.060000000000000053e+00 9.320527357300002480e-01 3.720139007788669360e-03
2.069999999999999840e+00 9.330369606300014107e-01 3.677404392319449065e-03
2.080000000000000071e+00 9.340369947599994616e-01 3.552282437616613876e-03
2.089999999999999858e+00 9.349408777499998990e-01 3.516246529264718639e-03
2.100000000000000089e+00 9.358847312200005986e-01 3.413100286896662752e-03
2.109999999999999876e+00 9.367318161400015608e-01 3.360382322730774696e-03
2.120000000000000107e+00 9.376398262000010808e-01 3.296098020950761435e-03
2.129999999999999893e+00 9.385085268500005240e-01 3.192368439504062166e-03
2.140000000000000124e+00 9.393715364099992637e-01 3.102464142600598520e-03
2.149999999999999911e+00 9.402479360299988986e-01 3.009890629711312483e-03
2.160000000000000142e+00 9.410824446299991264e-01 2.942072148657676883e-03
2.169999999999999929e+00 9.419178830399997926e-01 2.869123724947118727e-03
2.180000000000000160e+00 9.427738789000015274e-01 2.793398576782734743e-03
2.189999999999999947e+00 9.435212797400003293e-01 2.744370475214561161e-03
2.200000000000000178e+00 9.442776364899995167e-01 2.684590509056615157e-03
2.209999999999999964e+00 9.449971122999990536e-01 2.630353256644043028e-03
2.220000000000000195e+00 9.456758748499989320e-01 2.584859332845673881e-03
2.229999999999999982e+00 9.463369888099998350e-01 2.548259893923183507e-03
2.240000000000000213e+00 9.469948969500002756e-01 2.496115641916418163e-03
2.250000000000000000e+00 9.476129844900001986e-01 2.462331327921719621e-03
2.259999999999999787e+00 9.482272109500008428e-01 2.423293025119865798e-03
2.270000000000000018e+00 9.489118620400012194e-01 2.319077113295299475e-03
2.279999999999999805e+00 9.495175828299994292e-01 2.267752866236469322e-03
2.290000000000000036e+00 9.500977631400000512e-01 2.225823146862605881e-03
2.299999999999999822e+00 9.506636020600002235e-01 2.187620423554675203e-03
2.310000000000000053e+00 9.512205028700004839e-01 2.150174612862366247e-03
2.319999999999999840e+00 9.517542059099989293e-01 2.119186936768474756e-03
2.330000000000000071e+00 9.522750078799996354e-01 2.090292342960256653e-03
2.339999999999999858e+00 9.527905875600007901e-01 2.061208145384453311e-03
2.350000000000000089e+00 9.532922149200011575e-01 2.035070401392543703e-03
2.359999999999999876e+00 9.537848141499994936e-01 2.009578537327104831e-03
2.370000000000000107e+00 9.542510871000001726e-01 1.994049607530964247e-03
2.379999999999999893e+00 9.547041365900005294e-01 1.981894982250230475e-03
2.390000000000000124e+00 9.552039995199996802e-01 1.937261974367895413e-03
2.399999999999999911e+00 9.556880056399996715e-01 1.898642194530658156e-03
2.410000000000000142e+00 9.561582425799999285e-01 1.864241961649122517e-03
2.419999999999999929e+00 9.566098045399998862e-01 1.835261657937230879e-03
2.430000000000000160e+00 9.570586033899993739e-01 1.805502309458455884e-03
2.439999999999999947e+00 9.574998318100004235e-01 1.776684633039191758e-03
2.450000000000000178e+00 9.579257903099989147e-01 1.751746105036531978e-03
2.459999999999999964e+00 9.583464276800008896e-01 1.726825125006090523e-03
2.470000000000000195e+00 9.587643812100015150e-01 1.700905415063124013e-03
2.479999999999999982e+00 9.591651481400000900e-01 1.679754009816963748e-03
2.490000000000000213e+00 9.595660871100005762e-01 1.656465309514983065e-03
2.500000000000000000e+00 9.599927942800007274e-01 1.621140585364230042e-03
2.509999999999999787e+00 9.603912654000007487e-01 1.595162243598941161e-03
2.520000000000000018e+00 9.607788414600004767e-01 1.571516401921821144e-03
2.529999999999999805e+00 9.611579101600002950e-01 1.549291672407813623e-03
2.540000000000000036e+00 9.615295153100001935e-01 1.528127161405392308e-03
2.549999999999999822e+00 9.618941999600003623e-01 1.507852223785672565e-03
2.560000000000000053e+00 9.622523957499993230e-01 1.488346257223996426e-03
2.569999999999999840e+00 9.626044606699994954e-01 1.469517060697652679e-03
2.580000000000000071e+00 9.629505110200010654e-01 1.451296404405578175e-03
2.589999999999999858e+00 9.632908568299997087e-01 1.433649608363843407e-03
2.600000000000000089e+00 9.636257260600001873e-01 1.416524178548637198e-03
2.609999999999999876e+00 9.639552056000002533e-01 1.399873427565537275e-03
2.620000000000000107e+00 9.642795567600007667e-01 1.383683296958039240e-03
2.629999999999999893e+00 9.645988698299992059e-01 1.367921136800532731e-03
2.640000000000000124e+00 9.649132823999995168e-01 1.352559789726518911e-03
2.649999999999999911e+00 9.652229637400002726e-01 1.337575964607332080e-03
