6.300000000000000044e-01 3.519574478099997406e-02 1.158742334458337585e-04
6.400000000000000133e-01 3.558816286200001955e-02 1.197621045289049777e-04
6.500000000000000222e-01 3.602937210850003236e-02 1.328907205575806535e-04
6.600000000000000311e-01 3.658796221950001704e-02 1.252433011198420400e-04
6.700000000000000400e-01 3.710098970249992717e-02 1.336859176676216383e-04
6.800000000000000488e-01 3.755884552199999921e-02 1.392915788367973058e-04
6.899999999999999467e-01 3.808241269850002469e-02 1.369339543962629459e-04
6.999999999999999556e-01 3.859332637599994370e-02 1.404112652167536232e-04
7.099999999999999645e-01 3.920153885550003992e-02 1.365587327017944762e-04
7.199999999999999734e-01 3.987599727949996120e-02 1.418778637594834231e-04
7.299999999999999822e-01 4.029298293949999665e-02 1.435000175483604613e-04
7.399999999999999911e-01 4.076161676699999181e-02 1.448772485284183199e-04
7.500000000000000000e-01 4.143467289249997548e-02 1.515046192791116386e-04
7.600000000000000089e-01 4.204998598000004445e-02 1.587317543893909167e-04
7.700000000000000178e-01 4.263232973099993772e-02 1.619580451468233696e-04
7.800000000000000266e-01 4.347973127600001514e-02 1.581279333064804248e-04
7.900000000000000355e-01 4.399253994699998949e-02 1.663755046687537731e-04
8.000000000000000444e-01 4.462829349849994909e-02 1.856691120702155893e-04
8.100000000000000533e-01 4.529649130900004900e-02 1.788557241647448334e-04
8.199999999999999512e-01 4.614309755150004105e-02 1.806782092886511141e-04
8.299999999999999600e-01 4.673796187499996285e-02 1.974032002098775060e-04
8.399999999999999689e-01 4.755552939549990976e-02 1.742287504685159302e-04
8.499999999999999778e-01 4.809016007249999891e-02 1.958530207281753983e-04
8.599999999999999867e-01 4.905015525800004300e-02 2.116637493028905234e-04
8.699999999999999956e-01 5.005615111700000702e-02 2.150033262758491539e-04
8.800000000000000044e-01 5.071506731050004491e-02 2.152801286786771011e-04
8.900000000000000133e-01 5.137993475350001449e-02 2.328610587148915968e-04
9.000000000000000222e-01 5.255658516200007596e-02 2.411805187124669593e-04
9.100000000000000311e-01 5.353631493400001773e-02 2.541807888891320344e-04
9.200000000000000400e-01 5.436796990800005919e-02 2.398766337851800502e-04
9.300000000000000488e-01 5.526234022849993432e-02 2.555365959332666021e-04
9.399999999999999467e-01 5.635979268050003710e-02 2.698355139784893884e-04
9.499999999999999556e-01 5.749013967749994763e-02 2.881313897880715129e-04
9.599999999999999645e-01 5.849955021749998763e-02 2.876325720651578990e-04
9.699999999999999734e-01 5.934895043250001251e-02 2.791252027152066220e-04
9.799999999999999822e-01 6.059009040200012686e-02 3.186825128206656347e-04
9.899999999999999911e-01 6.182316107349994372e-02 3.389413739434092706e-04
1.000000000000000000e+00 6.327644080550004491e-02 3.322166862584262034e-04
1.010000000000000009e+00 6.444562614949995993e-02 3.658073244133221093e-04
1.020000000000000018e+00 6.550977566949997555e-02 3.443300199131156493e-04
1.030000000000000027e+00 6.675382353450003137e-02 3.808255077253218011e-04
1.040000000000000036e+00 6.803394392900000143e-02 3.897045493009737333e-04
1.050000000000000044e+00 7.004590425100000461e-02 4.384079106552494836e-04
1.060000000000000053e+00 7.117204157750001148e-02 4.199399573551763410e-04
1.070000000000000062e+00 7.298312606949995673e-02 4.527682169017096863e-04
1.080000000000000071e+00 7.443715626199999547e-02 5.063668455259352471e-04
1.090000000000000080e+00 7.594070584550005609e-02 5.128149619881361768e-04
1.100000000000000089e+00 7.751647956200004297e-02 5.309684088472201198e-04
1.110000000000000098e+00 7.979737979149986726e-02 6.011177409632490615e-04
1.120000000000000107e+00 8.168961991699984215e-02 6.063084085265063074e-04
1.129999999999999893e+00 8.373091543649989477e-02 6.367564822964556347e-04
1.139999999999999902e+00 8.586827597599999695e-02 6.902023547706559979e-04
1.149999999999999911e+00 8.797312757400008176e-02 7.252513278416866313e-04
1.159999999999999920e+00 9.027162954750009294e-02 8.111902934463259855e-04
1.169999999999999929e+00 9.362548870550004010e-02 8.709761680064876050e-04
1.179999999999999938e+00 9.598530993100015674e-02 9.059755390724174001e-04
1.189999999999999947e+00 9.877015101099990979e-02 1.004062892603793406e-03
1.199999999999999956e+00 1.030886941189999573e-01 1.175230671428340642e-03
1.209999999999999964e+00 1.063821475899999758e-01 1.316548192418522155e-03
1.219999999999999973e+00 1.105496467040000819e-01 1.447607254418662630e-03
1.229999999999999982e+00 1.133487400094999459e-01 1.612965169998130215e-03
1.239999999999999991e+00 1.182416573324999581e-01 1.865448005954740626e-03
1.250000000000000000e+00 1.239240685390001206e-01 2.229888378897161658e-03
1.260000000000000009e+00 1.296226118959998841e-01 2.785351443234265843e-03
1.270000000000000018e+00 1.368000247430000704e-01 3.094698630919141911e-03
1.280000000000000027e+00 1.447046406500001881e-01 3.615354707572720778e-03
1.290000000000000036e+00 1.530844360419998662e-01 4.167908982883611856e-03
1.300000000000000044e+00 1.604109507314999961e-01 4.376206163838890911e-03
1.310000000000000053e+00 1.707927882379999818e-01 4.769586877402162348e-03
1.320000000000000062e+00 1.832648556159999498e-01 5.607943384561451909e-03
1.330000000000000071e+00 1.999335549180000227e-01 6.319379072341558927e-03
1.340000000000000080e+00 2.168113836949999984e-01 7.139821013480679435e-03
1.350000000000000089e+00 2.352089682299999263e-01 7.890612333469987708e-03
1.360000000000000098e+00 2.573011781499999762e-01 8.905199895443147509e-03
1.370000000000000107e+00 2.855288150500001065e-01 1.002378131150930343e-02
1.379999999999999893e+00 3.098340831850001087e-01 1.067648045020146326e-02
1.389999999999999902e+00 3.387016915250002924e-01 1.129015305564723577e-02
1.399999999999999911e+00 3.603534948649999015e-01 1.198948797376210747e-02
1.409999999999999920e+00 3.903756052900003715e-01 1.248450771561790060e-02
1.419999999999999929e+00 4.187796327549999642e-01 1.269131499098946451e-02
1.429999999999999938e+00 4.465985044550006000e-01 1.295613829378683066e-02
1.439999999999999947e+00 4.760270057200002847e-01 1.271858292244085892e-02
1.449999999999999956e+00 5.026664024199998249e-01 1.274614944220245003e-02
1.459999999999999964e+00 5.338431875149997063e-01 1.204728183390185205e-02
1.469999999999999973e+00 5.619013768199999648e-01 1.155083531295885389e-02
1.479999999999999982e+00 5.925855315999998263e-01 1.067162018137817782e-02
1.489999999999999991e+00 6.138168097399996359e-01 1.030664550925309425e-02
1.500000000000000000e+00 6.407086802649996082e-01 9.613915128200416216e-03
1.510000000000000009e+00 6.637686460499989671e-01 8.675385710830423036e-03
1.520000000000000018e+00 6.824836013550001912e-01 7.930229252271419477e-03
1.530000000000000027e+00 6.966685517499999758e-01 7.693451097504789421e-03
1.540000000000000036e+00 7.133523453950004756e-01 6.849373838797357707e-03
1.550000000000000044e+00 7.282695800749988679e-01 6.208860775698311213e-03
1.560000000000000053e+00 7.423303027150002231e-01 5.198249141699896880e-03
1.570000000000000062e+00 7.543469666749996749e-01 4.524061589287462805e-03
1.580000000000000071e+00 7.648203995549998080e-01 4.213903777454662894e-03
1.590000000000000080e+00 7.730617534799991697e-01 4.320754819663937853e-03
1.600000000000000089e+00 7.825918612849999123e-01 3.687070663903749441e-03
1.610000000000000098e+00 7.902436501400008639e-01 3.555951956873793646e-03
1.620000000000000107e+00 7.975434102450006391e-01 3.258099296553736406e-03
1.629999999999999893e+00 8.052178266650005245e-01 2.708578035059918190e-03
1.639999999999999902e+00 8.114212184050006993e-01 2.547120029408271764e-03
1.649999999999999911e+00 8.174642617099999731e-01 2.388783764070142451e-03
1.659999999999999920e+00 8.232201375849994562e-01 2.218581454600427466e-03
1.669999999999999929e+00 8.287161479849982637e-01 2.111259094628097337e-03
1.679999999999999938e+00 8.337660772950008514e-01 2.001959748754729863e-03
1.689999999999999947e+00 8.383615096850005610e-01 1.921313737072758310e-03
1.699999999999999956e+00 8.429122130550014136e-01 1.830242174863592726e-03
1.709999999999999964e+00 8.473652411599988943e-01 1.739174867833481524e-03
1.719999999999999973e+00 8.517132339249998685e-01 1.635361117419462931e-03
1.729999999999999982e+00 8.555697242599997754e-01 1.563884433119710864e-03
1.739999999999999991e+00 8.592684668600003572e-01 1.484294176859771120e-03
1.750000000000000000e+00 8.627593905299999477e-01 1.423550050013865651e-03
1.760000000000000009e+00 8.661013076200007044e-01 1.381366153742318113e-03
1.770000000000000018e+00 8.691729515150010688e-01 1.346748024107282836e-03
1.780000000000000027e+00 8.723087589800003760e-01 1.295228892335322651e-03
1.790000000000000036e+00 8.750909561699999895e-01 1.257215551428253865e-03
1.800000000000000044e+00 8.778526203300001107e-01 1.212751916277917449e-03
1.810000000000000053e+00 8.804683053849989838e-01 1.171681589591814544e-03
1.820000000000000062e+00 8.829974345550002379e-01 1.138327428905923974e-03
1.830000000000000071e+00 8.854976136550010146e-01 1.105063035328972482e-03
