4.799999999999999822e-01 8.223244793199992186e-02 4.760588238187369843e-04
4.899999999999999911e-01 8.356694553100002532e-02 4.875790011297366868e-04
5.000000000000000000e-01 8.462816386999999496e-02 5.182585134793204346e-04
5.100000000000000089e-01 8.592276323400002691e-02 5.209291755089059646e-04
5.200000000000000178e-01 8.690257888300002842e-02 5.115045777142315699e-04
5.300000000000000266e-01 8.832966353399995807e-02 5.708593668492514470e-04
5.400000000000000355e-01 8.930760046500003935e-02 5.416874019660252500e-04
5.500000000000000444e-01 9.031814760300002631e-02 5.261956498790598810e-04
5.600000000000000533e-01 9.159515421400003798e-02 6.178728948215622208e-04
5.699999999999999512e-01 9.308009302200012658e-02 5.933221042252261827e-04
5.799999999999999600e-01 9.429519339100009279e-02 6.195076139592624884e-04
5.899999999999999689e-01 9.594530529600009405e-02 6.750528812614151747e-04
5.999999999999999778e-01 9.627141832200006299e-02 7.041335697358770901e-04
6.099999999999999867e-01 9.729232076399998985e-02 6.914424260947680959e-04
6.199999999999999956e-01 9.942958373199997646e-02 6.643059981775928987e-04
6.300000000000000044e-01 1.008285298780001171e-01 7.218442833077205138e-04
6.400000000000000133e-01 1.017952290340001092e-01 6.884552037384161468e-04
6.500000000000000222e-01 1.025269932359999941e-01 6.845409885449501913e-04
6.600000000000000311e-01 1.054987118399999396e-01 7.910075733126493459e-04
6.700000000000000400e-01 1.064310421310001170e-01 8.456976246781717837e-04
6.800000000000000488e-01 1.081767309880000277e-01 8.008588458346072112e-04
6.899999999999999467e-01 1.095975245829999278e-01 7.437148722428837434e-04
6.999999999999999556e-01 1.112328536139999269e-01 8.337610423964463002e-04
7.099999999999999645e-01 1.130315620020001244e-01 8.023430335656709256e-04
7.199999999999999734e-01 1.145494213629997815e-01 8.937905218576258984e-04
7.299999999999999822e-01 1.166208308930000576e-01 9.200561481935604384e-04
7.399999999999999911e-01 1.187037485799999070e-01 9.391622669607135225e-04
7.500000000000000000e-01 1.203268655279999266e-01 9.098861832838705524e-04
7.600000000000000089e-01 1.212717260859999119e-01 9.524615342779686961e-04
7.700000000000000178e-01 1.244030903340000715e-01 1.102930486261144644e-03
7.800000000000000266e-01 1.257697471899999475e-01 1.051155217043422962e-03
7.900000000000000355e-01 1.278724780600000444e-01 1.091766627479810389e-03
8.000000000000000444e-01 1.304456459700001347e-01 1.113457134575760029e-03
8.100000000000000533e-01 1.318401242699999976e-01 1.090415433647956046e-03
8.199999999999999512e-01 1.340962845400000270e-01 1.174454428678263366e-03
8.299999999999999600e-01 1.364241836500001137e-01 1.259444335997576738e-03
8.399999999999999689e-01 1.395843742500001428e-01 1.198712629476820493e-03
8.499999999999999778e-01 1.421513732299999333e-01 1.522680835602610973e-03
8.599999999999999867e-01 1.432819212799999742e-01 1.469227088009530035e-03
8.699999999999999956e-01 1.466868180400001664e-01 1.561860870652618995e-03
8.800000000000000044e-01 1.499249790200000987e-01 1.491424390261755729e-03
8.900000000000000133e-01 1.518498433000001202e-01 1.699756363516287568e-03
9.000000000000000222e-01 1.547128960200000458e-01 1.784765446299811783e-03
9.100000000000000311e-01 1.578667441499999879e-01 1.793646284484227927e-03
9.200000000000000400e-01 1.592164736599998021e-01 1.765703018234777164e-03
9.300000000000000488e-01 1.634312266600002894e-01 1.931507288724186111e-03
9.399999999999999467e-01 1.666103782200000771e-01 2.062380712943522303e-03
9.499999999999999556e-01 1.716054045400000061e-01 2.009538329731577495e-03
9.599999999999999645e-01 1.740934236400000779e-01 2.185890198611302546e-03
9.699999999999999734e-01 1.783198728500000607e-01 2.326828209427286680e-03
9.799999999999999822e-01 1.834281653599998951e-01 2.599119502290435368e-03
9.899999999999999911e-01 1.874650402899998292e-01 2.722109163152796295e-03
1.000000000000000000e+00 1.923003638500004886e-01 2.833099120851421699e-03
1.010000000000000009e+00 1.967462730200000842e-01 3.080035157154680393e-03
1.020000000000000018e+00 2.026216545499999744e-01 3.344771196861339585e-03
1.030000000000000027e+00 2.092531469599997751e-01 3.811606744639531395e-03
1.040000000000000036e+00 2.121092366700000620e-01 3.962081083001174620e-03
1.050000000000000044e+00 2.202539489600001121e-01 4.183912301430512196e-03
1.060000000000000053e+00 2.257424754400000899e-01 4.638941209420983751e-03
1.070000000000000062e+00 2.336428008200001349e-01 4.940813288605822896e-03
1.080000000000000071e+00 2.402907400399997839e-01 5.411967573178336557e-03
1.090000000000000080e+00 2.448020154899998302e-01 5.491452183870738912e-03
1.100000000000000089e+00 2.545484420899999378e-01 6.364728380503999888e-03
1.110000000000000098e+00 2.623763674899998732e-01 6.863244891403605559e-03
1.120000000000000107e+00 2.709513314399993877e-01 7.218744502332188895e-03
1.129999999999999893e+00 2.817621369099996276e-01 8.010406627054782527e-03
1.139999999999999902e+00 2.928122460700003371e-01 8.399156886143533188e-03
1.149999999999999911e+00 3.022129751100000594e-01 8.834705445031480406e-03
1.159999999999999920e+00 3.112819281900006674e-01 9.673514145792712349e-03
1.169999999999999929e+00 3.226402821000002308e-01 9.977584911900363659e-03
1.179999999999999938e+00 3.339918251199995303e-01 1.055330122113570107e-02
1.189999999999999947e+00 3.456957624799998352e-01 1.123529055026811600e-02
1.199999999999999956e+00 3.598623092699999582e-01 1.194200969677678553e-02
1.209999999999999964e+00 3.766433108600008572e-01 1.263729779304746323e-02
1.219999999999999973e+00 3.866606215500002497e-01 1.272557392231033792e-02
1.229999999999999982e+00 4.003465455700001563e-01 1.347510461748381051e-02
1.239999999999999991e+00 4.191751818299999099e-01 1.410839919656001543e-02
1.250000000000000000e+00 4.341471514400006004e-01 1.447946761824308627e-02
1.260000000000000009e+00 4.461638845900006145e-01 1.523303140443287886e-02
1.270000000000000018e+00 4.645971788000001768e-01 1.550677119642260640e-02
1.280000000000000027e+00 4.760455084399994319e-01 1.577530285965726350e-02
1.290000000000000036e+00 4.927561037999997340e-01 1.599694028214233843e-02
1.300000000000000044e+00 5.052601122600003380e-01 1.613268479378055301e-02
1.310000000000000053e+00 5.171526531300002505e-01 1.647318462578228893e-02
1.320000000000000062e+00 5.282645115400007585e-01 1.650573041289650142e-02
1.330000000000000071e+00 5.453757186300000059e-01 1.660924191394904867e-02
1.340000000000000080e+00 5.605286875099998456e-01 1.670051849784129697e-02
1.350000000000000089e+00 5.748557124400007767e-01 1.687944218645514444e-02
1.360000000000000098e+00 5.926396010699993555e-01 1.649988399137551978e-02
1.370000000000000107e+00 6.015623512300000142e-01 1.657403283014115616e-02
1.379999999999999893e+00 6.158280568200003025e-01 1.644414587471835359e-02
1.389999999999999902e+00 6.257551808799993731e-01 1.623197658032105029e-02
1.399999999999999911e+00 6.380407446899997170e-01 1.595107858543849330e-02
1.409999999999999920e+00 6.485253570699993642e-01 1.591071529730960984e-02
1.419999999999999929e+00 6.633840983099997812e-01 1.538782874163134758e-02
1.429999999999999938e+00 6.748599032299998912e-01 1.494098170452510220e-02
1.439999999999999947e+00 6.877659264799994565e-01 1.449771335442248330e-02
1.449999999999999956e+00 7.000030068800000560e-01 1.422487803423005091e-02
1.459999999999999964e+00 7.113645062200000257e-01 1.380327283113060195e-02
1.469999999999999973e+00 7.218513503499998096e-01 1.340602884033641196e-02
1.479999999999999982e+00 7.333326408700006072e-01 1.307637048153484707e-02
1.489999999999999991e+00 7.400450606199988624e-01 1.322651549831368317e-02
1.500000000000000000e+00 7.502114877500000167e-01 1.257747046513193849e-02
1.510000000000000009e+00 7.579921759100000100e-01 1.236371074791007760e-02
1.520000000000000018e+00 7.650777421300006820e-01 1.197517971619944076e-02
1.530000000000000027e+00 7.720550725000007164e-01 1.180252667004534108e-02
1.540000000000000036e+00 7.785791413100003888e-01 1.157416607300161028e-02
1.550000000000000044e+00 7.863362504099999928e-01 1.124429959995781013e-02
1.560000000000000053e+00 7.930242107899992954e-01 1.110115791473800448e-02
1.570000000000000062e+00 7.988679202199996388e-01 1.079952977684070156e-02
1.580000000000000071e+00 8.053858944700004185e-01 1.072382628537136423e-02
1.590000000000000080e+00 8.122950091299991904e-01 1.023950238216847150e-02
1.600000000000000089e+00 8.181122643700001751e-01 9.915612553549583638e-03
1.610000000000000098e+00 8.242443156999996745e-01 9.562858229293475301e-03
1.620000000000000107e+00 8.301111343799999487e-01 9.109769620483258723e-03
1.629999999999999893e+00 8.359680891100004230e-01 8.669619789897449469e-03
1.639999999999999902e+00 8.406598649500005571e-01 8.415856920787423076e-03
1.649999999999999911e+00 8.454429601400005323e-01 8.265959305655044484e-03
1.659999999999999920e+00 8.509122842299997602e-01 7.793380054577703393e-03
1.669999999999999929e+00 8.557010628499993610e-01 7.600188830453291113e-03
1.679999999999999938e+00 8.588254598099996917e-01 7.608211308129720664e-03
1.689999999999999947e+00 8.622267051800006632e-01 7.321158201703543977e-03
1.699999999999999956e+00 8.655049529300005151e-01 7.054405402887349921e-03
1.709999999999999964e+00 8.688652487600010410e-01 7.051291942371537905e-03
1.719999999999999973e+00 8.726265324399998802e-01 6.659902238275735610e-03
1.729999999999999982e+00 8.754814943800010019e-01 6.608712730248679328e-03
1.739999999999999991e+00 8.783914883300004695e-01 6.534983983931558910e-03
1.750000000000000000e+00 8.817443402400007013e-01 6.062078826136909140e-03
1.760000000000000009e+00 8.843854322499999920e-01 5.832753703166294705e-03
1.770000000000000018e+00 8.870633898999993328e-01 5.708404920089229888e-03
1.780000000000000027e+00 8.897891473999995915e-01 5.411507538220704412e-03
1.790000000000000036e+00 8.920772261899988509e-01 5.255573352873603964e-03
1.800000000000000044e+00 8.950907664399998520e-01 4.736574735261360816e-03
1.810000000000000053e+00 8.975363473100008704e-01 4.411571215821310024e-03
1.820000000000000062e+00 8.996740195499992598e-01 4.291387762680723937e-03
1.830000000000000071e+00 9.017888916900008711e-01 4.168050517378815538e-03
1.840000000000000080e+00 9.035908800000007624e-01 4.100430943917965886e-03
1.850000000000000089e+00 9.053903247299992518e-01 3.977926435729877211e-03
1.860000000000000098e+00 9.073246345700000104e-01 3.876531609440374369e-03
1.870000000000000107e+00 9.091430531700004369e-01 3.797185146725289701e-03
1.879999999999999893e+00 9.107892176000005335e-01 3.676245476125595407e-03
1.889999999999999902e+00 9.123908364100002943e-01 3.567212126393999160e-03
1.899999999999999911e+00 9.136318580700004688e-01 3.541479791221004668e-03
1.909999999999999920e+00 9.152280251199998995e-01 3.465448920338013578e-03
1.919999999999999929e+00 9.165975614100010382e-01 3.381661353886553090e-03
1.929999999999999938e+00 9.179820054100006343e-01 3.315027925325071245e-03
1.939999999999999947e+00 9.194720512600002005e-01 3.234444657343820383e-03
1.949999999999999956e+00 9.208086597600007028e-01 3.157161720227231495e-03
1.959999999999999964e+00 9.220416035300001978e-01 3.104644124734433873e-03
1.969999999999999973e+00 9.232653683600001715e-01 3.048282812338370430e-03
1.979999999999999982e+00 9.244749115299992770e-01 3.016732214675941354e-03
1.989999999999999991e+00 9.256101920699999486e-01 2.968157750454341378e-03
2.000000000000000000e+00 9.266970405600006844e-01 2.920251064546275886e-03
2.009999999999999787e+00 9.278815322399995846e-01 2.844002334546557979e-03
2.020000000000000018e+00 9.289710748799996365e-01 2.797484625478824372e-03
2.029999999999999805e+00 9.300229877600003636e-01 2.747338090465016765e-03
2.040000000000000036e+00 9.309813471100006899e-01 2.725842109897003412e-03
2.049999999999999822e+00 9.319726058799995272e-01 2.654665192967136690e-03
2.060000000000000053e+00 9.328395322799999390e-01 2.636206329482356208e-03
2.069999999999999840e+00 9.337393208800004452e-01 2.600583859530506293e-03
2.080000000000000071e+00 9.345892123399994755e-01 2.582907155758946711e-03
2.089999999999999858e+00 9.354621163199985379e-01 2.558290558434128323e-03
2.100000000000000089e+00 9.362717176199999436e-01 2.529820066104084345e-03
2.109999999999999876e+00 9.370714211399999716e-01 2.494944285527216261e-03
2.120000000000000107e+00 9.378555492099992508e-01 2.494016482566450282e-03
2.129999999999999893e+00 9.386968373500004237e-01 2.448959579038577188e-03
2.140000000000000124e+00 9.395439398299997302e-01 2.384378394683811173e-03
2.149999999999999911e+00 9.403795761299995615e-01 2.317470109506077677e-03
2.160000000000000142e+00 9.410829265199996962e-01 2.328338298178611685e-03
2.169999999999999929e+00 9.417998775700000547e-01 2.313552217971802036e-03
2.180000000000000160e+00 9.425718658899996383e-01 2.264620351846025146e-03
2.189999999999999947e+00 9.432810680900006739e-01 2.256386463491792237e-03
2.200000000000000178e+00 9.440450414699990134e-01 2.190963560529844527e-03
2.209999999999999964e+00 9.447707581099995533e-01 2.165972312263191382e-03
2.220000000000000195e+00 9.454407100800009678e-01 2.153604999074903905e-03
2.229999999999999982e+00 9.461363670300005912e-01 2.099229651261356241e-03
2.240000000000000213e+00 9.467797169000006230e-01 2.069341793991160729e-03
2.250000000000000000e+00 9.473879917900002168e-01 2.066819004394038206e-03
2.259999999999999787e+00 9.481643021899993640e-01 1.996558420952438111e-03
2.270000000000000018e+00 9.487370633899994132e-01 1.982503905676414116e-03
2.279999999999999805e+00 9.493098828499998421e-01 1.965401459289050669e-03
2.290000000000000036e+00 9.499440512899999245e-01 1.886704420365253355e-03
2.299999999999999822e+00 9.505591406500005780e-01 1.825467207027024318e-03
2.310000000000000053e+00 9.511152046599999910e-01 1.793873461648548681e-03
2.319999999999999840e+00 9.516566067799997475e-01 1.763396116858274984e-03
