3.400000000000000244e-01 3.453901333099997084e-02 9.635716612700349665e-05
3.499999999999999778e-01 3.500383739200003952e-02 1.088585336060173301e-04
3.599999999999999867e-01 3.539243362450008451e-02 1.111025014933740031e-04
3.699999999999999956e-01 3.599809083650001851e-02 1.113384412656967629e-04
3.800000000000000044e-01 3.644793744099999316e-02 1.101159227884845535e-04
3.900000000000000133e-01 3.684194227050000686e-02 1.124178117221030310e-04
4.000000000000000222e-01 3.734237531200006177e-02 1.107207751727153479e-04
4.099999999999999756e-01 3.776324256750002162e-02 1.287548879701708030e-04
4.199999999999999845e-01 3.824631579700000367e-02 1.284520787688811841e-04
4.299999999999999933e-01 3.877544284849997192e-02 1.176863119920668499e-04
4.400000000000000022e-01 3.926886463150001255e-02 1.198693374330389897e-04
4.500000000000000111e-01 3.974894453150004670e-02 1.266933822522170092e-04
4.600000000000000200e-01 4.019590865949997094e-02 1.335703837128526534e-04
4.699999999999999734e-01 4.085233360250005441e-02 1.357664825524206031e-04
4.799999999999999822e-01 4.135234906699994384e-02 1.248568694477971634e-04
4.899999999999999911e-01 4.174109658999999861e-02 1.331294375999506118e-04
5.000000000000000000e-01 4.233542285899996593e-02 1.275026937694866971e-04
5.100000000000000089e-01 4.293416969549995743e-02 1.339606604743366245e-04
5.200000000000000178e-01 4.348542722799999399e-02 1.386829702383901976e-04
5.300000000000000266e-01 4.408723645849994127e-02 1.565737923240724744e-04
5.400000000000000355e-01 4.446241805599998598e-02 1.443994398882122521e-04
5.500000000000000444e-01 4.523992318799993639e-02 1.541814544178073717e-04
5.600000000000000533e-01 4.569742541299997435e-02 1.578804954808913415e-04
5.699999999999999512e-01 4.641041807799994867e-02 1.731527556263249504e-04
5.799999999999999600e-01 4.700287066300001121e-02 1.623737515979970815e-04
5.899999999999999689e-01 4.755494522149995157e-02 1.581922164771027697e-04
5.999999999999999778e-01 4.828752924850007039e-02 1.747441683878312184e-04
6.099999999999999867e-01 4.896665619050012686e-02 1.739720514981008079e-04
6.199999999999999956e-01 4.954425221350001324e-02 1.712084778844617165e-04
6.300000000000000044e-01 5.035847167750000936e-02 1.769086901245906743e-04
6.400000000000000133e-01 5.105877793150003646e-02 1.760366262196546292e-04
6.500000000000000222e-01 5.162538376249999755e-02 1.864853989334445072e-04
6.600000000000000311e-01 5.233477400400005086e-02 1.907754210933920508e-04
6.700000000000000400e-01 5.300807136799998848e-02 1.917774678778144985e-04
6.800000000000000488e-01 5.384408836600003412e-02 2.127465347660374272e-04
6.899999999999999467e-01 5.452106894750002181e-02 2.169329345724112159e-04
6.999999999999999556e-01 5.543062496050000371e-02 2.172833258992547126e-04
7.099999999999999645e-01 5.586712188300004683e-02 2.108677075779455889e-04
7.199999999999999734e-01 5.657731077800002423e-02 2.164178138517076498e-04
7.299999999999999822e-01 5.785593468599997680e-02 2.218267084840409929e-04
7.399999999999999911e-01 5.843578234599997728e-02 2.517019053094553933e-04
7.500000000000000000e-01 5.940950805850001709e-02 2.570553919062325754e-04
7.600000000000000089e-01 6.024458422900005883e-02 2.392617621446516954e-04
7.700000000000000178e-01 6.089043318000000177e-02 2.390087911100616822e-04
7.800000000000000266e-01 6.197906116400001691e-02 2.452835141742685946e-04
7.900000000000000355e-01 6.321533367700002404e-02 2.613362983055125409e-04
8.000000000000000444e-01 6.399169894350002774e-02 2.661294571005477739e-04
8.100000000000000533e-01 6.521665621650006572e-02 2.807448109771573707e-04
8.199999999999999512e-01 6.604153124649998763e-02 2.933522630960522476e-04
8.299999999999999600e-01 6.716705158949999588e-02 3.022928571561657191e-04
8.399999999999999689e-01 6.830982116099991452e-02 3.071945375597902469e-04
8.499999999999999778e-01 6.935794834949997323e-02 3.016916900533790028e-04
8.599999999999999867e-01 7.051376153599996088e-02 3.289120238471805757e-04
8.699999999999999956e-01 7.167160302650001091e-02 3.164773510921130230e-04
8.800000000000000044e-01 7.311235419049993967e-02 3.430059380871951767e-04
8.900000000000000133e-01 7.424596764450001884e-02 3.620645170536571545e-04
9.000000000000000222e-01 7.561249770949991789e-02 3.825978630904366138e-04
9.100000000000000311e-01 7.684477573099990355e-02 3.701740501453429800e-04
9.200000000000000400e-01 7.815064251149998753e-02 3.912481236050143179e-04
9.300000000000000488e-01 7.984955259150007534e-02 4.269280354913641633e-04
9.399999999999999467e-01 8.098582234050004380e-02 4.125373980661887195e-04
9.499999999999999556e-01 8.265366677100001447e-02 4.374487375152027752e-04
9.599999999999999645e-01 8.444486518499999539e-02 4.528061960589103594e-04
9.699999999999999734e-01 8.631675106250009943e-02 4.613310357612314784e-04
9.799999999999999822e-01 8.771205843700002891e-02 5.072405843153596086e-04
9.899999999999999911e-01 8.993642195800011230e-02 5.248607895091251087e-04
1.000000000000000000e+00 9.180466246050002221e-02 5.911152401804142071e-04
1.010000000000000009e+00 9.360189454099997197e-02 5.933700343082092335e-04
1.020000000000000018e+00 9.520890080050001258e-02 6.071432564833265317e-04
1.030000000000000027e+00 9.730886203699991299e-02 6.404396018882510706e-04
1.040000000000000036e+00 1.002533525919999807e-01 7.618849800636756132e-04
1.050000000000000044e+00 1.029763797980001727e-01 7.174103724909832933e-04
1.060000000000000053e+00 1.043608177269999410e-01 7.777298398969789044e-04
1.070000000000000062e+00 1.076454257569998407e-01 8.649650383729150715e-04
1.080000000000000071e+00 1.100570945465000061e-01 9.062606860677487140e-04
1.090000000000000080e+00 1.131266414880000432e-01 9.995192978751489543e-04
1.100000000000000089e+00 1.160171515059999769e-01 9.687696275990717457e-04
1.110000000000000098e+00 1.198742940235000692e-01 1.212721026240530520e-03
1.120000000000000107e+00 1.231248770569997458e-01 1.259003993881684710e-03
1.129999999999999893e+00 1.279640031330000205e-01 1.388686113182532877e-03
1.139999999999999902e+00 1.315748788564999883e-01 1.651471933799956906e-03
1.149999999999999911e+00 1.360119444399998934e-01 1.777284288636786416e-03
1.159999999999999920e+00 1.412048065680002185e-01 1.874591737134808376e-03
1.169999999999999929e+00 1.476351921815000079e-01 2.445231050407847568e-03
1.179999999999999938e+00 1.531462860799999437e-01 2.748944431269492467e-03
1.189999999999999947e+00 1.582038676289999612e-01 2.930475760507200277e-03
1.199999999999999956e+00 1.663846163849998505e-01 3.348500475613179397e-03
1.209999999999999964e+00 1.742989462950002844e-01 3.868614321354729105e-03
1.219999999999999973e+00 1.834327946049998381e-01 4.317882944627462506e-03
1.229999999999999982e+00 1.936148453949998738e-01 4.693560864618961763e-03
1.239999999999999991e+00 2.058423126749996945e-01 5.438964404497590062e-03
1.250000000000000000e+00 2.168391463399997887e-01 6.015615850457527516e-03
1.260000000000000009e+00 2.301162164050002124e-01 6.693746223953482045e-03
1.270000000000000018e+00 2.439918246650000788e-01 7.453029251610190052e-03
1.280000000000000027e+00 2.639508040950002687e-01 8.395318166955391057e-03
1.290000000000000036e+00 2.802762763200003504e-01 8.957492996204014304e-03
1.300000000000000044e+00 2.968879155649999380e-01 9.583556640467429111e-03
1.310000000000000053e+00 3.168226857599997781e-01 1.050187165144296671e-02
1.320000000000000062e+00 3.386293640199995458e-01 1.106838316216078762e-02
1.330000000000000071e+00 3.610753552899998442e-01 1.155441009036697886e-02
1.340000000000000080e+00 3.799861950049998605e-01 1.184607177731894501e-02
1.350000000000000089e+00 4.001965695949997182e-01 1.263662589770838014e-02
1.360000000000000098e+00 4.265973390950000832e-01 1.254742211330480729e-02
1.370000000000000107e+00 4.485591026549997640e-01 1.309799359591186201e-02
1.379999999999999893e+00 4.706803908450001295e-01 1.314026019353467349e-02
1.389999999999999902e+00 4.949602827649994263e-01 1.297639630109444567e-02
1.399999999999999911e+00 5.180571677949997733e-01 1.291253846400006872e-02
1.409999999999999920e+00 5.430719173900004915e-01 1.282783134754641834e-02
1.419999999999999929e+00 5.662756369549999391e-01 1.275748774112549742e-02
1.429999999999999938e+00 5.883359884199999001e-01 1.229956973201153277e-02
1.439999999999999947e+00 6.113057177850003132e-01 1.216941473282106764e-02
1.449999999999999956e+00 6.308487875649996246e-01 1.164356660544463296e-02
1.459999999999999964e+00 6.507531146200001837e-01 1.111942247178825116e-02
1.469999999999999973e+00 6.722109061799996788e-01 1.041019365937724019e-02
1.479999999999999982e+00 6.879908612149993052e-01 1.009036061379767375e-02
1.489999999999999991e+00 7.052778359699990451e-01 9.350073296637869194e-03
1.500000000000000000e+00 7.192785163150002825e-01 8.984469848637524972e-03
1.510000000000000009e+00 7.332949176950003256e-01 8.380778582185229031e-03
1.520000000000000018e+00 7.470138257949991978e-01 7.625814951992187195e-03
1.530000000000000027e+00 7.574319310150008366e-01 7.261653796612362738e-03
1.540000000000000036e+00 7.675883569749999413e-01 7.003312239439626365e-03
1.550000000000000044e+00 7.785435910300001483e-01 6.381025862058299115e-03
1.560000000000000053e+00 7.880543711349993208e-01 5.708567141509340165e-03
1.570000000000000062e+00 7.970767201349994169e-01 5.137941966819267042e-03
1.580000000000000071e+00 8.051049915650004829e-01 4.705012344132465316e-03
1.590000000000000080e+00 8.114117744650005681e-01 4.689500449139652645e-03
1.600000000000000089e+00 8.180307303600004021e-01 4.209883491801733220e-03
1.610000000000000098e+00 8.250385612550000802e-01 3.694103385941622207e-03
1.620000000000000107e+00 8.303565513399998599e-01 3.500533919493044755e-03
1.629999999999999893e+00 8.358605377950010240e-01 3.199177431191734759e-03
1.639999999999999902e+00 8.408960304400002750e-01 3.008537999037506731e-03
1.649999999999999911e+00 8.453156834150015175e-01 2.854080309371135639e-03
1.659999999999999920e+00 8.496960481499993278e-01 2.740601295445428600e-03
1.669999999999999929e+00 8.540129958549986799e-01 2.599115765590575677e-03
1.679999999999999938e+00 8.580983241900003167e-01 2.445850224387931694e-03
1.689999999999999947e+00 8.618168015650002900e-01 2.332472698952238466e-03
1.699999999999999956e+00 8.652853171349995653e-01 2.237128821588657470e-03
1.709999999999999964e+00 8.686928893100004379e-01 2.144206582979340213e-03
1.719999999999999973e+00 8.721492889849995489e-01 1.955652541074823832e-03
1.729999999999999982e+00 8.753191581300021618e-01 1.826559463485023099e-03
1.739999999999999991e+00 8.781698650350002744e-01 1.763242814270213907e-03
1.750000000000000000e+00 8.809470792600011535e-01 1.708381016660366148e-03
1.760000000000000009e+00 8.835661314849987402e-01 1.658233077298510751e-03
1.770000000000000018e+00 8.861903215650002164e-01 1.603147595854778791e-03
1.780000000000000027e+00 8.887075339000009011e-01 1.555011726561838278e-03
1.790000000000000036e+00 8.909889097000007752e-01 1.518433240180883234e-03
1.800000000000000044e+00 8.931818757800006336e-01 1.484997457961484977e-03
1.810000000000000053e+00 8.953679065549996485e-01 1.443421237482104364e-03
1.820000000000000062e+00 8.974735681199992321e-01 1.408556152270748572e-03
1.830000000000000071e+00 8.995097493950000578e-01 1.367560738873768462e-03
1.840000000000000080e+00 9.013374480249999321e-01 1.334883308803834533e-03
1.850000000000000089e+00 9.031827006150007220e-01 1.305799003953837974e-03
1.860000000000000098e+00 9.050328308750003048e-01 1.267580971492622164e-03
1.870000000000000107e+00 9.067024854400005385e-01 1.245688891719564295e-03
1.879999999999999893e+00 9.083738108899991337e-01 1.219822493465060661e-03
1.889999999999999902e+00 9.100501211500005017e-01 1.187361547690577628e-03
1.899999999999999911e+00 9.116142816050004649e-01 1.155006325819618552e-03
1.909999999999999920e+00 9.132230509700002274e-01 1.127161699965238554e-03
1.919999999999999929e+00 9.146945110949998847e-01 1.101440128634106593e-03
1.929999999999999938e+00 9.161632890999993339e-01 1.074673587320540890e-03
