3.699999999999999956e-01 3.553358236599996056e-02 1.128588317969573038e-04
3.800000000000000044e-01 3.592145521800003960e-02 1.127800918269184795e-04
3.900000000000000133e-01 3.650442592149997362e-02 1.165659380765728071e-04
4.000000000000000222e-01 3.702653504600002948e-02 1.172415856886713334e-04
4.099999999999999756e-01 3.741034223250004620e-02 1.230615496199604308e-04
4.199999999999999845e-01 3.784958877100003810e-02 1.147809940789021706e-04
4.299999999999999933e-01 3.847234232150000682e-02 1.213533878105593159e-04
4.400000000000000022e-01 3.886632902699999753e-02 1.213555405199110625e-04
4.500000000000000111e-01 3.919101025249999148e-02 1.268254831525623169e-04
4.600000000000000200e-01 3.988266976199994485e-02 1.307458801656248548e-04
4.699999999999999734e-01 4.037961790449999533e-02 1.309510091074085397e-04
4.799999999999999822e-01 4.090520672000004521e-02 1.343641268977538233e-04
4.899999999999999911e-01 4.136188045349997039e-02 1.402621697082460657e-04
5.000000000000000000e-01 4.196726536150002101e-02 1.466156472405178324e-04
5.100000000000000089e-01 4.264486070699993747e-02 1.460245882525460360e-04
5.200000000000000178e-01 4.295883942800000216e-02 1.433422820388126036e-04
5.300000000000000266e-01 4.364470970449993437e-02 1.467626779454715865e-04
5.400000000000000355e-01 4.422316327550003534e-02 1.475038001119933161e-04
5.500000000000000444e-01 4.483819160250006319e-02 1.467628708097434213e-04
5.600000000000000533e-01 4.527686048049999606e-02 1.576576499072673647e-04
5.699999999999999512e-01 4.600622168899994036e-02 1.611635521588810922e-04
5.799999999999999600e-01 4.651517322199999471e-02 1.654751667148056946e-04
5.899999999999999689e-01 4.714617774500007991e-02 1.663184073925413485e-04
5.999999999999999778e-01 4.773749097149999204e-02 1.688206390943912047e-04
6.099999999999999867e-01 4.837457796349999700e-02 1.728429583377225835e-04
6.199999999999999956e-01 4.914596330950009306e-02 1.777770292401194426e-04
6.300000000000000044e-01 4.979240412650006581e-02 1.818461253405732544e-04
6.400000000000000133e-01 5.027646891299997201e-02 2.013876564292972865e-04
6.500000000000000222e-01 5.118681003699999260e-02 2.007644578043489591e-04
6.600000000000000311e-01 5.169090317650001237e-02 1.934613407101883303e-04
6.700000000000000400e-01 5.234901501200001778e-02 2.074917869319464140e-04
6.800000000000000488e-01 5.315410641599997016e-02 1.980549420642300086e-04
6.899999999999999467e-01 5.418222707150001372e-02 2.106685885473879997e-04
6.999999999999999556e-01 5.469941042549991694e-02 2.211447878276493861e-04
7.099999999999999645e-01 5.557585903300003155e-02 2.243298131364984823e-04
7.199999999999999734e-01 5.664821779750005976e-02 2.473779163020711790e-04
7.299999999999999822e-01 5.719796619050003528e-02 2.249637096828675201e-04
7.399999999999999911e-01 5.801780200199996296e-02 2.405168972184658360e-04
7.500000000000000000e-01 5.884160487150003754e-02 2.533032818075026506e-04
7.600000000000000089e-01 5.981028060300001836e-02 2.560671877497564561e-04
7.700000000000000178e-01 6.079840476199998428e-02 2.524523661851748625e-04
7.800000000000000266e-01 6.176435375350003421e-02 2.568096298213794985e-04
7.900000000000000355e-01 6.256698676999995767e-02 2.642642059021177870e-04
8.000000000000000444e-01 6.325884301200004889e-02 2.826390975945598772e-04
8.100000000000000533e-01 6.420585006050005816e-02 2.675367314415391944e-04
8.199999999999999512e-01 6.527265850950002279e-02 2.852529061066843121e-04
8.299999999999999600e-01 6.635526688399993878e-02 3.119231680628091951e-04
8.399999999999999689e-01 6.752336428749999842e-02 3.060130727162235580e-04
8.499999999999999778e-01 6.857653035750001236e-02 3.124735103091122565e-04
8.599999999999999867e-01 6.970680652399997845e-02 3.294320108604195511e-04
8.699999999999999956e-01 7.081555510849998902e-02 2.983641642329275690e-04
8.800000000000000044e-01 7.190594072099996958e-02 3.216369851838317938e-04
8.900000000000000133e-01 7.326074145650002256e-02 3.594995545223743025e-04
9.000000000000000222e-01 7.473539885350009848e-02 3.805914958286857829e-04
9.100000000000000311e-01 7.569441721699993186e-02 3.811445683877086256e-04
9.200000000000000400e-01 7.741253804199989264e-02 3.936174527080895172e-04
9.300000000000000488e-01 7.868825278150007319e-02 4.092249284051885806e-04
9.399999999999999467e-01 8.003269520499994849e-02 4.462849106402604353e-04
9.499999999999999556e-01 8.099663203100013198e-02 4.484883963939530140e-04
9.599999999999999645e-01 8.338301336049991352e-02 4.410446954207339928e-04
9.699999999999999734e-01 8.522772443399995179e-02 5.162122248800257848e-04
9.799999999999999822e-01 8.610558239900008293e-02 5.000324414631767507e-04
9.899999999999999911e-01 8.834175152450005064e-02 5.815580401347706469e-04
1.000000000000000000e+00 8.991171874900011352e-02 6.030753240201449251e-04
1.010000000000000009e+00 9.190263080749995483e-02 5.980558552380637509e-04
1.020000000000000018e+00 9.354877771050000568e-02 6.539501373581671972e-04
1.030000000000000027e+00 9.539859563250016605e-02 6.732921610812347534e-04
1.040000000000000036e+00 9.689204004300004669e-02 7.581366210818835886e-04
1.050000000000000044e+00 1.003784216685000841e-01 8.259605554281388524e-04
1.060000000000000053e+00 1.022952843129999595e-01 8.428200968595734059e-04
1.070000000000000062e+00 1.051389667720000615e-01 9.227498253439529556e-04
1.080000000000000071e+00 1.066062829344999602e-01 9.609089513193847139e-04
1.090000000000000080e+00 1.098616705509999486e-01 9.658182016111056464e-04
1.100000000000000089e+00 1.126423866969999271e-01 1.102725131057621932e-03
1.110000000000000098e+00 1.157083267015002054e-01 1.200957606854032630e-03
1.120000000000000107e+00 1.183812051060000176e-01 1.377671599272975445e-03
1.129999999999999893e+00 1.228476377160000327e-01 1.537865776113508769e-03
1.139999999999999902e+00 1.255951593875000161e-01 1.597435751532173213e-03
1.149999999999999911e+00 1.297351602800000114e-01 1.748605222157747358e-03
1.159999999999999920e+00 1.349322787689999359e-01 2.028013097233868477e-03
1.169999999999999929e+00 1.383634045800000156e-01 2.347358617711789615e-03
1.179999999999999938e+00 1.427781188979999893e-01 2.603240997235743356e-03
1.189999999999999947e+00 1.483910914519999957e-01 2.823283955149565125e-03
1.199999999999999956e+00 1.543861315770000409e-01 3.151627635487236345e-03
1.209999999999999964e+00 1.607387410649999127e-01 3.641027052601029674e-03
1.219999999999999973e+00 1.673157253250002752e-01 3.830267012498261587e-03
1.229999999999999982e+00 1.742582101000000605e-01 4.288188672054966434e-03
1.239999999999999991e+00 1.809916360550000713e-01 4.539208564385324371e-03
1.250000000000000000e+00 1.936466593099998024e-01 5.214553639747640523e-03
1.260000000000000009e+00 2.030325374399999383e-01 5.760923336332343311e-03
1.270000000000000018e+00 2.150026902799995754e-01 6.471173192714756682e-03
1.280000000000000027e+00 2.273187122550001382e-01 7.170312447503332000e-03
1.290000000000000036e+00 2.401011191049999272e-01 7.739313913179833235e-03
1.300000000000000044e+00 2.510432436749999718e-01 8.198810358167682097e-03
1.310000000000000053e+00 2.707269801199997938e-01 8.826703558477574929e-03
1.320000000000000062e+00 2.852181459950002274e-01 9.369777700709102861e-03
1.330000000000000071e+00 3.046790769599994064e-01 9.926922677154115249e-03
1.340000000000000080e+00 3.174750543150001714e-01 1.034131728063027861e-02
1.350000000000000089e+00 3.382726516850000364e-01 1.095355981163213983e-02
1.360000000000000098e+00 3.594320609949996914e-01 1.126621185701645773e-02
1.370000000000000107e+00 3.794895051250004037e-01 1.187607346784657486e-02
1.379999999999999893e+00 4.034944448549997453e-01 1.217195956072673023e-02
1.389999999999999902e+00 4.229336069000000364e-01 1.223813694082402821e-02
1.399999999999999911e+00 4.491493696450004069e-01 1.260472898566767155e-02
1.409999999999999920e+00 4.721043634800008437e-01 1.257929417780405054e-02
1.419999999999999929e+00 4.979626367299996859e-01 1.256925118749831032e-02
1.429999999999999938e+00 5.193181563800007838e-01 1.248140231824772239e-02
1.439999999999999947e+00 5.434865495200003060e-01 1.212464020627382344e-02
1.449999999999999956e+00 5.655244887400002751e-01 1.192978872718686127e-02
1.459999999999999964e+00 5.888315341400005565e-01 1.144914648699011522e-02
1.469999999999999973e+00 6.084118342400004487e-01 1.127887383674117464e-02
1.479999999999999982e+00 6.259079425950002662e-01 1.097582058089789300e-02
1.489999999999999991e+00 6.421125539699998885e-01 1.087236230033247243e-02
1.500000000000000000e+00 6.606797207300013630e-01 1.028853035677881715e-02
1.510000000000000009e+00 6.790375564549996357e-01 9.467856097331660281e-03
1.520000000000000018e+00 6.920791597350003377e-01 9.195241815629752805e-03
1.530000000000000027e+00 7.066046504549998719e-01 8.484587389730539539e-03
1.540000000000000036e+00 7.192704414049992945e-01 7.939590614845006347e-03
1.550000000000000044e+00 7.312689994700004581e-01 7.527901571778019066e-03
1.560000000000000053e+00 7.437777924150004161e-01 6.847435370024673035e-03
1.570000000000000062e+00 7.538143985049990947e-01 6.583689527937787445e-03
1.580000000000000071e+00 7.639670656300001639e-01 6.054938257912633251e-03
1.590000000000000080e+00 7.742670250700007806e-01 5.434981355746094228e-03
1.600000000000000089e+00 7.837301872550003212e-01 4.848472027305603463e-03
1.610000000000000098e+00 7.918124630499996375e-01 4.487526206873582862e-03
1.620000000000000107e+00 7.993073839699991190e-01 4.198305824166995333e-03
1.629999999999999893e+00 8.063639734649999946e-01 3.913254925368806446e-03
1.639999999999999902e+00 8.134892439850003321e-01 3.545489640557144412e-03
1.649999999999999911e+00 8.195428765000004612e-01 3.382805286156762362e-03
1.659999999999999920e+00 8.254624994250007175e-01 3.199763597674371365e-03
1.669999999999999929e+00 8.303559174949994848e-01 3.075058276523415148e-03
1.679999999999999938e+00 8.351178379600001644e-01 2.959277703558597841e-03
1.689999999999999947e+00 8.396587498349999956e-01 2.853522434522552317e-03
1.699999999999999956e+00 8.438692152100004673e-01 2.751724542153211744e-03
1.709999999999999964e+00 8.479789589249993043e-01 2.680781470865819995e-03
1.719999999999999973e+00 8.517871173200004531e-01 2.584950869913398615e-03
1.729999999999999982e+00 8.556462709150000068e-01 2.489293653584717225e-03
1.739999999999999991e+00 8.591574532700004818e-01 2.450834807484969340e-03
1.750000000000000000e+00 8.625684495000000007e-01 2.339600849633417280e-03
1.760000000000000009e+00 8.661240001850001313e-01 2.264918410978743104e-03
1.770000000000000018e+00 8.693282067800006674e-01 2.201344607208607657e-03
1.780000000000000027e+00 8.724635068099995117e-01 2.118662298787265651e-03
1.790000000000000036e+00 8.753793706050008172e-01 2.079214284978619931e-03
1.800000000000000044e+00 8.782491688099999250e-01 2.050516585184725821e-03
1.810000000000000053e+00 8.812592020149984107e-01 1.814194429073215636e-03
1.820000000000000062e+00 8.837895531749988542e-01 1.758406745181862298e-03
1.830000000000000071e+00 8.862989465400001876e-01 1.692878543983153969e-03
1.840000000000000080e+00 8.886145679150002641e-01 1.640004073948844905e-03
1.850000000000000089e+00 8.909054570599999057e-01 1.584401959513833660e-03
1.860000000000000098e+00 8.930245552750002425e-01 1.536629267334445239e-03
1.870000000000000107e+00 8.952142465699989282e-01 1.487106986608457667e-03
1.879999999999999893e+00 8.973282021199997516e-01 1.425298620228567046e-03
1.889999999999999902e+00 8.992352194799988485e-01 1.391629454847031263e-03
1.899999999999999911e+00 9.011288301899996744e-01 1.359499807973231847e-03
1.909999999999999920e+00 9.029462919800007592e-01 1.328424841747710304e-03
1.919999999999999929e+00 9.046421209849990763e-01 1.289340222636024781e-03
1.929999999999999938e+00 9.063223909200008865e-01 1.261290522137595727e-03
1.939999999999999947e+00 9.080214532799988358e-01 1.227378459217829667e-03
1.949999999999999956e+00 9.095865248949993598e-01 1.201435338201197779e-03
1.959999999999999964e+00 9.110402657250004088e-01 1.183351586923902946e-03
