3.800000000000000044e-01 3.608170625999999881e-02 1.114578916177193403e-04
3.900000000000000133e-01 3.655347568350001547e-02 1.130772539736792472e-04
4.000000000000000222e-01 3.714401998400003457e-02 1.116323458716396422e-04
4.099999999999999756e-01 3.754350355100003617e-02 1.071319410828862215e-04
4.199999999999999845e-01 3.793912393300006430e-02 1.129345510744382655e-04
4.299999999999999933e-01 3.850124274750005987e-02 1.235115173663650851e-04
4.400000000000000022e-01 3.898372091049993882e-02 1.102816920985726220e-04
4.500000000000000111e-01 3.934498996700003248e-02 1.154397758976535848e-04
4.600000000000000200e-01 3.983514165300005433e-02 1.232056677179424714e-04
4.699999999999999734e-01 4.045035896650000379e-02 1.303329302694915509e-04
4.799999999999999822e-01 4.084579949499999446e-02 1.279723354497950714e-04
4.899999999999999911e-01 4.132901392699993293e-02 1.357068536666724309e-04
5.000000000000000000e-01 4.192570843199998343e-02 1.317986467962727645e-04
5.100000000000000089e-01 4.234165819949994164e-02 1.329199846278106333e-04
5.200000000000000178e-01 4.278151359150002275e-02 1.401141149401869735e-04
5.300000000000000266e-01 4.333855913249995417e-02 1.371127078041795228e-04
5.400000000000000355e-01 4.398447054999998773e-02 1.436235621669113872e-04
5.500000000000000444e-01 4.440055000550002795e-02 1.363968482475381820e-04
5.600000000000000533e-01 4.493604804600005720e-02 1.427440089007666669e-04
5.699999999999999512e-01 4.550894608900001720e-02 1.473266684362437256e-04
5.799999999999999600e-01 4.603428037199990691e-02 1.456042144028039931e-04
5.899999999999999689e-01 4.666486781099999509e-02 1.502957278587302610e-04
5.999999999999999778e-01 4.720769397449991328e-02 1.568525427600491937e-04
6.099999999999999867e-01 4.807228534599992942e-02 1.635554721086037724e-04
6.199999999999999956e-01 4.849238055750001997e-02 1.593795828992347055e-04
6.300000000000000044e-01 4.878190452849997388e-02 1.614521641778926336e-04
6.400000000000000133e-01 4.961587631900000323e-02 1.649711578959898789e-04
6.500000000000000222e-01 5.016786914200004055e-02 1.642652849233868049e-04
6.600000000000000311e-01 5.067159703649999625e-02 1.783081300401212098e-04
6.700000000000000400e-01 5.145132266850001301e-02 1.828212728951881670e-04
6.800000000000000488e-01 5.197280555200010921e-02 1.762544527358392526e-04
6.899999999999999467e-01 5.254570243750003589e-02 1.820360230760608409e-04
6.999999999999999556e-01 5.364100341950001072e-02 1.784145809832399818e-04
7.099999999999999645e-01 5.407421270849999129e-02 1.929474860975106943e-04
7.199999999999999734e-01 5.478096574600008206e-02 1.955751218023899754e-04
7.299999999999999822e-01 5.522244996350002266e-02 2.030993991643125938e-04
7.399999999999999911e-01 5.614503273599993211e-02 2.147240692423516657e-04
7.500000000000000000e-01 5.722142860350000471e-02 2.055639845461720979e-04
7.600000000000000089e-01 5.798323416300004557e-02 2.164822554080515521e-04
7.700000000000000178e-01 5.859015440600005842e-02 2.084272779803370338e-04
7.800000000000000266e-01 5.926823401700010568e-02 2.253824895570684318e-04
7.900000000000000355e-01 6.045241334250001791e-02 2.275470189903034790e-04
8.000000000000000444e-01 6.101060535750002511e-02 2.246805572171115873e-04
8.100000000000000533e-01 6.220130189749997068e-02 2.182353448564142043e-04
8.199999999999999512e-01 6.299271311549992092e-02 2.608882047777701801e-04
8.299999999999999600e-01 6.374316430949997225e-02 2.616716022638334725e-04
8.399999999999999689e-01 6.493449544999999046e-02 2.761347714131502998e-04
8.499999999999999778e-01 6.584918855099994306e-02 2.591493578352943496e-04
8.599999999999999867e-01 6.656146227100004364e-02 2.835735703296848095e-04
8.699999999999999956e-01 6.784351343299985238e-02 2.812344920571891544e-04
8.800000000000000044e-01 6.856974561549999958e-02 2.860216453253068276e-04
8.900000000000000133e-01 6.997556148950007104e-02 2.974269936633566693e-04
9.000000000000000222e-01 7.071584620200001281e-02 3.178815055026407784e-04
9.100000000000000311e-01 7.203070321500007478e-02 3.276302742232927606e-04
9.200000000000000400e-01 7.309597458450002583e-02 3.597237353421584190e-04
9.300000000000000488e-01 7.467734412950011169e-02 3.191509509954623702e-04
9.399999999999999467e-01 7.535415084399997576e-02 3.630686009933390529e-04
9.499999999999999556e-01 7.677847274199993410e-02 3.524712693433273525e-04
9.599999999999999645e-01 7.857324557600006698e-02 3.910205888380656079e-04
9.699999999999999734e-01 7.968023079849988199e-02 3.839753516179240087e-04
9.799999999999999822e-01 8.091835677549998052e-02 4.249333802553555291e-04
9.899999999999999911e-01 8.239987210349999924e-02 4.447408077330627279e-04
1.000000000000000000e+00 8.397914838399987703e-02 4.094032235919797531e-04
1.010000000000000009e+00 8.535769334899995231e-02 4.765845702021061833e-04
1.020000000000000018e+00 8.738104933649999684e-02 4.691137897344155642e-04
1.030000000000000027e+00 8.874424680649997677e-02 5.057450171453954993e-04
1.040000000000000036e+00 9.064522349699997983e-02 5.071502261740851517e-04
1.050000000000000044e+00 9.325121914149991920e-02 5.827742554770841367e-04
1.060000000000000053e+00 9.446137768950001179e-02 5.673961775746205489e-04
1.070000000000000062e+00 9.630737038549998241e-02 6.039945302057231347e-04
1.080000000000000071e+00 9.906836203300002641e-02 6.657100198147346184e-04
1.090000000000000080e+00 1.005702368284999287e-01 7.160903176534013682e-04
1.100000000000000089e+00 1.033255604354999385e-01 7.634605126598084700e-04
1.110000000000000098e+00 1.062204757524998211e-01 7.611048014314617449e-04
1.120000000000000107e+00 1.085038296210000114e-01 8.369141256261431860e-04
1.129999999999999893e+00 1.111003463804999675e-01 9.771909153729310595e-04
1.139999999999999902e+00 1.141188233295000326e-01 1.003256612758565789e-03
1.149999999999999911e+00 1.177109235074999399e-01 1.148591652078345769e-03
1.159999999999999920e+00 1.200681787404999229e-01 1.245583751586397479e-03
1.169999999999999929e+00 1.238587608465000628e-01 1.302439182751480469e-03
1.179999999999999938e+00 1.270457470919998944e-01 1.458023397973735261e-03
1.189999999999999947e+00 1.308974429384999472e-01 1.635205426257016481e-03
1.199999999999999956e+00 1.366661608499999681e-01 1.880240946959396567e-03
1.209999999999999964e+00 1.402046820519999015e-01 2.048612335186154442e-03
1.219999999999999973e+00 1.460894743150000785e-01 2.262139279259705021e-03
1.229999999999999982e+00 1.508891358250000481e-01 2.483657200034234628e-03
1.239999999999999991e+00 1.587151216800001818e-01 2.850720837887810079e-03
1.250000000000000000e+00 1.633114055799999575e-01 3.128067713500839574e-03
1.260000000000000009e+00 1.724930075949998864e-01 3.555323374923795993e-03
1.270000000000000018e+00 1.800417556149998821e-01 4.096026547191187334e-03
1.280000000000000027e+00 1.883503892749998632e-01 4.526801374342735197e-03
1.290000000000000036e+00 1.995936400399998811e-01 5.309707187413967473e-03
1.300000000000000044e+00 2.107995026449999698e-01 5.777843721221926319e-03
1.310000000000000053e+00 2.241764617399997495e-01 6.555821946471682149e-03
1.320000000000000062e+00 2.385645781549999012e-01 7.382360073603078630e-03
1.330000000000000071e+00 2.540843535550002530e-01 8.189122976306289353e-03
1.340000000000000080e+00 2.700942846350000703e-01 8.913297865191993283e-03
1.350000000000000089e+00 2.881790629949998461e-01 9.577276866418698090e-03
1.360000000000000098e+00 3.085023073049998343e-01 1.039062736823000849e-02
1.370000000000000107e+00 3.285904125450000435e-01 1.087826294114828223e-02
1.379999999999999893e+00 3.470122016999999670e-01 1.141766671312360870e-02
1.389999999999999902e+00 3.660500476450001539e-01 1.173400570938587864e-02
1.399999999999999911e+00 3.905158038049998392e-01 1.219120235688626701e-02
1.409999999999999920e+00 4.145759215399992814e-01 1.238140388662721698e-02
1.419999999999999929e+00 4.386288001599993325e-01 1.237130715508691879e-02
1.429999999999999938e+00 4.602240488550000674e-01 1.250616229930996692e-02
1.439999999999999947e+00 4.863329367400001657e-01 1.279320349609805799e-02
1.449999999999999956e+00 5.105949497999998643e-01 1.265422995110248791e-02
1.459999999999999964e+00 5.347476050200005160e-01 1.257270811984042592e-02
1.469999999999999973e+00 5.556359198999999416e-01 1.245310401988858340e-02
1.479999999999999982e+00 5.782348752700003924e-01 1.206348074682250804e-02
1.489999999999999991e+00 6.025478288199995758e-01 1.168895661576408763e-02
1.500000000000000000e+00 6.235746770999998079e-01 1.110985715809111041e-02
1.510000000000000009e+00 6.409968875400007260e-01 1.105876141076034963e-02
1.520000000000000018e+00 6.630862055250001941e-01 1.037395226494641949e-02
1.530000000000000027e+00 6.810609454150002851e-01 9.979476208116917074e-03
1.540000000000000036e+00 7.004419651299998995e-01 9.071958499391514011e-03
1.550000000000000044e+00 7.172631558499991122e-01 8.543500263212093493e-03
1.560000000000000053e+00 7.327505791249996348e-01 7.726304585299652306e-03
1.570000000000000062e+00 7.464451457999994322e-01 7.282834265355505980e-03
1.580000000000000071e+00 7.581491706500005368e-01 6.794673339106343905e-03
1.590000000000000080e+00 7.683871668349999684e-01 6.438964433881898437e-03
1.600000000000000089e+00 7.798202140999999088e-01 5.718740673929718389e-03
1.610000000000000098e+00 7.884826500999999599e-01 5.403251193388462770e-03
1.620000000000000107e+00 7.966997770550000579e-01 5.104820999094623370e-03
1.629999999999999893e+00 8.038305186500008803e-01 4.840366270774447595e-03
1.639999999999999902e+00 8.105160475599993974e-01 4.669150553095523758e-03
1.649999999999999911e+00 8.167738054049998864e-01 4.409383306278191403e-03
1.659999999999999920e+00 8.224728765850002343e-01 4.306990288185675968e-03
1.669999999999999929e+00 8.284700152650000815e-01 3.993849683951094381e-03
1.679999999999999938e+00 8.335991596100010836e-01 3.894754448995018086e-03
1.689999999999999947e+00 8.392380252000005703e-01 3.359735098461004085e-03
1.699999999999999956e+00 8.443716108850001234e-01 3.135399702393291185e-03
1.709999999999999964e+00 8.489555228249986429e-01 2.948891997922720512e-03
1.719999999999999973e+00 8.531244595099991557e-01 2.782085394483844575e-03
1.729999999999999982e+00 8.575897993749991288e-01 2.588012332663772608e-03
1.739999999999999991e+00 8.615726255449992488e-01 2.439284218595087674e-03
1.750000000000000000e+00 8.653778279850001809e-01 2.299565082232003701e-03
1.760000000000000009e+00 8.688280063249999019e-01 2.209194870131420303e-03
1.770000000000000018e+00 8.721178034050005579e-01 2.121493315901075167e-03
1.780000000000000027e+00 8.751204378349994872e-01 2.051325764417499462e-03
1.790000000000000036e+00 8.780132622050008662e-01 1.983535052206800760e-03
1.800000000000000044e+00 8.808348563700008071e-01 1.892856360294406775e-03
1.810000000000000053e+00 8.834464770650010124e-01 1.837360779752521787e-03
1.820000000000000062e+00 8.861331247200003869e-01 1.755781732515631797e-03
1.830000000000000071e+00 8.885401094400013911e-01 1.697842500031002252e-03
1.840000000000000080e+00 8.909934823299999751e-01 1.624641636897798409e-03
1.850000000000000089e+00 8.933546486250000251e-01 1.556016229261155759e-03
1.860000000000000098e+00 8.954828781799999415e-01 1.507881002483152117e-03
1.870000000000000107e+00 8.976692051849992637e-01 1.456457120534688544e-03
1.879999999999999893e+00 8.996708312449994693e-01 1.410145164761709502e-03
1.889999999999999902e+00 9.016025415150011879e-01 1.364375042190837115e-03
1.899999999999999911e+00 9.034355341099994385e-01 1.316724715633043729e-03
1.909999999999999920e+00 9.051706371900002379e-01 1.280996729337316410e-03
1.919999999999999929e+00 9.069094267049992997e-01 1.232901825936069760e-03
1.929999999999999938e+00 9.085044786350006119e-01 1.199980921977439286e-03
1.939999999999999947e+00 9.101017605700021385e-01 1.169664664459295908e-03
1.949999999999999956e+00 9.115994754500005293e-01 1.145538009631489815e-03
1.959999999999999964e+00 9.130457274700006787e-01 1.120014378326523010e-03
1.969999999999999973e+00 9.145178784499995439e-01 1.094108725607627255e-03
