5.999999999999999778e-01 3.416439438950003710e-02 1.194684512123146111e-04
6.099999999999999867e-01 3.451223445499999182e-02 1.128104690102119329e-04
6.199999999999999956e-01 3.500664969949998651e-02 1.173966866740198901e-04
6.300000000000000044e-01 3.553934671549999202e-02 1.148749927629302787e-04
6.400000000000000133e-01 3.608051829200000643e-02 1.252728682198712442e-04
6.500000000000000222e-01 3.643457390600002288e-02 1.140838385046231149e-04
6.600000000000000311e-01 3.694176545749996293e-02 1.196729490638659231e-04
6.700000000000000400e-01 3.757581618599996343e-02 1.376575577996824880e-04
6.800000000000000488e-01 3.797160678799998274e-02 1.277333052663637736e-04
6.899999999999999467e-01 3.864419549049999403e-02 1.250080199794319203e-04
6.999999999999999556e-01 3.919489557549997449e-02 1.335193011435429299e-04
7.099999999999999645e-01 3.959383772899993659e-02 1.355705174331776626e-04
7.199999999999999734e-01 4.027624628799996581e-02 1.417215562321980581e-04
7.299999999999999822e-01 4.078261409450010394e-02 1.432983288038863355e-04
7.399999999999999911e-01 4.157032532049995815e-02 1.555374623426712536e-04
7.500000000000000000e-01 4.205630063100000704e-02 1.563875582401076149e-04
7.600000000000000089e-01 4.269811829550006210e-02 1.530840696414378802e-04
7.700000000000000178e-01 4.314165008650004685e-02 1.659318247872659314e-04
7.800000000000000266e-01 4.401495782500002701e-02 1.600445541922732636e-04
7.900000000000000355e-01 4.456655650449994899e-02 1.856041632833837693e-04
8.000000000000000444e-01 4.528254355999998537e-02 1.776043015170603858e-04
8.100000000000000533e-01 4.612060382299996986e-02 1.811687957353640729e-04
8.199999999999999512e-01 4.679993023599997998e-02 1.727112672217806803e-04
8.299999999999999600e-01 4.732873212950004099e-02 1.940004658576461054e-04
8.399999999999999689e-01 4.815440366500006036e-02 1.962992725252545186e-04
8.499999999999999778e-01 4.902173775899996283e-02 2.000686559374724113e-04
8.599999999999999867e-01 4.987644966149995529e-02 2.144017696997676766e-04
8.699999999999999956e-01 5.054407350199997817e-02 2.099134031481395945e-04
8.800000000000000044e-01 5.145058953149998088e-02 1.967121965485258100e-04
8.900000000000000133e-01 5.223652741099996805e-02 2.302758475910530349e-04
9.000000000000000222e-01 5.311752944550005018e-02 2.388714131191939751e-04
9.100000000000000311e-01 5.381845234599993977e-02 2.403769530211941237e-04
9.200000000000000400e-01 5.520113851400001298e-02 2.188698849616415188e-04
9.300000000000000488e-01 5.612145635799995619e-02 2.465482655754356375e-04
9.399999999999999467e-01 5.723935451599997809e-02 2.599550716285779339e-04
9.499999999999999556e-01 5.793765036000002311e-02 2.869333739689353666e-04
9.599999999999999645e-01 5.913670157849999082e-02 2.897618150417605697e-04
9.699999999999999734e-01 6.043076982899998201e-02 2.946538694601461591e-04
9.799999999999999822e-01 6.136605651800000616e-02 2.765293784356174459e-04
9.899999999999999911e-01 6.320436559400000043e-02 3.077121454162343628e-04
1.000000000000000000e+00 6.412654388449999521e-02 3.559383671172912985e-04
1.010000000000000009e+00 6.562958828399999278e-02 3.540334045660842094e-04
1.020000000000000018e+00 6.680553660000003446e-02 3.630310836523363473e-04
1.030000000000000027e+00 6.766844742199996932e-02 3.607969920429810536e-04
1.040000000000000036e+00 7.025872442349999358e-02 4.431922060678487331e-04
1.050000000000000044e+00 7.127591703700003611e-02 4.210875611358279097e-04
1.060000000000000053e+00 7.289783674600006091e-02 4.431263824694015941e-04
1.070000000000000062e+00 7.434133756600007359e-02 4.942255501375710696e-04
1.080000000000000071e+00 7.583470846349994743e-02 4.521368487500400943e-04
1.090000000000000080e+00 7.815211189749984855e-02 5.101887757118492078e-04
1.100000000000000089e+00 8.060328885949999411e-02 5.997886724044104419e-04
1.110000000000000098e+00 8.247090106549992417e-02 6.165405058709888184e-04
1.120000000000000107e+00 8.429059494249992179e-02 5.986738743738223480e-04
1.129999999999999893e+00 8.675515020349999773e-02 7.261286881252408546e-04
1.139999999999999902e+00 8.875533520899987761e-02 7.484870955372335518e-04
1.149999999999999911e+00 9.236486132050011899e-02 8.626246871522774478e-04
1.159999999999999920e+00 9.428760804499992931e-02 9.937300566365216050e-04
1.169999999999999929e+00 9.793230074399994489e-02 1.003473872362582514e-03
1.179999999999999938e+00 1.013680791224999683e-01 1.038985342920191891e-03
1.189999999999999947e+00 1.050658676764998495e-01 1.251691709713574022e-03
1.199999999999999956e+00 1.070607291340000683e-01 1.268427303493950596e-03
1.209999999999999964e+00 1.125496188784999990e-01 1.666613564996806450e-03
1.219999999999999973e+00 1.169392375104999493e-01 1.824242824079140438e-03
1.229999999999999982e+00 1.225702526944999204e-01 2.218018415320897017e-03
1.239999999999999991e+00 1.276923278815000617e-01 2.737550121793075678e-03
1.250000000000000000e+00 1.362733901434999007e-01 3.224373318578654338e-03
1.260000000000000009e+00 1.426700499789997911e-01 3.489088750076199067e-03
1.270000000000000018e+00 1.513874739144999426e-01 3.998863949454699827e-03
1.280000000000000027e+00 1.638648688014999466e-01 4.673292353370722338e-03
1.290000000000000036e+00 1.753026628410001009e-01 5.517104216028307327e-03
1.300000000000000044e+00 1.884889146949999816e-01 6.115820184394507586e-03
1.310000000000000053e+00 2.049307005999997933e-01 7.240306317777368827e-03
1.320000000000000062e+00 2.235981103350000165e-01 7.883107851654618664e-03
1.330000000000000071e+00 2.421638654590000661e-01 8.864474729007728107e-03
1.340000000000000080e+00 2.668557051049997852e-01 1.009439678042311703e-02
1.350000000000000089e+00 2.921954468399998728e-01 1.059986400616255015e-02
1.360000000000000098e+00 3.191352680750004778e-01 1.144383573708996488e-02
1.370000000000000107e+00 3.479257472650000849e-01 1.210928782006100157e-02
1.379999999999999893e+00 3.767715072450001923e-01 1.262982801626129359e-02
1.389999999999999902e+00 4.105307841199993812e-01 1.266187830540345220e-02
1.399999999999999911e+00 4.437970817050000960e-01 1.297692323360520594e-02
1.409999999999999920e+00 4.796996224849999213e-01 1.282297809700432868e-02
1.419999999999999929e+00 5.122385385499995669e-01 1.254657527173027275e-02
1.429999999999999938e+00 5.449147603600004164e-01 1.247287164873628861e-02
1.439999999999999947e+00 5.707836992299999412e-01 1.189442841493650038e-02
1.449999999999999956e+00 6.019081682799994892e-01 1.105561332892060489e-02
1.459999999999999964e+00 6.278083488849997007e-01 1.053385208791639965e-02
1.469999999999999973e+00 6.532375577549993650e-01 9.414614408258406217e-03
1.479999999999999982e+00 6.764929134050006176e-01 8.647542672187553264e-03
1.489999999999999991e+00 6.938473763149994866e-01 7.940277125867730226e-03
1.500000000000000000e+00 7.125534668149997586e-01 7.123718382374530714e-03
1.510000000000000009e+00 7.269611839000014175e-01 6.629990765632602125e-03
1.520000000000000018e+00 7.416287112300004036e-01 5.661095851961517496e-03
1.530000000000000027e+00 7.545139221300003474e-01 5.143925208202878262e-03
1.540000000000000036e+00 7.664517280499998364e-01 4.381576576377221865e-03
1.550000000000000044e+00 7.762824008750002225e-01 3.982999123472362631e-03
1.560000000000000053e+00 7.861227954600015222e-01 3.487592902947500052e-03
1.570000000000000062e+00 7.946052000599989062e-01 3.055175345976847683e-03
1.580000000000000071e+00 8.021373198099998048e-01 2.840200367567998797e-03
1.590000000000000080e+00 8.097852194850001517e-01 2.557323957462242538e-03
1.600000000000000089e+00 8.162228837699997408e-01 2.437897613757362709e-03
1.610000000000000098e+00 8.224370931699985787e-01 2.295811538266783608e-03
1.620000000000000107e+00 8.279829709699997320e-01 2.178236172154285680e-03
1.629999999999999893e+00 8.332601537799995128e-01 2.065538322916654797e-03
1.639999999999999902e+00 8.381701796449995134e-01 1.982927906190591963e-03
1.649999999999999911e+00 8.428365677600009320e-01 1.878898385717062613e-03
1.659999999999999920e+00 8.471924666850004781e-01 1.793193452162039148e-03
1.669999999999999929e+00 8.515408133600020912e-01 1.706514919838316964e-03
1.679999999999999938e+00 8.556412911700000956e-01 1.626818236471254831e-03
1.689999999999999947e+00 8.594577051400011936e-01 1.564132754157397968e-03
1.699999999999999956e+00 8.630475283350005355e-01 1.508829696929294382e-03
1.709999999999999964e+00 8.665456259899996239e-01 1.446041794408019525e-03
1.719999999999999973e+00 8.698861485599992394e-01 1.382456905401309270e-03
1.729999999999999982e+00 8.730855615300004979e-01 1.332355600666502342e-03
1.739999999999999991e+00 8.760815438350021411e-01 1.287512021214021847e-03
1.750000000000000000e+00 8.789476211850002496e-01 1.235625037112262009e-03
1.760000000000000009e+00 8.816879943949992304e-01 1.194203418161532328e-03
1.770000000000000018e+00 8.842561103199998440e-01 1.149482919912069761e-03
1.780000000000000027e+00 8.867998365699998331e-01 1.105160342210212421e-03
1.790000000000000036e+00 8.891705995500004400e-01 1.062649114720407798e-03
1.800000000000000044e+00 8.914610578499996274e-01 1.028438253581018171e-03
