2.000000000000000042e-02 3.210593974550000895e-02 8.158006082809088398e-05
2.999999999999999889e-02 3.252765695400001295e-02 8.104724362837986544e-05
4.000000000000000083e-02 3.297657653949998685e-02 8.047657590503045819e-05
5.000000000000000278e-02 3.342364172900000319e-02 8.245865248013107076e-05
5.999999999999999778e-02 3.393019722299998875e-02 9.259848322685270750e-05
7.000000000000000666e-02 3.445210435400000021e-02 9.468743963299824245e-05
8.000000000000000167e-02 3.485401468700000116e-02 8.824285297016719451e-05
8.999999999999999667e-02 3.531819122199995192e-02 9.796768631724856260e-05
1.000000000000000056e-01 3.580565267450002559e-02 9.728274045834749053e-05
1.100000000000000006e-01 3.637797937799997633e-02 9.421212150453212866e-05
1.199999999999999956e-01 3.687437134050002702e-02 9.180052844172139324e-05
1.300000000000000044e-01 3.737065482300004626e-02 1.014424660906421512e-04
1.400000000000000133e-01 3.784300284500001499e-02 1.099939885618615091e-04
1.499999999999999944e-01 3.828240956300001108e-02 1.028323802313620150e-04
1.600000000000000033e-01 3.881153048649999687e-02 1.077400421401102440e-04
1.700000000000000122e-01 3.920878760950002179e-02 1.107773452287153659e-04
1.799999999999999933e-01 3.978536384650002006e-02 1.152955216105307147e-04
1.900000000000000022e-01 4.023489534300001697e-02 1.158312557777320119e-04
2.000000000000000111e-01 4.075000925700003607e-02 1.177249276347195944e-04
2.099999999999999922e-01 4.136238682249997883e-02 1.251905440398010420e-04
2.200000000000000011e-01 4.179343114249994134e-02 1.249214544830649031e-04
2.300000000000000100e-01 4.236999997000003015e-02 1.317158029633502922e-04
2.399999999999999911e-01 4.284117625749997438e-02 1.340832416102329702e-04
2.500000000000000000e-01 4.342899767350000273e-02 1.422531261153497798e-04
2.600000000000000089e-01 4.402648703649999357e-02 1.359693439998730464e-04
2.700000000000000178e-01 4.452480274099997887e-02 1.376460266345922400e-04
2.800000000000000266e-01 4.512421763799995961e-02 1.384439461430403819e-04
2.899999999999999800e-01 4.596117749750001924e-02 1.375617876079955799e-04
2.999999999999999889e-01 4.650039395199997289e-02 1.383482159822044765e-04
3.099999999999999978e-01 4.709419715050001953e-02 1.549410899270761677e-04
3.200000000000000067e-01 4.765169261150003360e-02 1.508163321874128723e-04
3.300000000000000155e-01 4.841456347250002595e-02 1.537615975395691559e-04
3.400000000000000244e-01 4.890905270499992796e-02 1.710814926468674302e-04
3.499999999999999778e-01 4.929130417050001101e-02 1.672147148341161912e-04
3.599999999999999867e-01 5.033085820600000093e-02 1.603402420734652224e-04
3.699999999999999956e-01 5.069327802399996308e-02 1.654572094718324696e-04
3.800000000000000044e-01 5.143882493599996608e-02 1.688469699747579601e-04
3.900000000000000133e-01 5.212509839699996234e-02 1.759398303926480733e-04
4.000000000000000222e-01 5.292427974999996260e-02 1.701476986447202511e-04
4.099999999999999756e-01 5.359986610100003074e-02 1.798695416442025073e-04
4.199999999999999845e-01 5.416491996000000891e-02 1.873306756705237462e-04
4.299999999999999933e-01 5.480515022749999493e-02 1.980056865475562314e-04
4.400000000000000022e-01 5.560358070400012870e-02 1.913215790052372222e-04
4.500000000000000111e-01 5.624092547700001998e-02 2.026571281398421018e-04
4.600000000000000200e-01 5.693664827700002651e-02 1.937577586199104563e-04
4.699999999999999734e-01 5.766302938649995463e-02 2.067588229609429917e-04
4.799999999999999822e-01 5.864881288700008605e-02 2.057330990628202471e-04
4.899999999999999911e-01 5.938955082049995893e-02 1.998817286096224574e-04
5.000000000000000000e-01 6.015642269349997379e-02 2.270520804931983906e-04
5.100000000000000089e-01 6.053422949699999167e-02 2.156675646955089477e-04
5.200000000000000178e-01 6.150611325200008167e-02 2.225348546068131399e-04
5.300000000000000266e-01 6.248833507999997788e-02 2.374380948718457030e-04
5.400000000000000355e-01 6.315203101050002876e-02 2.623421225340435568e-04
5.500000000000000444e-01 6.442106192149996136e-02 2.526748486547515486e-04
5.600000000000000533e-01 6.479197744599998754e-02 2.713820284998038333e-04
5.699999999999999512e-01 6.552658490250004575e-02 2.736971599215046332e-04
5.799999999999999600e-01 6.673172743049997357e-02 2.671607272615810998e-04
5.899999999999999689e-01 6.759172859949998113e-02 2.656249915941121626e-04
5.999999999999999778e-01 6.861448004000002265e-02 2.748263951419159198e-04
6.099999999999999867e-01 6.918573452950005365e-02 2.731413353798950450e-04
6.199999999999999956e-01 7.026752533199999429e-02 2.785858064654734797e-04
6.300000000000000044e-01 7.134732227949998340e-02 2.989272019333690531e-04
6.400000000000000133e-01 7.202598783800004401e-02 2.942157771423475595e-04
6.500000000000000222e-01 7.310970107500004700e-02 3.178509235877785772e-04
6.600000000000000311e-01 7.425277123999991791e-02 3.305507541565314792e-04
6.700000000000000400e-01 7.506659447499994253e-02 3.232337161709238071e-04
6.800000000000000488e-01 7.660034619549997703e-02 3.336174746428461593e-04
6.899999999999999467e-01 7.734914959800007206e-02 3.345335306617716630e-04
6.999999999999999556e-01 7.814756958899987671e-02 3.509546565571939757e-04
7.099999999999999645e-01 7.938781277449991070e-02 3.560819250520737408e-04
7.199999999999999734e-01 8.108548001650014991e-02 3.841805266197773246e-04
7.299999999999999822e-01 8.174172917150002160e-02 3.645424387031283298e-04
7.399999999999999911e-01 8.333349479599994059e-02 3.807183127282579992e-04
7.500000000000000000e-01 8.423471264649989854e-02 4.141270506024157861e-04
7.600000000000000089e-01 8.554689628500000698e-02 4.523938364305252007e-04
7.700000000000000178e-01 8.707507087650007138e-02 4.406406668312088043e-04
7.800000000000000266e-01 8.827081718349996664e-02 4.515497725033230654e-04
7.900000000000000355e-01 8.977671562900017832e-02 4.405222686625360064e-04
8.000000000000000444e-01 9.097796523199995489e-02 4.721643188940455706e-04
8.100000000000000533e-01 9.249850608100002036e-02 4.544119056433221595e-04
8.199999999999999512e-01 9.388295571149998797e-02 4.808439255651247640e-04
8.299999999999999600e-01 9.540180378349998047e-02 5.756591721189059999e-04
8.399999999999999689e-01 9.725637140299990546e-02 5.767823834087595697e-04
8.499999999999999778e-01 9.879087453249997541e-02 5.776348539434374933e-04
8.599999999999999867e-01 1.004988478170000255e-01 5.909179217123428909e-04
8.699999999999999956e-01 1.023432678754999103e-01 5.966810630812630339e-04
8.800000000000000044e-01 1.044049165819999347e-01 7.012453184226263457e-04
8.900000000000000133e-01 1.058398177124999923e-01 6.518044827414421665e-04
9.000000000000000222e-01 1.089812499875001395e-01 7.260973055755805565e-04
9.100000000000000311e-01 1.099674570920000094e-01 7.077890762583802621e-04
9.200000000000000400e-01 1.119649707989999743e-01 7.338251263169418394e-04
9.300000000000000488e-01 1.143054776914999571e-01 8.926989721438939596e-04
9.399999999999999467e-01 1.171555412704999577e-01 9.351242972903121191e-04
9.499999999999999556e-01 1.188672431549999964e-01 9.059834887906975491e-04
9.599999999999999645e-01 1.217226826230000253e-01 1.007019957146443106e-03
9.699999999999999734e-01 1.243188133320000388e-01 1.063549005402445857e-03
9.799999999999999822e-01 1.264549093185001749e-01 1.106085549874821598e-03
9.899999999999999911e-01 1.290076187149999110e-01 1.186627267925818461e-03
1.000000000000000000e+00 1.324468642809999153e-01 1.211408529606484725e-03
1.010000000000000009e+00 1.349376572739999225e-01 1.357115920696279300e-03
1.020000000000000018e+00 1.392226350600000162e-01 1.477248843374886220e-03
1.030000000000000027e+00 1.417397751699996933e-01 1.545954508106711428e-03
1.040000000000000036e+00 1.451904561550000361e-01 1.673863130331602975e-03
1.050000000000000044e+00 1.487572574849999607e-01 1.781305222416822327e-03
1.060000000000000053e+00 1.535893573350002039e-01 1.885971588229536219e-03
1.070000000000000062e+00 1.568639967499999288e-01 2.046687156344451867e-03
1.080000000000000071e+00 1.616044668999997158e-01 2.202529232064850354e-03
1.090000000000000080e+00 1.656363753350000023e-01 2.347528489625109321e-03
1.100000000000000089e+00 1.691326495799997387e-01 2.536885031789162023e-03
1.110000000000000098e+00 1.765643440699997957e-01 2.814156112885368537e-03
1.120000000000000107e+00 1.806224445300002590e-01 3.135608027848953410e-03
1.129999999999999893e+00 1.887929651749999382e-01 3.537517420282698839e-03
1.139999999999999902e+00 1.927914363550002619e-01 3.770452913580766251e-03
1.149999999999999911e+00 2.023018302100002275e-01 4.402474253924340726e-03
1.159999999999999920e+00 2.092628291200002710e-01 4.492973829994492338e-03
1.169999999999999929e+00 2.160438632949997217e-01 4.905995579843188022e-03
1.179999999999999938e+00 2.265329624450000134e-01 5.481925606791830663e-03
1.189999999999999947e+00 2.331419994949999464e-01 5.724970102964471383e-03
1.199999999999999956e+00 2.453131510799995973e-01 6.351076018687690922e-03
1.209999999999999964e+00 2.570780886200000337e-01 6.679760483333339362e-03
1.219999999999999973e+00 2.683287446950001209e-01 7.244301719759681409e-03
1.229999999999999982e+00 2.810187661100000400e-01 7.686497207652132936e-03
1.239999999999999991e+00 2.946043441500000859e-01 8.051264901987039563e-03
1.250000000000000000e+00 3.082915248050004942e-01 8.557188310091556893e-03
1.260000000000000009e+00 3.216558718250002724e-01 8.989601330326136078e-03
1.270000000000000018e+00 3.395544978950001402e-01 9.686160861722485985e-03
1.280000000000000027e+00 3.546385309850001444e-01 1.005157899346845012e-02
1.290000000000000036e+00 3.659309225049999781e-01 1.038926674814610179e-02
1.300000000000000044e+00 3.874739559200006678e-01 1.088671697791314570e-02
1.310000000000000053e+00 4.014973780799999115e-01 1.127099461141346619e-02
1.320000000000000062e+00 4.209700842549998212e-01 1.158965614014520820e-02
1.330000000000000071e+00 4.412200492150003539e-01 1.183146229970276526e-02
1.340000000000000080e+00 4.593839417899993616e-01 1.180210585944096308e-02
1.350000000000000089e+00 4.809056650499999308e-01 1.195523291381076283e-02
1.360000000000000098e+00 4.992645935850001937e-01 1.223189001293393217e-02
1.370000000000000107e+00 5.192459320350003571e-01 1.221162445899512221e-02
1.379999999999999893e+00 5.394129982650004429e-01 1.216139785436997321e-02
1.389999999999999902e+00 5.568605389149993146e-01 1.225370209414881721e-02
1.399999999999999911e+00 5.749613630499995631e-01 1.212743174583712225e-02
1.409999999999999920e+00 5.904310605049998273e-01 1.198330656304400291e-02
1.419999999999999929e+00 6.078120780549995938e-01 1.174677042673261985e-02
1.429999999999999938e+00 6.243324322049993436e-01 1.150924141917049684e-02
1.439999999999999947e+00 6.404866882050003207e-01 1.131683941979769008e-02
1.449999999999999956e+00 6.566556751249994495e-01 1.096402640577578622e-02
1.459999999999999964e+00 6.735269370100007702e-01 1.051251933129488357e-02
1.469999999999999973e+00 6.862507071899995870e-01 1.025335920635913993e-02
1.479999999999999982e+00 7.018018407199999587e-01 9.805763184260025966e-03
1.489999999999999991e+00 7.140365507750000562e-01 9.463465520046144067e-03
1.500000000000000000e+00 7.265815797750000415e-01 9.035202434536338326e-03
1.510000000000000009e+00 7.381227974450004226e-01 8.707136413547859888e-03
1.520000000000000018e+00 7.493575378299993650e-01 8.246707638760222489e-03
1.530000000000000027e+00 7.596893962299997582e-01 7.770150161352562361e-03
1.540000000000000036e+00 7.681790585400003479e-01 7.619622913053528124e-03
1.550000000000000044e+00 7.765209029249997563e-01 7.358829730439327838e-03
1.560000000000000053e+00 7.849871582999992103e-01 7.038763158487721175e-03
1.570000000000000062e+00 7.926878935499994672e-01 6.610700864777889658e-03
1.580000000000000071e+00 8.017582395850010313e-01 5.997308498729069133e-03
1.590000000000000080e+00 8.087605961050001735e-01 5.784199553246694402e-03
1.600000000000000089e+00 8.149441966850005103e-01 5.539463177126969021e-03
1.610000000000000098e+00 8.217422948400011640e-01 5.151614230258922712e-03
1.620000000000000107e+00 8.275691689249998761e-01 4.919617303152486014e-03
1.629999999999999893e+00 8.334071016649993169e-01 4.533676318934393157e-03
1.639999999999999902e+00 8.388921546850000022e-01 4.287657699649631039e-03
1.649999999999999911e+00 8.443568973149998547e-01 3.991063845324332657e-03
1.659999999999999920e+00 8.490109564649999108e-01 3.798739283870385293e-03
1.669999999999999929e+00 8.533613585249989475e-01 3.635456845977211911e-03
1.679999999999999938e+00 8.575527956850013123e-01 3.484178659492645925e-03
1.689999999999999947e+00 8.612653390100000195e-01 3.449897332539748288e-03
1.699999999999999956e+00 8.646624648899985388e-01 3.287575826059256634e-03
1.709999999999999964e+00 8.685461334699997593e-01 3.036903944080055536e-03
1.719999999999999973e+00 8.716829380000001848e-01 2.963589967257630308e-03
1.729999999999999982e+00 8.748103388449993689e-01 2.908014476718244305e-03
1.739999999999999991e+00 8.777957201050003988e-01 2.781924369075907712e-03
1.750000000000000000e+00 8.807298767799998096e-01 2.624457582965748770e-03
1.760000000000000009e+00 8.833772386300001722e-01 2.532611197384815240e-03
1.770000000000000018e+00 8.860337774549994494e-01 2.454183515671230515e-03
1.780000000000000027e+00 8.883542665450000486e-01 2.455137039225091522e-03
1.790000000000000036e+00 8.906148018499997487e-01 2.376724112766178971e-03
1.800000000000000044e+00 8.930347830050016089e-01 2.271601869508469394e-03
1.810000000000000053e+00 8.952744314050005148e-01 2.221601467208168118e-03
1.820000000000000062e+00 8.973823497049996378e-01 2.182700938768017841e-03
1.830000000000000071e+00 8.993921284100001579e-01 2.074393028045782607e-03
1.840000000000000080e+00 9.014644993999999523e-01 1.993270639873445573e-03
1.850000000000000089e+00 9.035004151500007907e-01 1.878746085191074612e-03
1.860000000000000098e+00 9.053972233049988327e-01 1.828412729386958780e-03
1.870000000000000107e+00 9.070901945700007296e-01 1.817813865682233083e-03
1.879999999999999893e+00 9.088254160199996656e-01 1.740824543001065093e-03
1.889999999999999902e+00 9.103842601849991834e-01 1.693356748123429770e-03
1.899999999999999911e+00 9.119692995049999418e-01 1.677706466681201007e-03
1.909999999999999920e+00 9.136417248700015037e-01 1.595591510383427948e-03
1.919999999999999929e+00 9.152439697149988840e-01 1.545605897082451968e-03
1.929999999999999938e+00 9.167323154200013313e-01 1.505139445500206560e-03
1.939999999999999947e+00 9.181526026649995398e-01 1.459741606732075248e-03
1.949999999999999956e+00 9.195115667249992297e-01 1.423174598995582225e-03
1.959999999999999964e+00 9.207824219200005933e-01 1.393918617231990412e-03
1.969999999999999973e+00 9.220202279299996029e-01 1.362108802671536771e-03
1.979999999999999982e+00 9.233002774100012022e-01 1.331530301255087322e-03
1.989999999999999991e+00 9.244779506000005975e-01 1.303447965806985498e-03
2.000000000000000000e+00 9.256360411800000909e-01 1.277044054114572381e-03
2.009999999999999787e+00 9.267692876449987738e-01 1.250111668564558246e-03
2.020000000000000018e+00 9.278450866450003165e-01 1.223796076620748243e-03
2.029999999999999805e+00 9.289224310749999436e-01 1.199401207928657695e-03
2.040000000000000036e+00 9.299271575650003285e-01 1.174681495854222168e-03
2.049999999999999822e+00 9.309809329699988423e-01 1.146885129505976738e-03
2.060000000000000053e+00 9.319521098550009874e-01 1.127950597895528619e-03
2.069999999999999840e+00 9.328293303400003733e-01 1.109683466043663710e-03
2.080000000000000071e+00 9.337842469499996190e-01 1.088130960411566551e-03
2.089999999999999858e+00 9.346419135400015898e-01 1.069925083170581532e-03
