8.199999999999999512e-01 3.127763477950001175e-02 9.654361898431227935e-05
8.299999999999999600e-01 3.186086864450000250e-02 1.095488111531615552e-04
8.399999999999999689e-01 3.232464804000000774e-02 1.085973869820672715e-04
8.499999999999999778e-01 3.268020682499998830e-02 1.055123469989303377e-04
8.599999999999999867e-01 3.316729908949997419e-02 1.165175723042993924e-04
8.699999999999999956e-01 3.378160662949999254e-02 1.142642533533225630e-04
8.800000000000000044e-01 3.422407876650000735e-02 1.270868317495610128e-04
8.900000000000000133e-01 3.496396284400000998e-02 1.272579952959989160e-04
9.000000000000000222e-01 3.540436820049999711e-02 1.374756769315986602e-04
9.100000000000000311e-01 3.587050058750003434e-02 1.338945053812242716e-04
9.200000000000000400e-01 3.640203572099998119e-02 1.326904875620615030e-04
9.300000000000000488e-01 3.690461111149997975e-02 1.452858407547280334e-04
9.399999999999999467e-01 3.751370148099996554e-02 1.481204729371571674e-04
9.499999999999999556e-01 3.829206404099998184e-02 1.539639024851517581e-04
9.599999999999999645e-01 3.904791601450000038e-02 1.563717986193060054e-04
9.699999999999999734e-01 3.952363043949998211e-02 1.574575814049931129e-04
9.799999999999999822e-01 4.039595920650003447e-02 1.617054208912822194e-04
9.899999999999999911e-01 4.095604921650006225e-02 1.775215882045060002e-04
1.000000000000000000e+00 4.149146858050005438e-02 1.668778904060906642e-04
1.010000000000000009e+00 4.226914166949995166e-02 1.791917292496529460e-04
1.020000000000000018e+00 4.313334161749998730e-02 1.831068752065428908e-04
1.030000000000000027e+00 4.373316172699998061e-02 1.688792947630222117e-04
1.040000000000000036e+00 4.476597915900002583e-02 1.814850290028099749e-04
1.050000000000000044e+00 4.582614077049994294e-02 2.166883840600180916e-04
1.060000000000000053e+00 4.656467522749994231e-02 2.065721410709026268e-04
1.070000000000000062e+00 4.724273523650004969e-02 2.159602621281808818e-04
1.080000000000000071e+00 4.852772048950002720e-02 2.193409321738556267e-04
1.090000000000000080e+00 4.960728246949996229e-02 2.388621821369263680e-04
1.100000000000000089e+00 5.077334470349999934e-02 2.539213742861062286e-04
1.110000000000000098e+00 5.168228016199999386e-02 2.491068949378543698e-04
1.120000000000000107e+00 5.271920042500006370e-02 2.722052808225070399e-04
1.129999999999999893e+00 5.408156477900001591e-02 3.048106501593724426e-04
1.139999999999999902e+00 5.517394838899997156e-02 3.106892341015707630e-04
1.149999999999999911e+00 5.617064871199996257e-02 3.147298804238300067e-04
1.159999999999999920e+00 5.769945211599998569e-02 3.271300756240286527e-04
1.169999999999999929e+00 5.976222514499998639e-02 3.468809801805866383e-04
1.179999999999999938e+00 6.110253981499998155e-02 3.436169750615991007e-04
1.189999999999999947e+00 6.250380482699999241e-02 4.047749241347604128e-04
1.199999999999999956e+00 6.436951592099995900e-02 4.038189367275188098e-04
1.209999999999999964e+00 6.592793625350000519e-02 4.228803690742394218e-04
1.219999999999999973e+00 6.812274876850012151e-02 4.895693605980949237e-04
1.229999999999999982e+00 7.044179835049993454e-02 5.380124147467411130e-04
1.239999999999999991e+00 7.184912530749994197e-02 5.710502309392122278e-04
1.250000000000000000e+00 7.497488923300008046e-02 6.481957290534605702e-04
1.260000000000000009e+00 7.779498383299973674e-02 7.249564860365395906e-04
1.270000000000000018e+00 8.044711012850008780e-02 8.124310464178850126e-04
1.280000000000000027e+00 8.324542413849991829e-02 9.197945935784954206e-04
1.290000000000000036e+00 8.598242459449990938e-02 9.350956495014168873e-04
1.300000000000000044e+00 9.032738809049996320e-02 1.155165907850944909e-03
1.310000000000000053e+00 9.540490500850025424e-02 1.431716738455106287e-03
1.320000000000000062e+00 1.002474065925000046e-01 1.890959733578054421e-03
1.330000000000000071e+00 1.065458470520001533e-01 2.184742762489793027e-03
1.340000000000000080e+00 1.142949080109999516e-01 2.967693133226880896e-03
1.350000000000000089e+00 1.233383268505000019e-01 3.881207974952866069e-03
1.360000000000000098e+00 1.363900733760000927e-01 4.821225762793595812e-03
1.370000000000000107e+00 1.512024906015001502e-01 6.113426647390786742e-03
1.379999999999999893e+00 1.683624512969998099e-01 7.249825536341226312e-03
1.389999999999999902e+00 1.878756626020000875e-01 8.545732931993730783e-03
1.399999999999999911e+00 2.132113206580000253e-01 9.946834838246638652e-03
1.409999999999999920e+00 2.414976399160000675e-01 1.106954935956178804e-02
1.419999999999999929e+00 2.724448473844999219e-01 1.186539841777517479e-02
1.429999999999999938e+00 3.127617753445000592e-01 1.310288272939259292e-02
1.439999999999999947e+00 3.591714793049998744e-01 1.412732760690324843e-02
1.449999999999999956e+00 4.056331852034996688e-01 1.408443325857106077e-02
1.459999999999999964e+00 4.507850270785000446e-01 1.396277674604202990e-02
1.469999999999999973e+00 5.035882593849997368e-01 1.318335193152752466e-02
1.479999999999999982e+00 5.444819109600002038e-01 1.250974414424735510e-02
1.489999999999999991e+00 5.811575330849997334e-01 1.147319716660567292e-02
1.500000000000000000e+00 6.135968211699999175e-01 1.090511307243704694e-02
1.510000000000000009e+00 6.439900555750004418e-01 9.691207853768014913e-03
1.520000000000000018e+00 6.690087629800002267e-01 9.091845604369460168e-03
1.530000000000000027e+00 6.948953402400003254e-01 7.102079003284298038e-03
1.540000000000000036e+00 7.138867187049999785e-01 6.401027993467715317e-03
1.550000000000000044e+00 7.298502820499987997e-01 5.711256522456205527e-03
1.560000000000000053e+00 7.428996231499992442e-01 5.416124125554377250e-03
1.570000000000000062e+00 7.570306230149996818e-01 3.942830976894459022e-03
1.580000000000000071e+00 7.679083206500006975e-01 3.424888179175540788e-03
1.590000000000000080e+00 7.774940712649980323e-01 3.334670299769948963e-03
1.600000000000000089e+00 7.868024249649984148e-01 2.828935570354584178e-03
1.610000000000000098e+00 7.954808043899995740e-01 2.280947693535885588e-03
1.620000000000000107e+00 8.030919362399998596e-01 1.989780670590053126e-03
1.629999999999999893e+00 8.099167195299993294e-01 1.855217318217748093e-03
1.639999999999999902e+00 8.161226798250006409e-01 1.751821621061728715e-03
1.649999999999999911e+00 8.221122318250004835e-01 1.638571328583587547e-03
1.659999999999999920e+00 8.276301744549995343e-01 1.552823458174362433e-03
1.669999999999999929e+00 8.328374534999994916e-01 1.472853079082796831e-03
1.679999999999999938e+00 8.377723866749998693e-01 1.395381793864955986e-03
1.689999999999999947e+00 8.423541522099989853e-01 1.337172447562440854e-03
1.699999999999999956e+00 8.467155435700005617e-01 1.277883350260833849e-03
1.709999999999999964e+00 8.508918577149993112e-01 1.221308669039254495e-03
1.719999999999999973e+00 8.548826122599993971e-01 1.165723173641013480e-03
1.729999999999999982e+00 8.587344818049996720e-01 1.113261518276527536e-03
1.739999999999999991e+00 8.623484752949998056e-01 1.067211446415887964e-03
1.750000000000000000e+00 8.657808115249990832e-01 1.026199291521093715e-03
