7.500000000000000000e-01 1.067060792540000108e-01 9.508321613701053001e-04
7.600000000000000089e-01 1.081824517090000104e-01 9.607524720199746944e-04
7.700000000000000178e-01 1.097972040759999796e-01 1.008204617587700339e-03
7.800000000000000266e-01 1.119430713769999503e-01 1.088561941547852531e-03
7.900000000000000355e-01 1.130902337849999939e-01 1.052347759355842446e-03
8.000000000000000444e-01 1.144726317420001888e-01 1.168434940683854908e-03
8.100000000000000533e-01 1.160258210209999946e-01 1.147130313928775881e-03
8.199999999999999512e-01 1.179523007019999681e-01 1.146175021656287152e-03
8.299999999999999600e-01 1.190831252249998640e-01 1.210927449303118679e-03
8.399999999999999689e-01 1.204899491480001666e-01 1.247770654310071878e-03
8.499999999999999778e-01 1.233558894039998577e-01 1.321296827620138887e-03
8.599999999999999867e-01 1.233724716720001197e-01 1.310967869370333223e-03
8.699999999999999956e-01 1.264952133570000081e-01 1.397133700430361119e-03
8.800000000000000044e-01 1.279964288100000624e-01 1.527141808222039730e-03
8.900000000000000133e-01 1.308057057160001146e-01 1.525765036353336247e-03
9.000000000000000222e-01 1.313809999900003023e-01 1.507212825503986310e-03
9.100000000000000311e-01 1.342777704200001643e-01 1.720921078682408501e-03
9.200000000000000400e-01 1.352524906299999441e-01 1.682957160833601327e-03
9.300000000000000488e-01 1.370859296200001021e-01 1.738336531302855058e-03
9.399999999999999467e-01 1.408209891700000216e-01 1.856865557835732546e-03
9.499999999999999556e-01 1.425353422300000006e-01 1.929465799865271239e-03
9.599999999999999645e-01 1.456718797999997650e-01 1.980463467990299306e-03
9.699999999999999734e-01 1.468196497500001141e-01 1.912409106135307471e-03
9.799999999999999822e-01 1.486180860299998741e-01 2.088629112476399121e-03
9.899999999999999911e-01 1.516650987100001957e-01 2.228278110865974156e-03
1.000000000000000000e+00 1.543547885499997052e-01 2.372574819150027013e-03
1.010000000000000009e+00 1.576976332399999958e-01 2.348109074463557416e-03
1.020000000000000018e+00 1.601397390399998677e-01 2.581578060488406122e-03
1.030000000000000027e+00 1.624573454400000394e-01 2.600726197910269589e-03
1.040000000000000036e+00 1.666061142699999109e-01 2.724312282419848793e-03
1.050000000000000044e+00 1.686762584600000892e-01 2.915804397692654554e-03
1.060000000000000053e+00 1.710308157500000925e-01 2.855892136627997176e-03
1.070000000000000062e+00 1.748849358599997850e-01 3.143308451065606780e-03
1.080000000000000071e+00 1.779116969400002801e-01 3.274427215386776450e-03
1.090000000000000080e+00 1.795112583800000661e-01 3.409743413652731661e-03
1.100000000000000089e+00 1.833664579199997813e-01 3.391685636852401729e-03
1.110000000000000098e+00 1.860349255599998142e-01 3.551564070778350738e-03
1.120000000000000107e+00 1.887134736500000742e-01 3.787497929575007593e-03
1.129999999999999893e+00 1.915374595699999294e-01 3.703027325961681920e-03
1.139999999999999902e+00 1.961725964399998190e-01 3.868473512610565851e-03
1.149999999999999911e+00 1.990546056799997465e-01 4.274818117157284415e-03
1.159999999999999920e+00 2.046091282299997427e-01 4.363360976230775193e-03
1.169999999999999929e+00 2.070317444899996973e-01 4.600325583457913654e-03
1.179999999999999938e+00 2.113707535500000956e-01 4.764318085612011429e-03
1.189999999999999947e+00 2.150191873700000866e-01 4.983152803211854040e-03
1.199999999999999956e+00 2.213465954700001570e-01 5.297675477000998549e-03
1.209999999999999964e+00 2.261871423900000122e-01 5.556069686777759947e-03
1.219999999999999973e+00 2.280827892500001675e-01 5.569634084934947486e-03
1.229999999999999982e+00 2.344450085499999448e-01 5.677597908865857947e-03
1.239999999999999991e+00 2.386823016899995709e-01 6.404118062271457398e-03
1.250000000000000000e+00 2.416798158699999255e-01 6.502212474662712183e-03
1.260000000000000009e+00 2.493550624100001611e-01 6.663009830823001661e-03
1.270000000000000018e+00 2.546410936100002576e-01 7.246114151768030115e-03
1.280000000000000027e+00 2.626435111599998429e-01 7.547219661015007464e-03
1.290000000000000036e+00 2.678349331399996203e-01 7.927206606002677736e-03
1.300000000000000044e+00 2.717829655399999211e-01 8.008509473011760429e-03
1.310000000000000053e+00 2.785218533700000720e-01 8.375067030001176818e-03
1.320000000000000062e+00 2.872456535299999780e-01 8.577635059360414274e-03
1.330000000000000071e+00 2.929666785399998030e-01 8.864686346215235394e-03
1.340000000000000080e+00 2.993412951000001265e-01 9.120295573225882177e-03
1.350000000000000089e+00 3.088386980400000814e-01 9.648071286954879380e-03
1.360000000000000098e+00 3.179094347999998904e-01 9.935470266133903175e-03
1.370000000000000107e+00 3.264626536100002641e-01 1.052627275925675440e-02
1.379999999999999893e+00 3.334766303300003565e-01 1.085765851259347728e-02
1.389999999999999902e+00 3.418040572700000168e-01 1.113975016231188650e-02
1.399999999999999911e+00 3.530758911800003230e-01 1.208216688351208823e-02
1.409999999999999920e+00 3.589783185100004492e-01 1.230600785483475582e-02
1.419999999999999929e+00 3.672077797799999654e-01 1.250460848393122881e-02
1.429999999999999938e+00 3.778376857799998767e-01 1.300169818684707504e-02
1.439999999999999947e+00 3.869777618400003782e-01 1.309483069530545211e-02
1.449999999999999956e+00 3.973105052099996093e-01 1.366315388836443837e-02
1.459999999999999964e+00 4.055197394100003017e-01 1.399225845710060957e-02
1.469999999999999973e+00 4.156908384299994874e-01 1.436432476049457653e-02
1.479999999999999982e+00 4.289523649200001620e-01 1.442530997426541561e-02
1.489999999999999991e+00 4.378316774300001768e-01 1.492675808002420952e-02
1.500000000000000000e+00 4.462394417100001287e-01 1.521595916689356780e-02
1.510000000000000009e+00 4.578600354900006497e-01 1.555826911424236687e-02
1.520000000000000018e+00 4.711824261200004971e-01 1.574470444895503113e-02
1.530000000000000027e+00 4.800242798900001828e-01 1.587646235084584634e-02
1.540000000000000036e+00 4.909006442500003509e-01 1.636529801057014233e-02
1.550000000000000044e+00 5.000843883000001266e-01 1.650799802404758973e-02
1.560000000000000053e+00 5.085660199299991691e-01 1.655342766963833687e-02
1.570000000000000062e+00 5.168526549699998807e-01 1.696743632116468059e-02
1.580000000000000071e+00 5.288100835400008082e-01 1.681559709022053054e-02
1.590000000000000080e+00 5.384006444900010235e-01 1.672525362925095932e-02
1.600000000000000089e+00 5.448672436800005014e-01 1.688204951498728512e-02
1.610000000000000098e+00 5.517295866699993834e-01 1.711647223127490611e-02
1.620000000000000107e+00 5.623776795099997283e-01 1.689971710715233028e-02
1.629999999999999893e+00 5.702328403400005463e-01 1.692417907512410585e-02
1.639999999999999902e+00 5.796751857000004282e-01 1.662757842852707543e-02
1.649999999999999911e+00 5.867563240800006685e-01 1.671640962412042700e-02
1.659999999999999920e+00 5.964560080699998768e-01 1.653221966520477051e-02
1.669999999999999929e+00 6.020879568199998255e-01 1.678826643318532402e-02
1.679999999999999938e+00 6.121152749700007334e-01 1.650128679039924301e-02
1.689999999999999947e+00 6.208161151400010125e-01 1.623478741452127547e-02
1.699999999999999956e+00 6.306385273099986977e-01 1.590345745365449870e-02
1.709999999999999964e+00 6.407895567400003767e-01 1.596640613467761524e-02
1.719999999999999973e+00 6.502704281000003528e-01 1.566396551774989002e-02
1.729999999999999982e+00 6.590803977300003780e-01 1.559559630171652479e-02
1.739999999999999991e+00 6.676838110399992976e-01 1.541735375232649446e-02
1.750000000000000000e+00 6.783403649600004970e-01 1.484061908021503187e-02
1.760000000000000009e+00 6.868065283699992252e-01 1.466903011815326105e-02
1.770000000000000018e+00 6.948698266399995216e-01 1.442613875567984663e-02
1.780000000000000027e+00 7.030829148399991846e-01 1.416925535056476684e-02
1.790000000000000036e+00 7.100696012399994039e-01 1.385176175819754531e-02
1.800000000000000044e+00 7.169355343600002373e-01 1.371196091185563661e-02
1.810000000000000053e+00 7.245689876900005544e-01 1.351229882730857305e-02
1.820000000000000062e+00 7.305200332300010313e-01 1.342305229603328078e-02
1.830000000000000071e+00 7.384916796900004021e-01 1.293822747841053694e-02
1.840000000000000080e+00 7.437108142200005156e-01 1.290324525619776334e-02
1.850000000000000089e+00 7.503291936099986126e-01 1.256740377241884025e-02
1.860000000000000098e+00 7.561603115900003003e-01 1.241320799801531177e-02
1.870000000000000107e+00 7.624931826100006527e-01 1.208920386652285843e-02
1.879999999999999893e+00 7.679978521500001598e-01 1.187671150041967605e-02
1.889999999999999902e+00 7.734414341399999948e-01 1.152810521066456248e-02
1.899999999999999911e+00 7.793995786800002046e-01 1.106721913299969773e-02
1.909999999999999920e+00 7.834542324999981266e-01 1.114407512450206819e-02
1.919999999999999929e+00 7.892539069699994192e-01 1.067149773294873843e-02
1.929999999999999938e+00 7.950100087599989429e-01 1.025352466516285359e-02
1.939999999999999947e+00 7.993073988100000138e-01 1.010651048528798598e-02
1.949999999999999956e+00 8.035924350400012184e-01 9.869449316362275543e-03
1.959999999999999964e+00 8.073398191300011906e-01 9.743247533350117562e-03
1.969999999999999973e+00 8.123181099300005314e-01 9.240888402566460255e-03
1.979999999999999982e+00 8.171583199200000980e-01 9.015104782461135294e-03
1.989999999999999991e+00 8.214174234500005722e-01 8.808668878191301330e-03
2.000000000000000000e+00 8.260668552900002348e-01 8.540100933931007304e-03
2.009999999999999787e+00 8.297141800700006398e-01 8.381548617335874210e-03
2.020000000000000018e+00 8.333724577999996885e-01 8.232055864853640367e-03
2.029999999999999805e+00 8.370738426800001797e-01 8.039689631632297717e-03
2.040000000000000036e+00 8.396666763100010256e-01 8.037848658148822115e-03
2.049999999999999822e+00 8.432973155099986462e-01 7.760521399410128494e-03
2.060000000000000053e+00 8.465324939899988577e-01 7.506504483971814662e-03
2.069999999999999840e+00 8.492815148700011418e-01 7.398307323056872720e-03
2.080000000000000071e+00 8.524753858199998202e-01 7.117685750506261635e-03
2.089999999999999858e+00 8.556260207499986059e-01 6.800256114542882306e-03
2.100000000000000089e+00 8.581748878599999575e-01 6.651691870172522954e-03
2.109999999999999876e+00 8.608470136499994929e-01 6.300132104855171375e-03
2.120000000000000107e+00 8.634442388000002078e-01 6.228070552104067806e-03
2.129999999999999893e+00 8.665779400300012147e-01 5.820308024931543540e-03
2.140000000000000124e+00 8.688305357200006851e-01 5.715886731966565368e-03
2.149999999999999911e+00 8.718372350100008772e-01 5.465751511146181400e-03
2.160000000000000142e+00 8.740725833299998193e-01 5.300286478795439467e-03
2.169999999999999929e+00 8.758818292999992483e-01 5.219018881918063499e-03
2.180000000000000160e+00 8.777717137200008457e-01 5.096216827191582359e-03
2.189999999999999947e+00 8.798604594899990250e-01 4.975981062868332049e-03
2.200000000000000178e+00 8.819196998399995158e-01 4.812099616870182776e-03
2.209999999999999964e+00 8.839670166099991011e-01 4.729171062067460442e-03
2.220000000000000195e+00 8.858857926199995569e-01 4.631386823636672243e-03
2.229999999999999982e+00 8.877637531500005563e-01 4.521311291074650573e-03
2.240000000000000213e+00 8.893767285999998329e-01 4.450897177476557422e-03
2.250000000000000000e+00 8.911415557000013088e-01 4.320873856557973236e-03
2.259999999999999787e+00 8.931242082200001597e-01 4.255116230275011492e-03
2.270000000000000018e+00 8.946033304999989610e-01 4.182794727682332021e-03
2.279999999999999805e+00 8.962835666100004151e-01 4.105694267167391519e-03
2.290000000000000036e+00 8.980241830700000927e-01 3.996135478341085977e-03
2.299999999999999822e+00 8.998582590199993847e-01 3.886016581652413249e-03
2.310000000000000053e+00 9.014421024100017776e-01 3.819402190392924036e-03
2.319999999999999840e+00 9.029761353700002102e-01 3.756764708557119338e-03
2.330000000000000071e+00 9.043991765400007932e-01 3.663412552677783752e-03
2.339999999999999858e+00 9.058012178300006711e-01 3.577791498965226646e-03
2.350000000000000089e+00 9.071968452200014355e-01 3.502807568397299422e-03
2.359999999999999876e+00 9.084469444800004068e-01 3.461817836623524210e-03
2.370000000000000107e+00 9.095165455799999465e-01 3.444471589557473318e-03
2.379999999999999893e+00 9.106358580399992464e-01 3.407797231303633535e-03
2.390000000000000124e+00 9.117888165100000997e-01 3.338075876466214086e-03
2.399999999999999911e+00 9.129225889499994473e-01 3.322408438694781675e-03
2.410000000000000142e+00 9.140486460300001337e-01 3.276096471316265139e-03
2.419999999999999929e+00 9.149870120499996595e-01 3.264335651391013764e-03
2.430000000000000160e+00 9.161484076599994975e-01 3.203199020686949006e-03
2.439999999999999947e+00 9.172002747299988767e-01 3.169042499914469582e-03
2.450000000000000178e+00 9.181871069200003843e-01 3.153693872197935351e-03
2.459999999999999964e+00 9.193907455699981135e-01 3.007239643793699867e-03
2.470000000000000195e+00 9.202627188999994434e-01 2.996613229075515469e-03
2.479999999999999982e+00 9.212523571100004194e-01 2.943946312825255519e-03
2.490000000000000213e+00 9.222097115400005318e-01 2.908417126820452524e-03
2.500000000000000000e+00 9.232169300999988337e-01 2.858194473394731067e-03
2.509999999999999787e+00 9.242008478399986737e-01 2.801035029687220894e-03
2.520000000000000018e+00 9.250822457700007551e-01 2.758405488992734123e-03
2.529999999999999805e+00 9.259157669299999949e-01 2.721915830597680143e-03
2.540000000000000036e+00 9.268562997100002754e-01 2.674104139194285936e-03
2.549999999999999822e+00 9.276917960699994081e-01 2.644016858476790858e-03
2.560000000000000053e+00 9.285329607599984714e-01 2.610782779512184262e-03
2.569999999999999840e+00 9.293379590200018248e-01 2.584122248065001161e-03
2.580000000000000071e+00 9.301276038900004872e-01 2.552547703997189599e-03
2.589999999999999858e+00 9.309269862900010351e-01 2.515518558902621240e-03
