9.799999999999999822e-01 2.827638994849999976e-02 9.962984646385078524e-05
9.899999999999999911e-01 2.880952099450000137e-02 1.171885344481507100e-04
1.000000000000000000e+00 2.938733666200000691e-02 1.219471506457360283e-04
1.010000000000000009e+00 2.974544042700001320e-02 1.180210798248520918e-04
1.020000000000000018e+00 3.038681971800004378e-02 1.177197777201839098e-04
1.030000000000000027e+00 3.104922313450000221e-02 1.334708942605579462e-04
1.040000000000000036e+00 3.156185826500002012e-02 1.304351818031921641e-04
1.050000000000000044e+00 3.214398860800003060e-02 1.447094739419357455e-04
1.060000000000000053e+00 3.290483466300000298e-02 1.282050862932419984e-04
1.070000000000000062e+00 3.352536896449998666e-02 1.434259427472108937e-04
1.080000000000000071e+00 3.414881198749995100e-02 1.444546504294481177e-04
1.090000000000000080e+00 3.492014943100005958e-02 1.528460682700096473e-04
1.100000000000000089e+00 3.553162689399995411e-02 1.705278642309944557e-04
1.110000000000000098e+00 3.640362134950005796e-02 1.647591953602562103e-04
1.120000000000000107e+00 3.713825097650003820e-02 1.661649249363361300e-04
1.129999999999999893e+00 3.806891607750002154e-02 1.973330752011168479e-04
1.139999999999999902e+00 3.871127523000000153e-02 1.829049734961314536e-04
1.149999999999999911e+00 3.966959368650000567e-02 2.172723825434044948e-04
1.159999999999999920e+00 4.070728188799996317e-02 2.002493203946429452e-04
1.169999999999999929e+00 4.179315920499999254e-02 2.070020814317715850e-04
1.179999999999999938e+00 4.275142205100004172e-02 2.196958654976122487e-04
1.189999999999999947e+00 4.385890467299996542e-02 2.388557181594587161e-04
1.199999999999999956e+00 4.493533055999995862e-02 2.634132333490093254e-04
1.209999999999999964e+00 4.615380616750001941e-02 2.505518798776725192e-04
1.219999999999999973e+00 4.721205877249994715e-02 2.928688171862524792e-04
1.229999999999999982e+00 4.935885960300001596e-02 3.006342519272758970e-04
1.239999999999999991e+00 5.047925428600005121e-02 3.495848048166992931e-04
1.250000000000000000e+00 5.233441058649985350e-02 3.777542920388656401e-04
1.260000000000000009e+00 5.401033963050001080e-02 3.901552958424478641e-04
1.270000000000000018e+00 5.544398960450002550e-02 3.794493837813590334e-04
1.280000000000000027e+00 5.730900970350003010e-02 4.581621805289500470e-04
1.290000000000000036e+00 5.972425400250002542e-02 4.976290224755858206e-04
1.300000000000000044e+00 6.177418317200002867e-02 5.560742550011709383e-04
1.310000000000000053e+00 6.510023860549998820e-02 6.217998156140111445e-04
1.320000000000000062e+00 6.791345903199992595e-02 7.262343778149857581e-04
1.330000000000000071e+00 7.048903999399998288e-02 8.273059765202846324e-04
1.340000000000000080e+00 7.515220402450006887e-02 1.083266768096722123e-03
1.350000000000000089e+00 7.981762757900004446e-02 1.288692918128036191e-03
1.360000000000000098e+00 8.582460341200028042e-02 1.604095271665150054e-03
1.370000000000000107e+00 9.265860324100007317e-02 2.199140713626328205e-03
1.379999999999999893e+00 1.046684114700000418e-01 3.509251806246978158e-03
1.389999999999999902e+00 1.167425501255000275e-01 4.453420091441842414e-03
1.399999999999999911e+00 1.308905888354999769e-01 5.440312450695283276e-03
1.409999999999999920e+00 1.554986133499999257e-01 7.311161110114613657e-03
1.419999999999999929e+00 1.873271817415000651e-01 9.097634231917792538e-03
1.429999999999999938e+00 2.299122451014998514e-01 1.108608084573134769e-02
1.439999999999999947e+00 2.727214334940001317e-01 1.204661379035657301e-02
1.449999999999999956e+00 3.270022244465005112e-01 1.328125046788002431e-02
1.459999999999999964e+00 3.884711637594998046e-01 1.397838336181938569e-02
1.469999999999999973e+00 4.475640618995000986e-01 1.390849849265085245e-02
1.479999999999999982e+00 5.122454275974994697e-01 1.296561273956674254e-02
1.489999999999999991e+00 5.671168412409997028e-01 1.172338669355367687e-02
1.500000000000000000e+00 6.159392805799995818e-01 9.613341885595396569e-03
1.510000000000000009e+00 6.496762774500000059e-01 8.051347913620937949e-03
1.520000000000000018e+00 6.785858425599993193e-01 6.493207522204160094e-03
1.530000000000000027e+00 7.034108772950012911e-01 5.133525901381643698e-03
1.540000000000000036e+00 7.231125565749996209e-01 3.658072947902166975e-03
1.550000000000000044e+00 7.376833164099997342e-01 2.685514899060337420e-03
1.560000000000000053e+00 7.509908898650006215e-01 2.333721224412527596e-03
1.570000000000000062e+00 7.625552862799990228e-01 1.767107311934982584e-03
1.580000000000000071e+00 7.722588447400012823e-01 1.648754965414974197e-03
1.590000000000000080e+00 7.809928342199993212e-01 1.522947259469847707e-03
1.600000000000000089e+00 7.892420078599995392e-01 1.416019002642646433e-03
1.610000000000000098e+00 7.968600292350003222e-01 1.318081792182797902e-03
1.620000000000000107e+00 8.038572185899994782e-01 1.241404693390789219e-03
1.629999999999999893e+00 8.105413394000003935e-01 1.166543856763827122e-03
1.639999999999999902e+00 8.167683200200006599e-01 1.109886943455643937e-03
1.649999999999999911e+00 8.226452325400001042e-01 1.046572371652570218e-03
1.659999999999999920e+00 8.280820183449988381e-01 9.888553789415700356e-04
1.669999999999999929e+00 8.331752135499999046e-01 9.477827039411431016e-04
