2.700000000000000178e-01 2.954446792299618083e-02 2.018665713646135458e-03
2.800000000000000266e-01 2.987798547124939988e-02 2.130345764429763915e-03
2.900000000000000355e-01 3.021378920184086478e-02 2.231607813568080995e-03
3.000000000000000444e-01 3.075750476240496009e-02 2.474499271122606800e-03
3.100000000000000533e-01 3.091922824800698993e-02 2.389806272490064328e-03
3.200000000000000622e-01 3.114189263282773554e-02 2.182074793499725555e-03
3.300000000000000711e-01 3.135310031160888633e-02 2.251514993439993496e-03
3.400000000000000799e-01 3.181626621475040079e-02 2.331366001704539802e-03
3.500000000000000888e-01 3.234745820519521753e-02 2.374571248623766340e-03
3.600000000000000977e-01 3.253265070314387275e-02 2.423973166990879297e-03
3.700000000000001066e-01 3.277612287003592306e-02 2.264684491546860821e-03
3.800000000000001155e-01 3.312681579441761892e-02 2.535368847488655292e-03
3.900000000000001243e-01 3.340781684063540147e-02 2.440831818924427913e-03
4.000000000000001332e-01 3.367170772468591755e-02 2.414698506156314622e-03
4.100000000000001421e-01 3.414477203565106228e-02 2.560489353372435908e-03
4.200000000000001510e-01 3.453992651440324080e-02 2.829192984162292798e-03
4.300000000000001599e-01 3.490446390341080812e-02 2.746386688688961727e-03
4.400000000000001688e-01 3.517823517461813460e-02 2.844386683491452201e-03
4.500000000000001776e-01 3.559209557629584159e-02 2.774346909118649736e-03
4.600000000000001865e-01 3.607923525262073799e-02 2.887587997024509447e-03
4.700000000000001954e-01 3.669488793885947175e-02 3.069641628462217286e-03
4.800000000000002043e-01 3.720212187709015517e-02 3.078711707143854791e-03
4.900000000000002132e-01 3.730822667164130496e-02 3.044171067366179071e-03
5.000000000000002220e-01 3.809701579066258892e-02 3.049990580231224432e-03
5.100000000000002309e-01 3.854006867116523127e-02 3.232914868319117490e-03
5.200000000000002398e-01 3.884190147989274866e-02 3.557655153586694857e-03
5.300000000000002487e-01 3.929360977260727694e-02 3.260912329012426170e-03
5.400000000000002576e-01 3.964384132639219710e-02 3.506294248132515480e-03
5.500000000000002665e-01 4.017028574895213644e-02 3.718791513218872285e-03
5.600000000000002753e-01 4.089386621038517550e-02 3.420741435976583106e-03
5.700000000000002842e-01 4.103976491846296482e-02 3.614836115389779506e-03
5.800000000000002931e-01 4.198762929068289296e-02 3.710030401547977173e-03
5.900000000000003020e-01 4.220224970591002905e-02 3.830855678387939771e-03
6.000000000000003109e-01 4.251641356935140920e-02 3.951761360609713780e-03
6.100000000000003197e-01 4.347259893156305705e-02 3.835779674775689416e-03
6.200000000000003286e-01 4.417356042735563065e-02 4.126256501400868762e-03
6.300000000000003375e-01 4.474357271495197491e-02 3.952052748156042496e-03
6.400000000000003464e-01 4.509991495461287969e-02 4.100887636823926166e-03
6.500000000000003553e-01 4.562070890642548615e-02 4.372773278311109339e-03
6.600000000000003642e-01 4.626016465164248942e-02 4.584525288417551879e-03
6.700000000000003730e-01 4.683756573842906556e-02 4.790735778447065447e-03
6.800000000000003819e-01 4.825404224712099427e-02 4.813537360107819109e-03
6.900000000000003908e-01 4.860577640929465704e-02 4.653728842719798663e-03
7.000000000000003997e-01 4.966205890456381472e-02 4.816373116992203780e-03
7.100000000000004086e-01 5.059355575864701166e-02 5.731445743669047292e-03
7.200000000000004174e-01 5.104935973242527569e-02 5.299773514868101956e-03
7.300000000000004263e-01 5.168116226461015594e-02 5.200473134625093787e-03
7.400000000000004352e-01 5.257526269992675999e-02 5.529651492811226733e-03
7.500000000000004441e-01 5.362645329431483393e-02 5.627617191803904913e-03
7.600000000000004530e-01 5.469087337772161189e-02 5.705116323878256339e-03
7.700000000000004619e-01 5.580942591949887566e-02 6.084160827883352933e-03
7.800000000000004707e-01 5.605396693002019648e-02 6.411238891474287278e-03
7.900000000000004796e-01 5.728681317965236136e-02 6.601082290539996011e-03
8.000000000000004885e-01 5.795518185066303452e-02 6.494526529047526739e-03
8.100000000000004974e-01 6.010469061208278951e-02 7.366699879235470011e-03
8.200000000000005063e-01 6.092985916330711377e-02 7.358443928538362620e-03
8.300000000000005151e-01 6.102025583246706297e-02 6.999065313037258068e-03
8.400000000000005240e-01 6.209320052224850256e-02 7.957688460811988482e-03
8.500000000000005329e-01 6.431662914337125947e-02 7.824826982647553608e-03
8.600000000000005418e-01 6.529817529167501744e-02 8.326368343202578126e-03
8.700000000000005507e-01 6.722076623054376587e-02 9.485805190330768438e-03
8.800000000000005596e-01 6.830324428492381972e-02 8.772828254949131127e-03
8.900000000000005684e-01 6.952206112239184277e-02 9.864734332161395614e-03
9.000000000000005773e-01 7.102535391609154924e-02 1.013611042804426349e-02
9.100000000000005862e-01 7.281246108036508458e-02 9.820765084085468152e-03
9.200000000000005951e-01 7.433342272718782007e-02 1.032626915917962337e-02
9.300000000000006040e-01 7.476772280388352399e-02 1.022087609774047397e-02
9.400000000000006128e-01 7.778669222886627765e-02 1.253500124775952171e-02
9.500000000000006217e-01 7.934110754610426697e-02 1.282143077131007135e-02
9.600000000000006306e-01 8.249435718155109787e-02 1.303624314606511257e-02
9.700000000000006395e-01 8.369236688642486821e-02 1.273192981217072944e-02
9.800000000000006484e-01 8.571708906039526843e-02 1.451590919195502351e-02
9.900000000000006573e-01 8.708958085088443213e-02 1.361270261770563400e-02
1.000000000000000666e+00 9.015323017773978209e-02 1.547643171203483617e-02
1.010000000000000675e+00 9.210680135691468040e-02 1.484868271573772276e-02
1.020000000000000684e+00 9.517366442053672160e-02 1.785587246527124347e-02
1.030000000000000693e+00 9.665957542800891755e-02 1.903153926658968098e-02
1.040000000000000702e+00 1.019201046122321375e-01 1.943805592052608860e-02
1.050000000000000711e+00 1.038095536706030164e-01 2.234831872752809923e-02
1.060000000000000719e+00 1.062644788022414216e-01 2.303912565456164852e-02
1.070000000000000728e+00 1.099272512839514632e-01 2.279138230971719872e-02
1.080000000000000737e+00 1.156373138891950009e-01 2.539654352323845315e-02
1.090000000000000746e+00 1.184715257635122337e-01 2.865884455802991324e-02
1.100000000000000755e+00 1.216440188913665982e-01 2.879223284118603843e-02
1.110000000000000764e+00 1.273220250395023234e-01 3.240038946301022210e-02
1.120000000000000773e+00 1.316851839396147861e-01 3.377628133163004115e-02
1.130000000000000782e+00 1.391320824649590893e-01 3.731820366585592019e-02
1.140000000000000790e+00 1.423861006026293785e-01 4.042769305736005486e-02
1.150000000000000799e+00 1.499659281612559514e-01 4.191400843918682145e-02
1.160000000000000808e+00 1.568403713742846373e-01 4.787481051769999774e-02
1.170000000000000817e+00 1.659038301194384057e-01 4.925574369778110834e-02
1.180000000000000826e+00 1.725659862340715167e-01 5.482638275866142524e-02
1.190000000000000835e+00 1.785371131487869800e-01 5.893711216126212155e-02
1.200000000000000844e+00 1.872900806971181109e-01 6.354453993868329487e-02
1.210000000000000853e+00 1.964917591699722743e-01 6.785514615469392941e-02
1.220000000000000862e+00 2.051220451777830689e-01 6.881197156016927163e-02
1.230000000000000870e+00 2.167407371118520165e-01 7.276619706231114704e-02
1.240000000000000879e+00 2.274559482442272407e-01 7.914546689017755432e-02
1.250000000000000888e+00 2.374577372342493164e-01 7.942154695032743739e-02
1.260000000000000897e+00 2.495609071818014058e-01 8.522192461020199061e-02
1.270000000000000906e+00 2.607304079450413203e-01 8.764414304747357443e-02
1.280000000000000915e+00 2.724162902782740758e-01 9.261624939201981710e-02
1.290000000000000924e+00 2.845050405019108886e-01 9.444464178167162605e-02
1.300000000000000933e+00 2.970947370991056657e-01 9.784181805229211215e-02
1.310000000000000941e+00 3.093018570159167258e-01 1.000734054511537713e-01
1.320000000000000950e+00 3.229697656670783568e-01 1.015166974083157175e-01
1.330000000000000959e+00 3.364584532766708991e-01 1.019229360370819126e-01
1.340000000000000968e+00 3.468440260900398919e-01 1.054452893859711554e-01
1.350000000000000977e+00 3.607633980001569429e-01 1.053563312565604371e-01
1.360000000000000986e+00 3.716398125057063240e-01 1.061027891613209317e-01
1.370000000000000995e+00 3.910344424555777798e-01 1.003994693971982516e-01
1.380000000000001004e+00 4.042225278212560613e-01 1.011377559527024683e-01
1.390000000000001013e+00 4.160220935428762812e-01 1.015861776533589222e-01
1.400000000000001021e+00 4.299807155496238598e-01 9.931835313842839186e-02
1.410000000000001030e+00 4.409893106656931350e-01 1.011127060812952033e-01
1.420000000000001039e+00 4.543572182097622703e-01 9.645727794277104972e-02
1.430000000000001048e+00 4.663470374700486309e-01 9.495248670913586375e-02
1.440000000000001057e+00 4.781980582104640165e-01 9.416967350669838699e-02
1.450000000000001066e+00 4.887049788678823892e-01 9.321163019521810922e-02
1.460000000000001075e+00 5.022977773097193621e-01 8.824567554751570897e-02
1.470000000000001084e+00 5.121091751912154599e-01 8.582914704305551201e-02
1.480000000000001092e+00 5.224189639453187262e-01 8.653845286026706773e-02
1.490000000000001101e+00 5.337220871463310701e-01 8.251568700807870860e-02
1.500000000000001110e+00 5.439684133944795441e-01 8.059385943838624777e-02
1.510000000000001119e+00 5.534133077894414221e-01 7.765759636740672545e-02
1.520000000000001128e+00 5.639027931840505659e-01 7.428182631225635491e-02
1.530000000000001137e+00 5.734280465526618853e-01 7.183619714908753839e-02
1.540000000000001146e+00 5.826550397298775330e-01 6.900065768878597960e-02
1.550000000000001155e+00 5.913390080225968681e-01 6.576355076211291839e-02
1.560000000000001164e+00 6.000218777196987263e-01 6.439740222429443661e-02
1.570000000000001172e+00 6.095799615078349998e-01 5.930310215036784655e-02
1.580000000000001181e+00 6.168160720314344037e-01 5.903530569444289527e-02
1.590000000000001190e+00 6.245397051205137107e-01 5.653281855386168425e-02
1.600000000000001199e+00 6.322807299554396021e-01 5.395825351224428634e-02
1.610000000000001208e+00 6.388668684949215804e-01 5.300306611254403111e-02
1.620000000000001217e+00 6.456635325600909026e-01 5.111942115775649359e-02
1.630000000000001226e+00 6.522720260476347898e-01 4.933816501060083598e-02
1.640000000000001235e+00 6.587786935491566354e-01 4.807306267863439148e-02
1.650000000000001243e+00 6.649246447802261706e-01 4.602152500994727974e-02
1.660000000000001252e+00 6.710568447439223538e-01 4.439698294714832655e-02
1.670000000000001261e+00 6.765464770777231962e-01 4.302650485049296786e-02
1.680000000000001270e+00 6.821746926059414351e-01 4.243959147624024042e-02
1.690000000000001279e+00 6.875216108312235397e-01 4.119208990465633713e-02
1.700000000000001288e+00 6.930247886845901650e-01 3.950220152149463981e-02
1.710000000000001297e+00 6.978353178342352470e-01 3.878752442237293901e-02
1.720000000000001306e+00 7.028951223283121941e-01 3.788607956502597351e-02
1.730000000000001315e+00 7.077739311381922027e-01 3.680500811249248772e-02
1.740000000000001323e+00 7.123669190161897591e-01 3.623367817657584949e-02
1.750000000000001332e+00 7.170001671079724304e-01 3.533410802873505202e-02
1.760000000000001341e+00 7.214619241089009760e-01 3.433616256816528906e-02
1.770000000000001350e+00 7.257958679113373224e-01 3.308324004178309768e-02
1.780000000000001359e+00 7.300416843883382745e-01 3.207109707020133066e-02
1.790000000000001368e+00 7.340782534971020956e-01 3.158657980850503727e-02
1.800000000000001377e+00 7.381611963609214788e-01 3.030576028421481938e-02
1.810000000000001386e+00 7.421696663410218830e-01 2.937884107379320694e-02
1.820000000000001394e+00 7.458908875818829332e-01 2.857321565174203437e-02
1.830000000000001403e+00 7.496707551499879330e-01 2.783487827175888316e-02
1.840000000000001412e+00 7.531658953151275648e-01 2.729470207116016511e-02
1.850000000000001421e+00 7.565394442185426893e-01 2.702773824074816700e-02
1.860000000000001430e+00 7.599689389149559826e-01 2.656378336510456517e-02
1.870000000000001439e+00 7.632423660280222011e-01 2.608221701165697876e-02
1.880000000000001448e+00 7.663896360505563221e-01 2.580314146165750555e-02
1.890000000000001457e+00 7.696080208081678142e-01 2.536353954995640425e-02
1.900000000000001465e+00 7.725205222696537311e-01 2.490403690209571849e-02
1.910000000000001474e+00 7.755439549394803622e-01 2.445012097247588681e-02
1.920000000000001483e+00 7.784039877693714748e-01 2.399034215139315279e-02
1.930000000000001492e+00 7.811812264545151541e-01 2.360095401330468759e-02
1.940000000000001501e+00 7.839850274563031629e-01 2.321572235966211026e-02
1.950000000000001510e+00 7.866820527185065526e-01 2.282716219683325262e-02
1.960000000000001519e+00 7.892325701709518304e-01 2.253423277844309597e-02
1.970000000000001528e+00 7.916906726370157577e-01 2.223495749262512436e-02
1.980000000000001537e+00 7.941527085067726643e-01 2.202410365061106823e-02
1.990000000000001545e+00 7.965850130108094174e-01 2.171349431994221146e-02
2.000000000000001776e+00 7.990139712014470152e-01 2.143419171250789818e-02
2.010000000000001563e+00 8.014129272127358261e-01 2.109959288970528202e-02
2.020000000000001350e+00 8.038110098893482824e-01 2.069647632229077577e-02
2.030000000000001581e+00 8.060197843718738264e-01 2.045069865212098201e-02
2.040000000000001812e+00 8.082187698140562704e-01 2.013402338503092123e-02
2.050000000000001599e+00 8.103748057592512488e-01 1.990000426795743640e-02
2.060000000000001386e+00 8.124857412291305314e-01 1.966968948572450984e-02
2.070000000000001616e+00 8.145765115292383785e-01 1.940116969184674592e-02
2.080000000000001847e+00 8.166436879739930044e-01 1.917434177916790133e-02
2.090000000000001634e+00 8.187005172644515882e-01 1.887834749167566564e-02
2.100000000000001421e+00 8.206770345008946865e-01 1.863609824808426865e-02
2.110000000000001652e+00 8.226255887856562810e-01 1.845631197753084055e-02
2.120000000000001883e+00 8.245787373982516044e-01 1.813479099405400710e-02
2.130000000000001670e+00 8.264382328581194592e-01 1.787418507069191490e-02
2.140000000000001457e+00 8.282331253941238591e-01 1.765032133550705276e-02
2.150000000000001688e+00 8.300091296646063821e-01 1.742383163442811148e-02
2.160000000000001918e+00 8.318324503549112681e-01 1.721601820439881692e-02
2.170000000000001705e+00 8.335559963672819483e-01 1.699367531136777507e-02
2.180000000000001492e+00 8.352061328486790615e-01 1.674779111440123994e-02
2.190000000000001723e+00 8.368328476815901640e-01 1.651454430083962310e-02
2.200000000000001954e+00 8.384183833337867098e-01 1.635102450462599596e-02
2.210000000000001741e+00 8.400314569456045488e-01 1.612975303157375764e-02
2.220000000000001528e+00 8.416559659014017925e-01 1.590590564603137219e-02
2.230000000000001759e+00 8.432182645087626938e-01 1.569036889507026758e-02
2.240000000000001990e+00 8.447810926245894469e-01 1.546477295697064325e-02
2.250000000000001776e+00 8.462961870668567199e-01 1.525702222623148176e-02
2.260000000000001563e+00 8.478085922397218255e-01 1.498868010230055940e-02
