2.700000000000000178e-01 1.186646333551583249e-01 1.125852171081992946e-02
2.800000000000000266e-01 1.195843529530123961e-01 1.189461609491293537e-02
2.900000000000000355e-01 1.214249326862094358e-01 1.186077481388697098e-02
3.000000000000000444e-01 1.223082658689810809e-01 1.189685615768853663e-02
3.100000000000000533e-01 1.244473142556314083e-01 1.203878343733228926e-02
3.200000000000000622e-01 1.248385508190246740e-01 1.200845121780995568e-02
3.300000000000000711e-01 1.269096179078477993e-01 1.265204263093485174e-02
3.400000000000000799e-01 1.276208104008481337e-01 1.219613487577987133e-02
3.500000000000000888e-01 1.296248027736509323e-01 1.272057319879931619e-02
3.600000000000000977e-01 1.301438381893334773e-01 1.274499471049700232e-02
3.700000000000001066e-01 1.313340796133931621e-01 1.334043786127092450e-02
3.800000000000001155e-01 1.328193121194918280e-01 1.419848288547659321e-02
3.900000000000001243e-01 1.344670377607981304e-01 1.422658529575351015e-02
4.000000000000001332e-01 1.358785516606128285e-01 1.441475602038446054e-02
4.100000000000001421e-01 1.376840930684750108e-01 1.479508838496152584e-02
4.200000000000001510e-01 1.388805381421726881e-01 1.502906173995583253e-02
4.300000000000001599e-01 1.406992772794274094e-01 1.526054894603649965e-02
4.400000000000001688e-01 1.423027891050458460e-01 1.589583352603985214e-02
4.500000000000001776e-01 1.434237239735888236e-01 1.568827732916777684e-02
4.600000000000001865e-01 1.450359139506978423e-01 1.574005934637359716e-02
4.700000000000001954e-01 1.470777863348046166e-01 1.682437279016675211e-02
4.800000000000002043e-01 1.484219761453020869e-01 1.648398752272606238e-02
4.900000000000002132e-01 1.497134430202338717e-01 1.672624906709445011e-02
5.000000000000002220e-01 1.521670698339823991e-01 1.724557873755867832e-02
5.100000000000002309e-01 1.544793006964852722e-01 1.793752581172316021e-02
5.200000000000002398e-01 1.552820126373043452e-01 1.855557486051736746e-02
5.300000000000002487e-01 1.576049200711917286e-01 1.860107859797609578e-02
5.400000000000002576e-01 1.595928395087364005e-01 1.918137150694942256e-02
5.500000000000002665e-01 1.611343111183694277e-01 1.872981588793118726e-02
5.600000000000002753e-01 1.629594086324037128e-01 2.022186549855057094e-02
5.700000000000002842e-01 1.648312990629191566e-01 2.139327197363477540e-02
5.800000000000002931e-01 1.681186240850286451e-01 2.164130037742237680e-02
5.900000000000003020e-01 1.696999478696552544e-01 2.190817364713613588e-02
6.000000000000003109e-01 1.719079173060790444e-01 2.372979631337806053e-02
6.100000000000003197e-01 1.754624466845934594e-01 2.434907089612913661e-02
6.200000000000003286e-01 1.767035431543263757e-01 2.463510475005604647e-02
6.300000000000003375e-01 1.788508309073296443e-01 2.532020533567094778e-02
6.400000000000003464e-01 1.816083306834044842e-01 2.591570819311023524e-02
6.500000000000003553e-01 1.834318346838344493e-01 2.643837219390076862e-02
6.600000000000003642e-01 1.862259092028682173e-01 2.798777022923086555e-02
6.700000000000003730e-01 1.894598372312222834e-01 2.897262946205038034e-02
6.800000000000003819e-01 1.918621089803916047e-01 3.021104881978523352e-02
6.900000000000003908e-01 1.940112810658961850e-01 3.144236565643591941e-02
7.000000000000003997e-01 1.980425435412717650e-01 3.293334369058127653e-02
7.100000000000004086e-01 2.009774921740349052e-01 3.326141366238928587e-02
7.200000000000004174e-01 2.039884110727680500e-01 3.511206347684942691e-02
7.300000000000004263e-01 2.068666638407685998e-01 3.548266467446999778e-02
7.400000000000004352e-01 2.100183427354782029e-01 3.759260755605813020e-02
7.500000000000004441e-01 2.130912329196339716e-01 3.947836452346471098e-02
7.600000000000004530e-01 2.177088151699553276e-01 4.122474862561292808e-02
7.700000000000004619e-01 2.197804123846817115e-01 4.179770016210308109e-02
7.800000000000004707e-01 2.240789610615030181e-01 4.339947797177829553e-02
7.900000000000004796e-01 2.284270696495219743e-01 4.598081057163649205e-02
8.000000000000004885e-01 2.317735039127337138e-01 4.681342038244456355e-02
8.100000000000004974e-01 2.360668465688221251e-01 4.973027621894567790e-02
8.200000000000005063e-01 2.399659970183556923e-01 5.074830376338101967e-02
8.300000000000005151e-01 2.444817771225097081e-01 5.400228833348682395e-02
8.400000000000005240e-01 2.476222131361922318e-01 5.462851018631167954e-02
8.500000000000005329e-01 2.527686166219694219e-01 5.658835056160205906e-02
8.600000000000005418e-01 2.567791639019043060e-01 5.827759584877922894e-02
8.700000000000005507e-01 2.607035441177160129e-01 6.103407350875718340e-02
8.800000000000005596e-01 2.660405781858080632e-01 6.351143479853084417e-02
8.900000000000005684e-01 2.706775622064559461e-01 6.469635569520931773e-02
9.000000000000005773e-01 2.750079321447654879e-01 6.738522410127517626e-02
9.100000000000005862e-01 2.794674442374876500e-01 6.984219744378523942e-02
9.200000000000005951e-01 2.859713244917220232e-01 7.159713001905125551e-02
9.300000000000006040e-01 2.915192353124696489e-01 7.482056083226211463e-02
9.400000000000006128e-01 2.951628764459281462e-01 7.696583495314934797e-02
9.500000000000006217e-01 3.019888960287916979e-01 7.971444264152623138e-02
9.600000000000006306e-01 3.074683795268623454e-01 8.209172210426844696e-02
9.700000000000006395e-01 3.119567433695706327e-01 8.352170869210054360e-02
9.800000000000006484e-01 3.178742319280011830e-01 8.730742919287304282e-02
9.900000000000006573e-01 3.234742370261352029e-01 8.952434864393996050e-02
1.000000000000000666e+00 3.295320277261179487e-01 9.229590762364819900e-02
1.010000000000000675e+00 3.355537954931011591e-01 9.400164379912076540e-02
1.020000000000000684e+00 3.414526738106845039e-01 9.674404702971912962e-02
1.030000000000000693e+00 3.476763647713905225e-01 9.953387515405019703e-02
1.040000000000000702e+00 3.557823666270895635e-01 1.011866604007171377e-01
1.050000000000000711e+00 3.604521127621904686e-01 1.048187043794663320e-01
1.060000000000000719e+00 3.673221699980987465e-01 1.077018708523075768e-01
1.070000000000000728e+00 3.741395822845753338e-01 1.086185427866682429e-01
1.080000000000000737e+00 3.799702291757239281e-01 1.108433095193107065e-01
1.090000000000000746e+00 3.863696090378085368e-01 1.144785126426567379e-01
1.100000000000000755e+00 3.929578510493259569e-01 1.162267093754544706e-01
1.110000000000000764e+00 3.990228197924180487e-01 1.183512288575749583e-01
1.120000000000000773e+00 4.070731088193921265e-01 1.199276904372525571e-01
1.130000000000000782e+00 4.123573764595291902e-01 1.222584320290870524e-01
1.140000000000000790e+00 4.186372013297636752e-01 1.239441864165904544e-01
1.150000000000000799e+00 4.276773676876350350e-01 1.248179293783471255e-01
1.160000000000000808e+00 4.328399413698982845e-01 1.277597158179869519e-01
1.170000000000000817e+00 4.397441057420308219e-01 1.294499320185048818e-01
1.180000000000000826e+00 4.463002786555889667e-01 1.304361480721160094e-01
1.190000000000000835e+00 4.535428665073681920e-01 1.309532852901212074e-01
1.200000000000000844e+00 4.591054655776913296e-01 1.328892676654959415e-01
1.210000000000000853e+00 4.662946950163226467e-01 1.347721167749439675e-01
1.220000000000000862e+00 4.719572895906886667e-01 1.354981107911152338e-01
1.230000000000000870e+00 4.799712882227162858e-01 1.361721063540669019e-01
1.240000000000000879e+00 4.853730249603313562e-01 1.378474482176372251e-01
1.250000000000000888e+00 4.916062509687877946e-01 1.388119134821918232e-01
1.260000000000000897e+00 4.985162175640081017e-01 1.407099300323450819e-01
1.270000000000000906e+00 5.058035581685240700e-01 1.403129183070845887e-01
1.280000000000000915e+00 5.105823079094587991e-01 1.425071083395048066e-01
1.290000000000000924e+00 5.184441301651230294e-01 1.421270178130445705e-01
1.300000000000000933e+00 5.248414182846479203e-01 1.421811239613094691e-01
1.310000000000000941e+00 5.312417926152481762e-01 1.435764475005350260e-01
1.320000000000000950e+00 5.371857597585627531e-01 1.438790664521591156e-01
1.330000000000000959e+00 5.434842103691879256e-01 1.447568217830821347e-01
1.340000000000000968e+00 5.500122584027827832e-01 1.451842617239781086e-01
1.350000000000000977e+00 5.552654471558997606e-01 1.455409149423433079e-01
1.360000000000000986e+00 5.627142251564314357e-01 1.445259391976842500e-01
1.370000000000000995e+00 5.687433524724410105e-01 1.448019869150939942e-01
1.380000000000001004e+00 5.734526044486502050e-01 1.455794645242138863e-01
1.390000000000001013e+00 5.804084459440861377e-01 1.441203419026296506e-01
1.400000000000001021e+00 5.867518634856987436e-01 1.442654564705720399e-01
1.410000000000001030e+00 5.916148644200858175e-01 1.452891915214024332e-01
1.420000000000001039e+00 5.973953518452140843e-01 1.437259564723975813e-01
1.430000000000001048e+00 6.032823329061784978e-01 1.437010050827114416e-01
1.440000000000001057e+00 6.090529023589558166e-01 1.434771504777602458e-01
1.450000000000001066e+00 6.147319269860261892e-01 1.432653468178051726e-01
1.460000000000001075e+00 6.212314439902845153e-01 1.413353713467451478e-01
1.470000000000001084e+00 6.257983033072901380e-01 1.420432963599201626e-01
1.480000000000001092e+00 6.316418764112670114e-01 1.404415156675895560e-01
1.490000000000001101e+00 6.367365385808880784e-01 1.393648789088129392e-01
1.500000000000001110e+00 6.411808028874138587e-01 1.392401137316913728e-01
1.510000000000001119e+00 6.462237448414813734e-01 1.381854328827715472e-01
1.520000000000001128e+00 6.514373904816516125e-01 1.371559332162779199e-01
1.530000000000001137e+00 6.566786188341022790e-01 1.363969079902352943e-01
1.540000000000001146e+00 6.615993803030696396e-01 1.357142976245426513e-01
1.550000000000001155e+00 6.659858489524486114e-01 1.357447773961202031e-01
1.560000000000001164e+00 6.720123421878808623e-01 1.321481700523129688e-01
1.570000000000001172e+00 6.768577065646210755e-01 1.313479810504326606e-01
1.580000000000001181e+00 6.817983747877226497e-01 1.303523475809582333e-01
1.590000000000001190e+00 6.864247675488421851e-01 1.293301362527496390e-01
1.600000000000001199e+00 6.913346022542037339e-01 1.274950362671511128e-01
1.610000000000001208e+00 6.952508852189359656e-01 1.274970631360926310e-01
1.620000000000001217e+00 6.997153014252982528e-01 1.264519287012399462e-01
1.630000000000001226e+00 7.043455970042492575e-01 1.249674563249042469e-01
1.640000000000001235e+00 7.088855385953359844e-01 1.234065216935409520e-01
1.650000000000001243e+00 7.129599583036231314e-01 1.223780298585001453e-01
1.660000000000001252e+00 7.173426879095541331e-01 1.208081381754344263e-01
1.670000000000001261e+00 7.211049570066112580e-01 1.202694400524479540e-01
1.680000000000001270e+00 7.254962026580670242e-01 1.183689965389573273e-01
1.690000000000001279e+00 7.288595035476130857e-01 1.181237650663906902e-01
1.700000000000001288e+00 7.327706502973859726e-01 1.164105855312021903e-01
1.710000000000001297e+00 7.366662508713812674e-01 1.152472674655102142e-01
1.720000000000001306e+00 7.403120418115498591e-01 1.140198057171016438e-01
1.730000000000001315e+00 7.440570341925324405e-01 1.128618081397776002e-01
1.740000000000001323e+00 7.471170941102488472e-01 1.122430109126555664e-01
1.750000000000001332e+00 7.509777400818924420e-01 1.096743643987172917e-01
1.760000000000001341e+00 7.539406109090565078e-01 1.092435934715939583e-01
1.770000000000001350e+00 7.572521787411139460e-01 1.078196071647566229e-01
1.780000000000001359e+00 7.608146005268042744e-01 1.058559586755992293e-01
1.790000000000001368e+00 7.635074283830715069e-01 1.058086277960730709e-01
1.800000000000001377e+00 7.666940049411054003e-01 1.044368595368791314e-01
1.810000000000001386e+00 7.692432569159306510e-01 1.039959061980941929e-01
1.820000000000001394e+00 7.722278093921003395e-01 1.030982310626677861e-01
1.830000000000001403e+00 7.748831103731832481e-01 1.023015382594161526e-01
1.840000000000001412e+00 7.776951013916647559e-01 1.006432336012659939e-01
1.850000000000001421e+00 7.805670578193935061e-01 9.969115186565724596e-02
1.860000000000001430e+00 7.829014053056111422e-01 9.947112691412396401e-02
1.870000000000001439e+00 7.857217280059242137e-01 9.792740789886794639e-02
1.880000000000001448e+00 7.884924268708072281e-01 9.652778603612380270e-02
1.890000000000001457e+00 7.911390102813731229e-01 9.514564243468326410e-02
1.900000000000001465e+00 7.933390902596814120e-01 9.470936880941772940e-02
1.910000000000001474e+00 7.959516161102976328e-01 9.315846418825722564e-02
1.920000000000001483e+00 7.983449763554224532e-01 9.229036771156369501e-02
1.930000000000001492e+00 8.007668283584039592e-01 9.123893099123991934e-02
1.940000000000001501e+00 8.031705280439105366e-01 9.033901227130103351e-02
1.950000000000001510e+00 8.057965069355427223e-01 8.846443472017041787e-02
1.960000000000001519e+00 8.079464096414641361e-01 8.797605029734797966e-02
1.970000000000001528e+00 8.100998631989000387e-01 8.700910444952440759e-02
1.980000000000001537e+00 8.121485007892240704e-01 8.627107283025155227e-02
1.990000000000001545e+00 8.142762922778244983e-01 8.543556575224553473e-02
2.000000000000001776e+00 8.165985369592586585e-01 8.403080544012794806e-02
2.010000000000001563e+00 8.185740750652119591e-01 8.333101117107159783e-02
2.020000000000001350e+00 8.206642064924796198e-01 8.205458745905368223e-02
2.030000000000001581e+00 8.225235674453437174e-01 8.185121499976213966e-02
2.040000000000001812e+00 8.245495171136971724e-01 8.057120187446698001e-02
2.050000000000001599e+00 8.265289499011951868e-01 7.936470788197369508e-02
2.060000000000001386e+00 8.284958003811799809e-01 7.844928717230383042e-02
2.070000000000001616e+00 8.304012271248225607e-01 7.795511268673065153e-02
2.080000000000001847e+00 8.324685905220921001e-01 7.640405537311555084e-02
2.090000000000001634e+00 8.341283272488845268e-01 7.578009940984473114e-02
2.100000000000001421e+00 8.360723696268407279e-01 7.473040482126733219e-02
2.110000000000001652e+00 8.378732793195762252e-01 7.377987990552224706e-02
2.120000000000001883e+00 8.395649262006836810e-01 7.302153164216983183e-02
2.130000000000001670e+00 8.412782328185735015e-01 7.203256791959000704e-02
2.140000000000001457e+00 8.427320473419157576e-01 7.205052532452511926e-02
2.150000000000001688e+00 8.447238879532216194e-01 6.976158342836248638e-02
2.160000000000001918e+00 8.463387726623973206e-01 6.906087986169483217e-02
2.170000000000001705e+00 8.478377667774070758e-01 6.864660797474200771e-02
2.180000000000001492e+00 8.492039624508076479e-01 6.859370045794033199e-02
2.190000000000001723e+00 8.507380313745414036e-01 6.755214411141888253e-02
2.200000000000001954e+00 8.522448289917999853e-01 6.647467201898096811e-02
2.210000000000001741e+00 8.535658768460709922e-01 6.634195418300860292e-02
2.220000000000001528e+00 8.551109672266666850e-01 6.483944970427528431e-02
2.230000000000001759e+00 8.565298522457561736e-01 6.424529963456798720e-02
2.240000000000001990e+00 8.580431626059922268e-01 6.297875988216944387e-02
2.250000000000001776e+00 8.592740101945773867e-01 6.278750485517620161e-02
2.260000000000001563e+00 8.606568351948946649e-01 6.174118002264534361e-02
