1.199999999999999956e-01 3.538514535295169544e-02 3.276126145060168169e-03
1.300000000000000044e-01 3.568534073373877402e-02 3.305269638549691424e-03
1.400000000000000133e-01 3.648042413633077741e-02 3.263249781926321619e-03
1.500000000000000222e-01 3.699156958990289928e-02 3.429656960726574361e-03
1.600000000000000311e-01 3.714733872899646933e-02 3.636959407347500287e-03
1.700000000000000400e-01 3.745337969472128936e-02 3.572388618986553979e-03
1.800000000000000488e-01 3.820614911721340740e-02 3.671865282541258903e-03
1.900000000000000577e-01 3.868337801215981225e-02 3.755293312895497532e-03
2.000000000000000666e-01 3.892626657327153544e-02 3.900085872683958701e-03
2.100000000000000755e-01 3.892072162117385381e-02 3.558460122809390096e-03
2.200000000000000844e-01 3.960937517121266432e-02 3.797828534527400261e-03
2.300000000000000933e-01 4.003687322287494132e-02 3.671745793895592191e-03
2.400000000000001021e-01 4.037635015732188998e-02 4.128539103419544276e-03
2.500000000000001110e-01 4.122187581734674394e-02 4.018958662009183141e-03
2.600000000000001199e-01 4.203982810652117513e-02 4.198154416939169770e-03
2.700000000000001288e-01 4.203726264047331213e-02 4.384665546887512970e-03
2.800000000000001377e-01 4.244201104413182490e-02 4.434557744590040228e-03
2.900000000000001465e-01 4.321561090151812556e-02 4.323056067758723579e-03
3.000000000000001554e-01 4.372179819307048937e-02 4.497409678422508231e-03
3.100000000000001643e-01 4.390896239330270567e-02 4.988689514853594797e-03
3.200000000000001732e-01 4.445744959398827134e-02 4.883373843457891085e-03
3.300000000000001821e-01 4.516451553459509966e-02 5.023815980301681895e-03
3.400000000000001910e-01 4.603952593184873487e-02 4.995147808489286065e-03
3.500000000000001998e-01 4.598267626826636062e-02 4.810184020840922205e-03
3.600000000000002087e-01 4.663285478437313725e-02 5.045753265826106830e-03
3.700000000000002176e-01 4.709433738837414535e-02 5.230718895302033551e-03
3.800000000000002265e-01 4.794286327359207484e-02 5.464489906014904051e-03
3.900000000000002354e-01 4.850200756634546334e-02 5.604743222115086444e-03
4.000000000000002442e-01 4.912485607482126176e-02 5.511927788984019409e-03
4.100000000000002531e-01 5.026511481346458698e-02 5.645192979576593717e-03
4.200000000000002620e-01 5.070427489781003522e-02 5.891654836180457849e-03
4.300000000000002709e-01 5.084096621017324125e-02 6.146694002446794793e-03
4.400000000000002798e-01 5.191475020301150600e-02 5.996879653758190043e-03
4.500000000000002887e-01 5.203988792827365234e-02 6.125144110530273203e-03
4.600000000000002975e-01 5.325584367942210601e-02 6.752039720765228362e-03
4.700000000000003064e-01 5.425186460071452360e-02 6.703286974061329999e-03
4.800000000000003153e-01 5.490814231776180998e-02 6.686335988225563728e-03
4.900000000000003242e-01 5.528022540559373449e-02 7.447710505900789757e-03
5.000000000000003331e-01 5.624488396106930993e-02 7.067039683869383651e-03
5.100000000000003419e-01 5.652752771373732721e-02 7.641289435342205755e-03
5.200000000000003508e-01 5.756983506612467494e-02 8.033847837657216370e-03
5.300000000000003597e-01 5.824527051611413236e-02 7.931464585559279065e-03
5.400000000000003686e-01 5.953574744720710465e-02 8.067865866125170302e-03
5.500000000000003775e-01 6.108900012022194098e-02 7.418058136320872936e-03
5.600000000000003864e-01 6.169749419646052696e-02 8.878202999089758810e-03
5.700000000000003952e-01 6.305772588731294037e-02 8.343916227896560830e-03
5.800000000000004041e-01 6.370725217858554112e-02 9.680827185138091845e-03
5.900000000000004130e-01 6.382848626724217656e-02 9.728315415931304555e-03
6.000000000000004219e-01 6.567074256934168908e-02 9.486296868227290374e-03
6.100000000000004308e-01 6.622017608939956279e-02 9.675010035966342264e-03
6.200000000000004396e-01 6.737347640961698081e-02 1.003001838822516201e-02
6.300000000000004485e-01 6.794009084192266512e-02 9.398411237879650618e-03
6.400000000000004574e-01 6.929935287136165800e-02 1.083388176958451944e-02
6.500000000000004663e-01 7.040935201925699327e-02 1.073450194104424646e-02
6.600000000000004752e-01 7.119584278725489546e-02 1.163041003224758035e-02
6.700000000000004841e-01 7.313167767843750666e-02 1.103382979212874128e-02
6.800000000000004929e-01 7.381350289030981504e-02 1.230632234585632249e-02
6.900000000000005018e-01 7.478040707921450314e-02 1.273257354884781492e-02
7.000000000000005107e-01 7.642899970195486670e-02 1.198060546694595073e-02
7.100000000000005196e-01 7.736883267538464948e-02 1.252999368704242958e-02
7.200000000000005285e-01 7.905382171302320626e-02 1.246087328531572842e-02
7.300000000000005373e-01 7.974447619284678879e-02 1.297160611614875392e-02
7.400000000000005462e-01 8.172001203980502892e-02 1.452203391404139829e-02
7.500000000000005551e-01 8.431264536751280347e-02 1.508436377307276199e-02
7.600000000000005640e-01 8.515700417621346885e-02 1.524034422050970367e-02
7.700000000000005729e-01 8.689378942997966204e-02 1.659531099012852631e-02
7.800000000000005818e-01 8.900068637397184901e-02 1.764424389790081663e-02
7.900000000000005906e-01 9.017838862517776888e-02 1.837809466766190947e-02
8.000000000000005995e-01 9.039176787443509165e-02 1.792871713099706762e-02
8.100000000000006084e-01 9.265631554312830920e-02 1.880159367067752926e-02
8.200000000000006173e-01 9.478440540787883006e-02 2.051564926989983204e-02
8.300000000000006262e-01 9.799656750344500067e-02 2.206340877018216073e-02
8.400000000000006350e-01 9.913066140126262915e-02 2.085244806420732261e-02
8.500000000000006439e-01 1.004756305037905750e-01 2.254895786168135616e-02
8.600000000000006528e-01 1.051611079053014625e-01 2.400989408273840678e-02
8.700000000000006617e-01 1.061310418487017709e-01 2.438951247162322172e-02
8.800000000000006706e-01 1.093846760922289468e-01 2.745289449163006851e-02
8.900000000000006795e-01 1.118740930327738470e-01 2.642143418724070963e-02
9.000000000000006883e-01 1.151926814148095529e-01 2.888230251892286507e-02
9.100000000000006972e-01 1.167285323490918625e-01 3.089348942876054757e-02
9.200000000000007061e-01 1.205664120598625710e-01 3.269548421814363198e-02
9.300000000000007150e-01 1.228791407202517588e-01 3.472734212666057918e-02
9.400000000000007239e-01 1.261317798339972873e-01 3.645454219063356399e-02
9.500000000000007327e-01 1.303012759379579832e-01 3.781532709783770596e-02
9.600000000000007416e-01 1.346559830258642898e-01 3.998344429842744241e-02
9.700000000000007505e-01 1.356330261988809571e-01 4.089425671295421338e-02
9.800000000000007594e-01 1.403008122297811078e-01 4.054426601093157750e-02
9.900000000000007683e-01 1.439560035277484829e-01 4.487898504836818764e-02
1.000000000000000888e+00 1.480214066798968831e-01 4.536990470014190535e-02
1.010000000000000675e+00 1.504239270471376122e-01 4.704467477254915125e-02
1.020000000000000906e+00 1.565432342534023302e-01 5.068040111381799662e-02
1.030000000000000693e+00 1.625414820816633577e-01 5.197929281104605309e-02
1.040000000000000924e+00 1.678790254012553773e-01 5.309865677105374271e-02
1.050000000000000711e+00 1.717985385557324052e-01 5.393231833790997076e-02
1.060000000000000941e+00 1.772873720959482202e-01 5.858988269703602897e-02
1.070000000000000728e+00 1.842326459338938793e-01 5.893733411666928629e-02
1.080000000000000959e+00 1.881630438317350718e-01 6.308514042418632284e-02
1.090000000000000746e+00 1.973732265227677862e-01 6.498454774687013880e-02
1.100000000000000977e+00 2.038148117205392518e-01 6.835822827983402405e-02
1.110000000000000764e+00 2.076002066850578809e-01 6.937689891595189007e-02
1.120000000000000995e+00 2.158129874617039090e-01 7.064437269034461175e-02
1.130000000000000782e+00 2.219472976672531572e-01 7.420441383964575255e-02
1.140000000000001013e+00 2.306655545820423814e-01 7.849335071044183376e-02
1.150000000000000799e+00 2.404636645947507700e-01 7.774080144308508078e-02
1.160000000000001030e+00 2.466023271017280249e-01 8.156938322194602631e-02
1.170000000000000817e+00 2.526274852754358258e-01 8.544509948339988614e-02
1.180000000000001048e+00 2.620253059008288421e-01 8.632208238888447460e-02
1.190000000000000835e+00 2.676020646225815147e-01 8.936205874871584742e-02
1.200000000000001066e+00 2.766254008747624504e-01 9.051993655462378663e-02
1.210000000000000853e+00 2.864274982877647591e-01 9.179704907516901546e-02
1.220000000000001084e+00 2.964674063648042313e-01 9.347040668527217822e-02
1.230000000000000870e+00 3.045164974756836562e-01 9.490145863736228204e-02
1.240000000000001101e+00 3.129833999707143932e-01 9.511210808597372890e-02
1.250000000000000888e+00 3.232061349625524604e-01 9.556401414979635855e-02
1.260000000000001119e+00 3.314570097077600419e-01 9.839099370478658624e-02
1.270000000000000906e+00 3.437236149324632284e-01 9.663579567416272220e-02
1.280000000000001137e+00 3.520016294525026290e-01 9.830645654805325595e-02
1.290000000000000924e+00 3.614560332061548809e-01 9.795612747480733629e-02
1.300000000000001155e+00 3.718375590797190489e-01 9.707295522945424970e-02
1.310000000000000941e+00 3.823272291085423324e-01 9.526933839256818137e-02
1.320000000000001172e+00 3.918906215064125176e-01 9.494458201394645469e-02
1.330000000000000959e+00 4.010594505041534252e-01 9.580791797762025497e-02
1.340000000000001190e+00 4.119636975255925870e-01 9.363387046531691793e-02
1.350000000000000977e+00 4.205008165717047386e-01 9.379841511623521200e-02
1.360000000000001208e+00 4.292097095442921617e-01 9.278059655442276454e-02
1.370000000000000995e+00 4.394010557395529037e-01 8.920665114089233738e-02
1.380000000000001226e+00 4.489802432341407079e-01 8.746445038797603933e-02
1.390000000000001013e+00 4.569571638767134236e-01 8.682462571582379163e-02
1.400000000000001243e+00 4.669698790250793041e-01 8.260160387269446791e-02
1.410000000000001030e+00 4.738327299480256105e-01 8.452120652977221371e-02
1.420000000000001261e+00 4.848847560577632110e-01 7.985364526021897225e-02
1.430000000000001048e+00 4.915204661972181199e-01 7.945589113689381644e-02
1.440000000000001279e+00 4.999247927069539466e-01 7.759085773408745668e-02
1.450000000000001066e+00 5.077872732443172721e-01 7.577497189262860644e-02
1.460000000000001297e+00 5.146572974385082988e-01 7.434172968004643112e-02
1.470000000000001084e+00 5.227601329500611849e-01 7.213473306678996888e-02
1.480000000000001315e+00 5.291746944796290597e-01 7.239919147387290088e-02
1.490000000000001101e+00 5.371647576599518636e-01 6.963195294813419312e-02
1.500000000000001332e+00 5.439532625136913602e-01 6.876602776077173074e-02
1.510000000000001119e+00 5.508492581710567881e-01 6.781405468808113235e-02
1.520000000000001350e+00 5.581299879557998223e-01 6.532502976809967388e-02
1.530000000000001137e+00 5.646716018041623153e-01 6.527815010073800828e-02
1.540000000000001368e+00 5.707579012794802287e-01 6.367881847798612105e-02
1.550000000000001155e+00 5.774756218491207127e-01 6.207399439650777145e-02
1.560000000000001386e+00 5.835317777384287918e-01 6.003763017346901154e-02
1.570000000000001172e+00 5.897818280346114328e-01 5.838237941598158759e-02
1.580000000000001403e+00 5.959861576907036218e-01 5.654541710958185807e-02
1.590000000000001190e+00 6.012390770543404317e-01 5.590741644821011630e-02
1.600000000000001421e+00 6.064592691366644805e-01 5.570442721044482209e-02
1.610000000000001208e+00 6.127651346440388114e-01 5.298561599503715663e-02
1.620000000000001439e+00 6.178952613299034669e-01 5.208102361252946177e-02
1.630000000000001226e+00 6.233611203289678437e-01 5.104527640387260951e-02
1.640000000000001457e+00 6.284724126927717647e-01 5.034407564910470256e-02
1.650000000000001243e+00 6.336854477510313055e-01 4.973084263858275345e-02
1.660000000000001474e+00 6.387844680977635692e-01 4.851582323898789850e-02
1.670000000000001261e+00 6.436109675075087910e-01 4.739413894383854436e-02
1.680000000000001492e+00 6.482330111717889976e-01 4.665963089036527511e-02
1.690000000000001279e+00 6.524900330912126734e-01 4.580577462848726966e-02
1.700000000000001510e+00 6.575486167680695271e-01 4.406940215578226960e-02
1.710000000000001297e+00 6.617861107623025374e-01 4.349457279151131700e-02
1.720000000000001528e+00 6.661630243741482049e-01 4.283378172489291091e-02
1.730000000000001315e+00 6.704501829757987252e-01 4.201198104516878917e-02
1.740000000000001545e+00 6.744638490337165893e-01 4.157312891319606823e-02
1.750000000000001332e+00 6.786880308366373127e-01 4.082039120792868570e-02
1.760000000000001563e+00 6.825275205109361254e-01 4.004609757795272312e-02
1.770000000000001350e+00 6.865283322929828236e-01 3.925820773202298025e-02
1.780000000000001581e+00 6.904454606651029280e-01 3.866944127506660722e-02
1.790000000000001368e+00 6.943698369615626254e-01 3.774717967691807591e-02
1.800000000000001599e+00 6.980844087245234864e-01 3.736262483292385195e-02
1.810000000000001386e+00 7.016356642197348892e-01 3.672421576820802946e-02
1.820000000000001616e+00 7.052790773992944073e-01 3.622931691123969233e-02
1.830000000000001403e+00 7.087239986006941272e-01 3.546682048498546458e-02
1.840000000000001634e+00 7.119893400653265481e-01 3.517375479698478524e-02
1.850000000000001421e+00 7.153563623259004967e-01 3.421684760751290966e-02
1.860000000000001652e+00 7.187530716347021453e-01 3.377394402961637898e-02
1.870000000000001439e+00 7.221226298781332487e-01 3.290795385051865918e-02
1.880000000000001670e+00 7.252756278794043610e-01 3.224197239349151090e-02
1.890000000000001457e+00 7.285587253164476085e-01 3.154471602818547521e-02
1.900000000000001688e+00 7.316694171967795812e-01 3.095486761730919037e-02
1.910000000000001474e+00 7.347542289834837481e-01 3.056602425702141176e-02
1.920000000000001705e+00 7.377037753575851342e-01 3.012186071789884484e-02
1.930000000000001492e+00 7.406539189944170154e-01 2.976873899014050723e-02
1.940000000000001723e+00 7.436514605556567847e-01 2.934590807904321336e-02
1.950000000000001510e+00 7.464442038692112869e-01 2.877748734149818827e-02
1.960000000000001741e+00 7.491914639928833886e-01 2.838953103757704821e-02
1.970000000000001528e+00 7.519151210062411383e-01 2.781663939532094329e-02
1.980000000000001759e+00 7.544831662628979085e-01 2.744197475201139158e-02
1.990000000000001545e+00 7.572072727023436700e-01 2.692132884098129286e-02
2.000000000000001776e+00 7.598105646548396486e-01 2.655262498340668284e-02
2.010000000000001563e+00 7.622456919282230015e-01 2.616632063290179333e-02
2.020000000000001794e+00 7.647435768276682477e-01 2.573002957029473306e-02
2.030000000000001581e+00 7.672124399347821644e-01 2.541536948329530324e-02
2.040000000000001812e+00 7.696277584105398750e-01 2.511978164770922034e-02
2.050000000000001599e+00 7.720047358825217199e-01 2.470797910388548152e-02
2.060000000000001830e+00 7.742915930827855009e-01 2.446212753603385984e-02
2.070000000000001616e+00 7.767294004264241325e-01 2.404705414820340961e-02
2.080000000000001847e+00 7.789115520179082930e-01 2.371928056359521794e-02
2.090000000000001634e+00 7.811100359685528849e-01 2.338731831329700014e-02
2.100000000000001865e+00 7.832796895182567720e-01 2.310521172519319419e-02
2.110000000000001652e+00 7.853603149643376691e-01 2.283451860282682822e-02
