1.499999999999999944e-01 2.938703627459748544e-02 2.184659147940233668e-03
1.600000000000000033e-01 2.982169770302976405e-02 2.446492521645009070e-03
1.700000000000000122e-01 3.021280094700188809e-02 2.532188148801048193e-03
1.800000000000000211e-01 3.028198367429872293e-02 2.443109337620513744e-03
1.900000000000000300e-01 3.048356496046786615e-02 2.472435990418765921e-03
2.000000000000000389e-01 3.106674024714549051e-02 2.523617236061445265e-03
2.100000000000000477e-01 3.121035142132870532e-02 2.456636307373188857e-03
2.200000000000000566e-01 3.160668928185686455e-02 2.558701347929324271e-03
2.300000000000000655e-01 3.221814961981640107e-02 2.608632890322725318e-03
2.400000000000000744e-01 3.280210614776807310e-02 2.766461120060555254e-03
2.500000000000001110e-01 3.299582016862397105e-02 2.612288684475270236e-03
2.600000000000001199e-01 3.306110076329228653e-02 2.630206834404631277e-03
2.700000000000001288e-01 3.350332785146479392e-02 2.689805449317358901e-03
2.800000000000001377e-01 3.375666243645969455e-02 2.896356041101670782e-03
2.900000000000001465e-01 3.435719262923327133e-02 3.021242046413453314e-03
3.000000000000001554e-01 3.480529750308999914e-02 2.939248268205406009e-03
3.100000000000001643e-01 3.496591103547823376e-02 2.816740897022329982e-03
3.200000000000001732e-01 3.569697027833733383e-02 3.080923344037132285e-03
3.300000000000001821e-01 3.590972679826145986e-02 3.256795251336235073e-03
3.400000000000001910e-01 3.639280788258684313e-02 3.269329165491548922e-03
3.500000000000001998e-01 3.670973286215361425e-02 3.333892916053688826e-03
3.600000000000002087e-01 3.706237615527623042e-02 3.330844465427675906e-03
3.700000000000002176e-01 3.794486864441598550e-02 3.207935159447665007e-03
3.800000000000002265e-01 3.843557149311797178e-02 3.219204413099311952e-03
3.900000000000002354e-01 3.835503396889082539e-02 3.476853656742773246e-03
4.000000000000002442e-01 3.909459909801724087e-02 3.670442834871217620e-03
4.100000000000002531e-01 3.987682412441894558e-02 3.529749703952430630e-03
4.200000000000002620e-01 4.026711206637972190e-02 3.530747578377980370e-03
4.300000000000002709e-01 4.109989727902222528e-02 3.951725367350802237e-03
4.400000000000002798e-01 4.119971984662550157e-02 3.937526063599910281e-03
4.500000000000002887e-01 4.208931609929337375e-02 4.251342748756645196e-03
4.600000000000002975e-01 4.251477966839894984e-02 3.872611393565021046e-03
4.700000000000003064e-01 4.307918933373938025e-02 4.118211019397813311e-03
4.800000000000003153e-01 4.399457056462867388e-02 4.566146871901498143e-03
4.900000000000003242e-01 4.448835111514393148e-02 4.561396010687325704e-03
5.000000000000003331e-01 4.499956932679323451e-02 4.515083143241044490e-03
5.100000000000003419e-01 4.582705328816403384e-02 4.506615311044792627e-03
5.200000000000003508e-01 4.621886823594736904e-02 4.758847694602903917e-03
5.300000000000003597e-01 4.717385762407454164e-02 4.678457361902713108e-03
5.400000000000003686e-01 4.744576521209667441e-02 4.944919069723115179e-03
5.500000000000003775e-01 4.861461905159381036e-02 5.228915061774624257e-03
5.600000000000003864e-01 4.932298949169363483e-02 5.710914646358951699e-03
5.700000000000003952e-01 4.994480156954608785e-02 5.331531585775819808e-03
5.800000000000004041e-01 5.080723118613162531e-02 5.573209381234330538e-03
5.900000000000004130e-01 5.099068769309334642e-02 5.571717773095100426e-03
6.000000000000004219e-01 5.248439670820814057e-02 6.232219003221954601e-03
6.100000000000004308e-01 5.336655211606300409e-02 5.827070411813533961e-03
6.200000000000004396e-01 5.345823948629676442e-02 5.982876177180141038e-03
6.300000000000004485e-01 5.494808696023192190e-02 7.075781253249018715e-03
6.400000000000004574e-01 5.610944634875560805e-02 6.717900075643158143e-03
6.500000000000004663e-01 5.657522185211345117e-02 6.777417253453651286e-03
6.600000000000004752e-01 5.794885363756999141e-02 7.020990878430422542e-03
6.700000000000004841e-01 5.900650766781580930e-02 7.888142187254632703e-03
6.800000000000004929e-01 6.006356400004953661e-02 7.439593361906179925e-03
6.900000000000005018e-01 6.090295966309143549e-02 7.469569592620260712e-03
7.000000000000005107e-01 6.241333409603607579e-02 7.595846968066622372e-03
7.100000000000005196e-01 6.295574828836517089e-02 7.637749919690253741e-03
7.200000000000005285e-01 6.428608154997700330e-02 8.549116662231565425e-03
7.300000000000005373e-01 6.661570524586123143e-02 9.216398627434570223e-03
7.400000000000005462e-01 6.675163546037984896e-02 8.795139002487347563e-03
7.500000000000005551e-01 6.877736935114367456e-02 1.022169333807070209e-02
7.600000000000005640e-01 6.970804922076666299e-02 1.060780377792169826e-02
7.700000000000005729e-01 7.108857034206921000e-02 1.124366067190589111e-02
7.800000000000005818e-01 7.175544032776576264e-02 1.065580294912875543e-02
7.900000000000005906e-01 7.493153510345024193e-02 1.262349984496240023e-02
8.000000000000005995e-01 7.525953294027910856e-02 1.272488242552513929e-02
8.100000000000006084e-01 7.774734064142464762e-02 1.321609201117769812e-02
8.200000000000006173e-01 7.963578878570136410e-02 1.318307068255555360e-02
8.300000000000006262e-01 8.072339000808849419e-02 1.372662154372289098e-02
8.400000000000006350e-01 8.344533030208799163e-02 1.555717558140055738e-02
8.500000000000006439e-01 8.590081656599193871e-02 1.558483944611104358e-02
8.600000000000006528e-01 8.718899981354363837e-02 1.734261010608073583e-02
8.700000000000006617e-01 9.063658914710462366e-02 1.738396953024406999e-02
8.800000000000006706e-01 9.170965073949416402e-02 1.818437419755071158e-02
8.900000000000006795e-01 9.506822062560402187e-02 1.885612934451283071e-02
9.000000000000006883e-01 9.655348645691720633e-02 2.065039661094646151e-02
9.100000000000006972e-01 9.974201221919873350e-02 2.315567023124031135e-02
9.200000000000007061e-01 1.032392561336911291e-01 2.269418042125809221e-02
9.300000000000007150e-01 1.061520594393279976e-01 2.481518402731010958e-02
9.400000000000007239e-01 1.090491559968908286e-01 2.595278388204305675e-02
9.500000000000007327e-01 1.116160501417039624e-01 2.811037016397500282e-02
9.600000000000007416e-01 1.170545248005365885e-01 3.108016199018125841e-02
9.700000000000007505e-01 1.206648054278292581e-01 3.214969336720933241e-02
9.800000000000007594e-01 1.240658629041166278e-01 3.224387925740819505e-02
9.900000000000007683e-01 1.300721465682438682e-01 3.607054345346072388e-02
1.000000000000000666e+00 1.359488613442607352e-01 3.961461955060577994e-02
1.010000000000000675e+00 1.382378100424480616e-01 4.125793184277861542e-02
1.020000000000000684e+00 1.433948017919172979e-01 4.361059894102599366e-02
1.030000000000000693e+00 1.498145550512781643e-01 4.813976795237157741e-02
1.040000000000000702e+00 1.551063543102059461e-01 4.918063360782532617e-02
1.050000000000000711e+00 1.650692558560937218e-01 5.249658645608218377e-02
1.060000000000000719e+00 1.711043232967595085e-01 5.514583126766151033e-02
1.070000000000000728e+00 1.792855502265847945e-01 5.865717342405257079e-02
1.080000000000000737e+00 1.845408579227204027e-01 6.229910684462452303e-02
1.090000000000000746e+00 1.924679735963276406e-01 6.790220224767483381e-02
1.100000000000000755e+00 1.984672653607189863e-01 6.767394318461900093e-02
1.110000000000000764e+00 2.077804611799881351e-01 7.306344212742799105e-02
1.120000000000000773e+00 2.196003843520967225e-01 7.361180114581478140e-02
1.130000000000000782e+00 2.241863021899508646e-01 7.893320404344658647e-02
1.140000000000000790e+00 2.369345414694099261e-01 8.049567693490079778e-02
1.150000000000000799e+00 2.506507309352881685e-01 8.465529823529195641e-02
1.160000000000000808e+00 2.587416299469408321e-01 8.479706584104224065e-02
1.170000000000000817e+00 2.699802761611919677e-01 8.725545278960733508e-02
1.180000000000000826e+00 2.820631490177148426e-01 8.902031056919212926e-02
1.190000000000000835e+00 2.918007215654798703e-01 9.224403414132745227e-02
1.200000000000000844e+00 3.022698761748283669e-01 9.466326290894604145e-02
1.210000000000000853e+00 3.167906239490373421e-01 9.294895587846814522e-02
1.220000000000000862e+00 3.297612696907616381e-01 9.481977925506651639e-02
1.230000000000000870e+00 3.409959666913686127e-01 9.732661390319810590e-02
1.240000000000000879e+00 3.554234062279444384e-01 9.845060006894622295e-02
1.250000000000000888e+00 3.656493817684985381e-01 9.761761040517095978e-02
1.260000000000000897e+00 3.783061596498429879e-01 9.926497038515998128e-02
1.270000000000000906e+00 3.902369956805866735e-01 9.873251785075025377e-02
1.280000000000000915e+00 4.025978305999934892e-01 9.854993746180119862e-02
1.290000000000000924e+00 4.164790595353588532e-01 9.553764324840477440e-02
1.300000000000000933e+00 4.271860988027689765e-01 9.712688193215043841e-02
1.310000000000000941e+00 4.380305089983474454e-01 9.556066250694265907e-02
1.320000000000000950e+00 4.490799251938662473e-01 9.594171962994488267e-02
1.330000000000000959e+00 4.641320367224722188e-01 9.079337063790145212e-02
1.340000000000000968e+00 4.739978644502244043e-01 9.041059282874051861e-02
1.350000000000000977e+00 4.846567270694386864e-01 8.992458751727337718e-02
1.360000000000000986e+00 4.954454207260557408e-01 8.829231589440737771e-02
1.370000000000000995e+00 5.055842845114922879e-01 8.632038746955039699e-02
1.380000000000001004e+00 5.151120382443774570e-01 8.334265059661374875e-02
1.390000000000001013e+00 5.268832885861113313e-01 7.713259409463288363e-02
1.400000000000001021e+00 5.359217077916547112e-01 7.629616272113452780e-02
1.410000000000001030e+00 5.446805650011513622e-01 7.576706511506686725e-02
1.420000000000001039e+00 5.561010602247483670e-01 6.925101786921310232e-02
1.430000000000001048e+00 5.642821651693563645e-01 6.888907097960157710e-02
1.440000000000001057e+00 5.732300572101339808e-01 6.605576345934903448e-02
1.450000000000001066e+00 5.823114010584248268e-01 6.287028487291138057e-02
1.460000000000001075e+00 5.902255380089009851e-01 6.157472833965067782e-02
1.470000000000001084e+00 5.981297151624905828e-01 5.966587895681429304e-02
1.480000000000001092e+00 6.064511099923164394e-01 5.638689553656573566e-02
1.490000000000001101e+00 6.139070496004630506e-01 5.433608180131205972e-02
1.500000000000001110e+00 6.215013666734424680e-01 5.203812153907910742e-02
1.510000000000001119e+00 6.286488651330713884e-01 5.045560943677407373e-02
1.520000000000001128e+00 6.356193735127139144e-01 4.889464042373269786e-02
1.530000000000001137e+00 6.417980846180326715e-01 4.807040265108206145e-02
1.540000000000001146e+00 6.482680342740457791e-01 4.643577368462260130e-02
1.550000000000001155e+00 6.540635837697358346e-01 4.514849935502730782e-02
1.560000000000001164e+00 6.598386889087360929e-01 4.376686493326926997e-02
1.570000000000001172e+00 6.655504698545114950e-01 4.335487171460494782e-02
1.580000000000001181e+00 6.710154072232986655e-01 4.234356386345591167e-02
1.590000000000001190e+00 6.764295390580550293e-01 4.115333690727974308e-02
1.600000000000001199e+00 6.819780660918411952e-01 4.023969418606615500e-02
1.610000000000001208e+00 6.868313625845717807e-01 3.950429272725711205e-02
1.620000000000001217e+00 6.918452826596064309e-01 3.847816745935268845e-02
1.630000000000001226e+00 6.966836608417715793e-01 3.743096224048065440e-02
1.640000000000001235e+00 7.016837190261329127e-01 3.653800110034669674e-02
1.650000000000001243e+00 7.063184965173092689e-01 3.543276256225587340e-02
1.660000000000001252e+00 7.110007185540219155e-01 3.452804608869293468e-02
1.670000000000001261e+00 7.153943545575620622e-01 3.384410383443534065e-02
1.680000000000001270e+00 7.199275622694364385e-01 3.300498701335762008e-02
1.690000000000001279e+00 7.239144395474963467e-01 3.249964934793739962e-02
1.700000000000001288e+00 7.281123697018492269e-01 3.169151790268675412e-02
1.710000000000001297e+00 7.324433835165318207e-01 3.066835235781783034e-02
1.720000000000001306e+00 7.364418848906230108e-01 3.019463662093463396e-02
1.730000000000001315e+00 7.401374264640000478e-01 2.979660736133089155e-02
1.740000000000001323e+00 7.438985714119137338e-01 2.896747999206846988e-02
1.750000000000001332e+00 7.474300917334457672e-01 2.848765138478318720e-02
1.760000000000001341e+00 7.510822710848533701e-01 2.795109192116022184e-02
1.770000000000001350e+00 7.543765384134256680e-01 2.747617255382085039e-02
1.780000000000001359e+00 7.575643390470789829e-01 2.704635584909840032e-02
1.790000000000001368e+00 7.609965363261167459e-01 2.637125485789451607e-02
1.800000000000001377e+00 7.642130119993065795e-01 2.584812409064015867e-02
1.810000000000001386e+00 7.673010114380879321e-01 2.551163237825224486e-02
1.820000000000001394e+00 7.704972180291493888e-01 2.493950107531483704e-02
1.830000000000001403e+00 7.734401370950958476e-01 2.456715320585727003e-02
1.840000000000001412e+00 7.765854122156630179e-01 2.383988994302794345e-02
1.850000000000001421e+00 7.794259024729557339e-01 2.342363786537584452e-02
1.860000000000001430e+00 7.822271597429087953e-01 2.316631103629102073e-02
1.870000000000001439e+00 7.848816179603372856e-01 2.284491656236753085e-02
1.880000000000001448e+00 7.874288088433480937e-01 2.247966100951103927e-02
1.890000000000001457e+00 7.899817497190907423e-01 2.212224371616886356e-02
1.900000000000001465e+00 7.925453641489494938e-01 2.167967961644725119e-02
1.910000000000001474e+00 7.949987826939933777e-01 2.139083464080341127e-02
1.920000000000001483e+00 7.974640720958277029e-01 2.106654583194916830e-02
1.930000000000001492e+00 7.999037392953773917e-01 2.076285359298543284e-02
1.940000000000001501e+00 8.021860857924597576e-01 2.051204509408703289e-02
1.950000000000001510e+00 8.043737772514771844e-01 2.019795750852122762e-02
1.960000000000001519e+00 8.066784625862516434e-01 1.989877191685069865e-02
1.970000000000001528e+00 8.088166929167458497e-01 1.969674466320285242e-02
1.980000000000001537e+00 8.110250694199038213e-01 1.941970382910391396e-02
1.990000000000001545e+00 8.131875419027108087e-01 1.911040657904218565e-02
2.000000000000001776e+00 8.152559049153830228e-01 1.879590130672693579e-02
2.010000000000001563e+00 8.173381427379458053e-01 1.867301487086994380e-02
2.020000000000001794e+00 8.193325781193577795e-01 1.839446002962313864e-02
2.030000000000001581e+00 8.213509705009538475e-01 1.808452754721022807e-02
2.040000000000001812e+00 8.232753448152975162e-01 1.785109990640914093e-02
2.050000000000001599e+00 8.251554365310576067e-01 1.763081355984997753e-02
2.060000000000001830e+00 8.269751466584674970e-01 1.743842608666968177e-02
2.070000000000001616e+00 8.287856566526118351e-01 1.716282116535557817e-02
2.080000000000001847e+00 8.306265430819868012e-01 1.687773339675709486e-02
2.090000000000001634e+00 8.323655129588195534e-01 1.674096103635944535e-02
2.100000000000001865e+00 8.340520965162199207e-01 1.654526724547133315e-02
2.110000000000001652e+00 8.357621116669355921e-01 1.638979342887476529e-02
2.120000000000001883e+00 8.374252883919738322e-01 1.616496855530059548e-02
2.130000000000001670e+00 8.390324473533251615e-01 1.597525037821535474e-02
2.140000000000001901e+00 8.406423724758684823e-01 1.577475258236588421e-02
