1.499999999999999944e-01 5.891694539525745011e-02 4.728559416859028433e-03
1.600000000000000033e-01 5.979094894779748287e-02 4.929690080181476503e-03
1.700000000000000122e-01 6.071865605159436352e-02 5.368073154462373563e-03
1.800000000000000211e-01 6.109864730585047587e-02 5.229321913140851444e-03
1.900000000000000300e-01 6.132955649093941447e-02 5.315288694932474890e-03
2.000000000000000389e-01 6.262691171484388586e-02 5.561375778919268840e-03
2.100000000000000477e-01 6.326081525144230944e-02 5.112897162640278777e-03
2.200000000000000566e-01 6.361665152645697152e-02 5.566659605075427106e-03
2.300000000000000655e-01 6.437450400447858323e-02 5.455457911090540180e-03
2.400000000000000744e-01 6.503203134462332002e-02 5.876930078002568641e-03
2.500000000000001110e-01 6.606496804907527332e-02 5.810822752612651229e-03
2.600000000000001199e-01 6.666455971826325266e-02 6.295629586737599981e-03
2.700000000000001288e-01 6.739433717989118389e-02 5.899212370811640974e-03
2.800000000000001377e-01 6.798824681612061771e-02 6.340817079593403377e-03
2.900000000000001465e-01 6.875257408347841548e-02 6.245377629387262666e-03
3.000000000000001554e-01 6.949527481170890419e-02 6.552667027493477847e-03
3.100000000000001643e-01 7.029982460019905399e-02 6.634639277683498926e-03
3.200000000000001732e-01 7.103240664248093583e-02 6.218915131526859923e-03
3.300000000000001821e-01 7.212940600245038025e-02 6.800862802927108881e-03
3.400000000000001910e-01 7.283312394477778340e-02 7.162801050593316753e-03
3.500000000000001998e-01 7.349019890364606733e-02 7.064616034321307206e-03
3.600000000000002087e-01 7.481630858445370569e-02 7.561872779729281874e-03
3.700000000000002176e-01 7.550812493865710628e-02 7.566569322067608246e-03
3.800000000000002265e-01 7.649066323403200252e-02 7.196125222345414914e-03
3.900000000000002354e-01 7.718700017365909272e-02 7.451234570338589880e-03
4.000000000000002442e-01 7.834905165041522457e-02 7.698274769317075931e-03
4.100000000000002531e-01 7.959279754276064878e-02 7.731011646223768380e-03
4.200000000000002620e-01 8.023055148896875155e-02 8.174519085326719531e-03
4.300000000000002709e-01 8.132324106448794721e-02 7.847323439640124451e-03
4.400000000000002798e-01 8.306505381263029619e-02 8.464401983912612712e-03
4.500000000000002887e-01 8.370706778568416662e-02 8.970470229700525447e-03
4.600000000000002975e-01 8.518106331008305776e-02 9.332785231484300170e-03
4.700000000000003064e-01 8.623106573939706698e-02 9.452175313947088972e-03
4.800000000000003153e-01 8.716476827143045114e-02 9.209082809916321888e-03
4.900000000000003242e-01 8.877189050336135867e-02 9.554551997923927190e-03
5.000000000000003331e-01 8.992315516529156283e-02 1.000274256649470207e-02
5.100000000000003419e-01 9.166750405678567026e-02 1.015221249133038336e-02
5.200000000000003508e-01 9.228193859294754609e-02 1.136322873135922271e-02
5.300000000000003597e-01 9.441918512096320049e-02 1.111751700328943680e-02
5.400000000000003686e-01 9.415968986457912138e-02 1.116355372351455350e-02
5.500000000000003775e-01 9.673431652941956449e-02 1.152185955127934570e-02
5.600000000000003864e-01 9.845278626880767103e-02 1.203257661927536505e-02
5.700000000000003952e-01 1.000767924558031707e-01 1.276419606653651437e-02
5.800000000000004041e-01 1.011340538040012282e-01 1.252272223640001937e-02
5.900000000000004130e-01 1.026046355637387081e-01 1.388036767615054290e-02
6.000000000000004219e-01 1.046397131058715291e-01 1.292613918886379755e-02
6.100000000000004308e-01 1.061432369862142094e-01 1.430377754980306088e-02
6.200000000000004396e-01 1.078806582397440067e-01 1.484843096531286190e-02
6.300000000000004485e-01 1.097766966708381420e-01 1.477002593090646736e-02
6.400000000000004574e-01 1.120277866697408087e-01 1.567191296982238177e-02
6.500000000000004663e-01 1.126807584676763757e-01 1.651375792936779496e-02
6.600000000000004752e-01 1.145100556517683332e-01 1.735085828094620405e-02
6.700000000000004841e-01 1.174045060741170238e-01 1.908651201369149925e-02
6.800000000000004929e-01 1.202671709978039710e-01 1.773744040261551400e-02
6.900000000000005018e-01 1.216561913408396312e-01 1.953461043883597537e-02
7.000000000000005107e-01 1.233644048265821747e-01 1.934100396596382179e-02
7.100000000000005196e-01 1.260523592281405925e-01 2.048803946584512592e-02
7.200000000000005285e-01 1.268759128254973445e-01 2.064641507800299425e-02
7.300000000000005373e-01 1.296382221029504511e-01 2.208819613264861523e-02
7.400000000000005462e-01 1.327878817876662343e-01 2.378107213386966567e-02
7.500000000000005551e-01 1.363988828536456810e-01 2.445740339441786898e-02
7.600000000000005640e-01 1.391081313355465032e-01 2.614148955961400830e-02
7.700000000000005729e-01 1.419476047797054163e-01 2.738363135826001743e-02
7.800000000000005818e-01 1.438184765704604295e-01 2.930450205626953034e-02
7.900000000000005906e-01 1.462444770261440707e-01 2.957947901974655042e-02
8.000000000000005995e-01 1.494626404008728981e-01 3.094870311361640897e-02
8.100000000000006084e-01 1.520692101945080588e-01 3.186682335455860021e-02
8.200000000000006173e-01 1.558498323577746369e-01 3.546737210789438488e-02
8.300000000000006262e-01 1.586340158152867441e-01 3.337330491069850913e-02
8.400000000000006350e-01 1.631188669587053108e-01 3.641081405990734265e-02
8.500000000000006439e-01 1.662946251196557312e-01 3.926399079377707740e-02
8.600000000000006528e-01 1.698819704226302019e-01 4.156592621747785821e-02
8.700000000000006617e-01 1.744468396502302232e-01 4.421837206425780625e-02
8.800000000000006706e-01 1.775262474952048475e-01 4.534427604057658656e-02
8.900000000000006795e-01 1.820919269295777632e-01 4.714523160189013073e-02
9.000000000000006883e-01 1.873395222295465845e-01 4.826379770059650159e-02
9.100000000000006972e-01 1.904119366687292425e-01 5.062936166358813356e-02
9.200000000000007061e-01 1.959440331321674056e-01 5.297376449895409289e-02
9.300000000000007150e-01 2.007197673023622120e-01 5.571177406092542306e-02
9.400000000000007239e-01 2.054113366555015141e-01 5.803359440367095862e-02
9.500000000000007327e-01 2.114702499422957127e-01 5.931107892585587432e-02
9.600000000000007416e-01 2.172978963352871218e-01 6.354199349934988583e-02
9.700000000000007505e-01 2.205278919493969536e-01 6.459078560301405314e-02
9.800000000000007594e-01 2.274416385614445313e-01 6.790877568026512656e-02
9.900000000000007683e-01 2.329899156389916293e-01 7.145855744261059295e-02
1.000000000000000666e+00 2.382406350422312802e-01 7.236771808674433148e-02
1.010000000000000675e+00 2.445837336129275952e-01 7.446601613447823009e-02
1.020000000000000684e+00 2.505988508897332712e-01 7.707761011774891258e-02
1.030000000000000693e+00 2.570126195002270797e-01 8.122705007652236686e-02
1.040000000000000702e+00 2.637747366913471003e-01 8.292003661910472834e-02
1.050000000000000711e+00 2.723133840470308709e-01 8.645922675550732350e-02
1.060000000000000719e+00 2.769429600865501162e-01 9.032474418293547080e-02
1.070000000000000728e+00 2.848828246959155819e-01 9.100851983039336124e-02
1.080000000000000737e+00 2.909416727823984639e-01 9.248880228324966868e-02
1.090000000000000746e+00 2.985012220665249072e-01 9.513424011949653258e-02
1.100000000000000755e+00 3.071023113427922002e-01 9.738125217623588847e-02
1.110000000000000764e+00 3.151340268870762573e-01 9.952377471994881819e-02
1.120000000000000773e+00 3.211710980774416524e-01 1.024036199540871439e-01
1.130000000000000782e+00 3.277814098289341671e-01 1.052123086303485694e-01
1.140000000000000790e+00 3.343529551140352885e-01 1.074566429132459422e-01
1.150000000000000799e+00 3.457957539764484611e-01 1.082241885381691887e-01
1.160000000000000808e+00 3.528584366279028939e-01 1.107061234967618990e-01
1.170000000000000817e+00 3.614351772775967198e-01 1.105712665926718991e-01
1.180000000000000826e+00 3.695197407031615700e-01 1.134942899036175262e-01
1.190000000000000835e+00 3.775202962466973622e-01 1.139610960097257042e-01
1.200000000000000844e+00 3.868884742149428790e-01 1.160206042020682643e-01
1.210000000000000853e+00 3.958415894875814134e-01 1.172669984019312217e-01
1.220000000000000862e+00 4.040355883029859707e-01 1.203364709162177831e-01
1.230000000000000870e+00 4.134268373618456560e-01 1.194857189522050139e-01
1.240000000000000879e+00 4.219997375157906183e-01 1.205393204304022470e-01
1.250000000000000888e+00 4.294419527109793466e-01 1.216371345264612575e-01
1.260000000000000897e+00 4.385831131236884728e-01 1.226209163339966879e-01
1.270000000000000906e+00 4.489220654117440645e-01 1.215204260860889285e-01
1.280000000000000915e+00 4.572312356433688163e-01 1.238211854087727798e-01
1.290000000000000924e+00 4.648639548030307211e-01 1.235387521409108402e-01
1.300000000000000933e+00 4.738586539502422368e-01 1.233108169709354190e-01
1.310000000000000941e+00 4.818411254071540140e-01 1.229377300128213918e-01
1.320000000000000950e+00 4.903147671569607624e-01 1.234513832930795446e-01
1.330000000000000959e+00 4.989840495730368253e-01 1.232674523090377117e-01
1.340000000000000968e+00 5.085785878501886126e-01 1.205957917663898898e-01
1.350000000000000977e+00 5.171152764373437849e-01 1.196170975487089727e-01
1.360000000000000986e+00 5.250958980080624450e-01 1.193077491714690241e-01
1.370000000000000995e+00 5.332712688759216890e-01 1.189903980493622615e-01
1.380000000000001004e+00 5.424562749941355122e-01 1.164980422556326917e-01
1.390000000000001013e+00 5.488792677834686273e-01 1.164943203822183942e-01
1.400000000000001021e+00 5.560322093935333720e-01 1.161743874353605571e-01
1.410000000000001030e+00 5.639789137778803418e-01 1.157471080635663480e-01
1.420000000000001039e+00 5.727114448934258473e-01 1.120480348437274398e-01
1.430000000000001048e+00 5.796243419546246445e-01 1.108820975457372737e-01
1.440000000000001057e+00 5.853381507261674610e-01 1.113620929802848492e-01
1.450000000000001066e+00 5.937847241079248217e-01 1.084760880776740183e-01
1.460000000000001075e+00 6.000765250201823831e-01 1.080322921932617419e-01
1.470000000000001084e+00 6.069049150116249125e-01 1.073955867598383185e-01
1.480000000000001092e+00 6.151118001724716899e-01 1.036157136297818498e-01
1.490000000000001101e+00 6.216036103260784706e-01 1.027496375677032919e-01
1.500000000000001110e+00 6.278114861558122817e-01 1.018899200571207336e-01
1.510000000000001119e+00 6.337890978413068810e-01 1.008805715761101479e-01
1.520000000000001128e+00 6.402385194780227939e-01 9.876862828944038553e-02
1.530000000000001137e+00 6.457753618418374808e-01 9.830626325358711448e-02
1.540000000000001146e+00 6.526553466713884699e-01 9.430263292393283037e-02
1.550000000000001155e+00 6.577658793924467950e-01 9.493541001224319043e-02
1.560000000000001164e+00 6.640899875449927103e-01 9.084491166482773494e-02
1.570000000000001172e+00 6.696533098503283377e-01 8.896848476368252046e-02
1.580000000000001181e+00 6.749226517020918692e-01 8.676684092602356124e-02
1.590000000000001190e+00 6.798122056111018940e-01 8.686928240006515367e-02
1.600000000000001199e+00 6.845198445243928509e-01 8.574241964961733242e-02
1.610000000000001208e+00 6.895065659258956536e-01 8.341063750961857926e-02
1.620000000000001217e+00 6.943487981145592958e-01 8.205315958942825671e-02
1.630000000000001226e+00 6.999796282922583490e-01 7.885936779020952248e-02
1.640000000000001235e+00 7.041028707581091783e-01 7.874860949704468038e-02
1.650000000000001243e+00 7.084794876432557453e-01 7.826194361100348440e-02
1.660000000000001252e+00 7.136515442659820962e-01 7.436166455780508777e-02
1.670000000000001261e+00 7.175886911865119178e-01 7.431808886063093200e-02
1.680000000000001270e+00 7.227491746321533794e-01 7.002660445350616936e-02
1.690000000000001279e+00 7.269357304776926654e-01 6.896097793731674475e-02
1.700000000000001288e+00 7.310390328067167820e-01 6.744433351726519810e-02
1.710000000000001297e+00 7.350623466063300748e-01 6.592216967206208922e-02
1.720000000000001306e+00 7.388652683583770697e-01 6.489203860384164246e-02
1.730000000000001315e+00 7.428853648338690219e-01 6.181445639060424713e-02
1.740000000000001323e+00 7.462671237672637847e-01 6.154477009209720351e-02
1.750000000000001332e+00 7.498142095687738706e-01 6.032586292119578725e-02
1.760000000000001341e+00 7.535600553024444093e-01 5.877158245793501212e-02
1.770000000000001350e+00 7.568246641920983731e-01 5.847564001005354367e-02
1.780000000000001359e+00 7.600544146843867255e-01 5.727269214313313039e-02
1.790000000000001368e+00 7.632484142735983523e-01 5.617605227718888705e-02
1.800000000000001377e+00 7.661492179306774730e-01 5.565942764807297466e-02
1.810000000000001386e+00 7.692111119955231668e-01 5.584196351376431028e-02
1.820000000000001394e+00 7.726927262401770413e-01 5.295797569955402323e-02
1.830000000000001403e+00 7.755483277618030469e-01 5.226182520649171048e-02
1.840000000000001412e+00 7.788029423043530963e-01 5.067781263102624084e-02
1.850000000000001421e+00 7.816768378129732575e-01 4.977132158880434587e-02
1.860000000000001430e+00 7.843597926821551658e-01 4.885729612893915941e-02
1.870000000000001439e+00 7.869911513169949302e-01 4.878567535946859435e-02
1.880000000000001448e+00 7.896337045691523837e-01 4.755264812720340351e-02
1.890000000000001457e+00 7.921429487406446146e-01 4.686845825731154880e-02
1.900000000000001465e+00 7.947218477825339633e-01 4.592058848729493881e-02
1.910000000000001474e+00 7.971185271610632395e-01 4.551829075402627489e-02
1.920000000000001483e+00 7.997061478801981149e-01 4.439368532027142961e-02
1.930000000000001492e+00 8.019856508330812650e-01 4.393319701528002053e-02
1.940000000000001501e+00 8.044204312226704845e-01 4.313167792970876852e-02
1.950000000000001510e+00 8.067883188403205397e-01 4.226628059733475440e-02
1.960000000000001519e+00 8.091320418748210175e-01 4.147928223181149981e-02
1.970000000000001528e+00 8.111891068840298979e-01 4.130874601887839226e-02
1.980000000000001537e+00 8.135266844297435185e-01 4.036841706028523880e-02
1.990000000000001545e+00 8.156617512261664649e-01 3.976727443441793047e-02
2.000000000000001776e+00 8.175963895321984864e-01 3.948523504748817359e-02
2.010000000000001563e+00 8.196028437363033214e-01 3.902694251439061540e-02
2.020000000000001794e+00 8.218310201500104162e-01 3.816848493485795052e-02
2.030000000000001581e+00 8.237816957702075449e-01 3.762689580396453431e-02
2.040000000000001812e+00 8.256506434030043140e-01 3.719773765049719239e-02
2.050000000000001599e+00 8.275199334601128776e-01 3.674654408998404009e-02
2.060000000000001830e+00 8.294407357100996858e-01 3.607484881811833660e-02
2.070000000000001616e+00 8.312821950051697550e-01 3.549726853588622971e-02
2.080000000000001847e+00 8.330279358146400748e-01 3.493627439783358185e-02
2.090000000000001634e+00 8.347423360600303432e-01 3.435398472560954874e-02
2.100000000000001865e+00 8.364801999260264020e-01 3.373722618842558280e-02
2.110000000000001652e+00 8.382056045236506714e-01 3.317629571101665675e-02
2.120000000000001883e+00 8.398242249625125222e-01 3.270957619470483968e-02
2.130000000000001670e+00 8.415027391967357939e-01 3.218855974507781742e-02
2.140000000000001901e+00 8.430712653973277959e-01 3.175552069265797500e-02
