1.799999999999999933e-01 2.906865028935230397e-02 2.332195690531207316e-03
1.900000000000000022e-01 2.910872425043313158e-02 2.105959989102060368e-03
2.000000000000000111e-01 2.953487149025059780e-02 2.311468435752507978e-03
2.100000000000000200e-01 2.971906862508930797e-02 2.258395700810063907e-03
2.200000000000000289e-01 3.007469088175056260e-02 2.297167864091269589e-03
2.300000000000000377e-01 3.062847161571886911e-02 2.413560082624957148e-03
2.400000000000000466e-01 3.081046028698744207e-02 2.365527520197427316e-03
2.500000000000000555e-01 3.138526616594450314e-02 2.460793506779657483e-03
2.600000000000000644e-01 3.137427603342669152e-02 2.559924646974797834e-03
2.700000000000000733e-01 3.194745520423918073e-02 2.300985266179123197e-03
2.800000000000000822e-01 3.222447495111112337e-02 2.419991862849106643e-03
2.900000000000000910e-01 3.243104394316389388e-02 2.681134441808421393e-03
3.000000000000000999e-01 3.261055108120333029e-02 2.565648916934345092e-03
3.100000000000001088e-01 3.312847824583722844e-02 2.713739196099809736e-03
3.200000000000001177e-01 3.333220578561290476e-02 2.630075673305536273e-03
3.300000000000001266e-01 3.408358237127738499e-02 2.678196926198802424e-03
3.400000000000001354e-01 3.436016074618908345e-02 2.859692276091409333e-03
3.500000000000001443e-01 3.471792504820951641e-02 2.664348386719620279e-03
3.600000000000001532e-01 3.534931254047589400e-02 3.010232468944815543e-03
3.700000000000001621e-01 3.568482295835118806e-02 2.918658107931607418e-03
3.800000000000001710e-01 3.597602029153686154e-02 3.222208385068152988e-03
3.900000000000001799e-01 3.653698932015086998e-02 2.950002996766919183e-03
4.000000000000001887e-01 3.697635265490644557e-02 3.147496631182671294e-03
4.100000000000001976e-01 3.749745627635962808e-02 3.385605816457392010e-03
4.200000000000002065e-01 3.782454084924247867e-02 3.304086247536112183e-03
4.300000000000002154e-01 3.822807259524860918e-02 3.351586026245889725e-03
4.400000000000002243e-01 3.885614695761206716e-02 3.312656464972843842e-03
4.500000000000002331e-01 3.942795418841461147e-02 3.314424940813544534e-03
4.600000000000002420e-01 4.001231178338799516e-02 3.393198534848703134e-03
4.700000000000002509e-01 4.051358567912017455e-02 3.748525223426136047e-03
4.800000000000002598e-01 4.089786050074551566e-02 3.438221857418457834e-03
4.900000000000002687e-01 4.155368427172669715e-02 4.088507572680771633e-03
5.000000000000002220e-01 4.200471043379781083e-02 4.015794937185798198e-03
5.100000000000002309e-01 4.296721362993870946e-02 3.887265291641013847e-03
5.200000000000002398e-01 4.307102179311220191e-02 4.027697834591986020e-03
5.300000000000002487e-01 4.384312073863767811e-02 4.292482185458612251e-03
5.400000000000002576e-01 4.427571840144924747e-02 4.103270305260649231e-03
5.500000000000002665e-01 4.562661275753761292e-02 4.636937756499878195e-03
5.600000000000002753e-01 4.544966364580247525e-02 4.376920511407975285e-03
5.700000000000002842e-01 4.630968266676525891e-02 4.674906634690270332e-03
5.800000000000002931e-01 4.688869672351526907e-02 4.873263228729252626e-03
5.900000000000003020e-01 4.820483611549326169e-02 4.559703533664073022e-03
6.000000000000003109e-01 4.820132520493969341e-02 4.697480135000303009e-03
6.100000000000003197e-01 4.960416952325999440e-02 5.116326767116680108e-03
6.200000000000003286e-01 5.011533058216290082e-02 5.208714229321135571e-03
6.300000000000003375e-01 5.081241697361163490e-02 5.179623145697686941e-03
6.400000000000003464e-01 5.155290501852903551e-02 5.399164775719941106e-03
6.500000000000003553e-01 5.213837360010709077e-02 5.670436390485093965e-03
6.600000000000003642e-01 5.370216669927485587e-02 5.587605770081762943e-03
6.700000000000003730e-01 5.500145257191364073e-02 6.782823899315399384e-03
6.800000000000003819e-01 5.561090244418879364e-02 6.357306756137244032e-03
6.900000000000003908e-01 5.605245879193032632e-02 6.590156172084445443e-03
7.000000000000003997e-01 5.681219195720434156e-02 6.572753624277215614e-03
7.100000000000004086e-01 5.816898991613154296e-02 6.840995318093619042e-03
7.200000000000004174e-01 5.964024115131744824e-02 7.123322201821134965e-03
7.300000000000004263e-01 6.106679628668953974e-02 7.233101216033680121e-03
7.400000000000004352e-01 6.215000483502602924e-02 7.461669617778776686e-03
7.500000000000004441e-01 6.318232894407643796e-02 7.709768499338970869e-03
7.600000000000004530e-01 6.469594681497788102e-02 8.400654444850124206e-03
7.700000000000004619e-01 6.616605075749290577e-02 8.916636390356674421e-03
7.800000000000004707e-01 6.680363326094172771e-02 9.154520798017054539e-03
7.900000000000004796e-01 6.798940236155366634e-02 9.544889485865041753e-03
8.000000000000004885e-01 6.922061861572541275e-02 9.840313623514063135e-03
8.100000000000004974e-01 7.047280254738695626e-02 1.004075623483627160e-02
8.200000000000005063e-01 7.247589083933698995e-02 1.092168961563798682e-02
8.300000000000005151e-01 7.391252561610310579e-02 1.043102643302662620e-02
8.400000000000005240e-01 7.601395771717919803e-02 1.199816418899317741e-02
8.500000000000005329e-01 7.801835547488376876e-02 1.143214060726632786e-02
8.600000000000005418e-01 7.895032547498859188e-02 1.232898800600826066e-02
8.700000000000005507e-01 8.244185747342278048e-02 1.439097391207339212e-02
8.800000000000005596e-01 8.400616041309434678e-02 1.298255739800107007e-02
8.900000000000005684e-01 8.542885173204516069e-02 1.543418872209636507e-02
9.000000000000005773e-01 8.862495073994992867e-02 1.524574135665147066e-02
9.100000000000005862e-01 9.130948175065702055e-02 1.706827819882399122e-02
9.200000000000005951e-01 9.360603409213537340e-02 1.709037625279450148e-02
9.300000000000006040e-01 9.608005931806856692e-02 1.810695966264269305e-02
9.400000000000006128e-01 9.696927544871510041e-02 1.893955975034724085e-02
9.500000000000006217e-01 1.007938259273167964e-01 2.064334449882681416e-02
9.600000000000006306e-01 1.041827597088453017e-01 2.230364545752680505e-02
9.700000000000006395e-01 1.077848544974646522e-01 2.435949747303356797e-02
9.800000000000006484e-01 1.095297461988397891e-01 2.432753888126939004e-02
9.900000000000006573e-01 1.155324680493928918e-01 2.624421088724868817e-02
1.000000000000000666e+00 1.176065003950039489e-01 3.125452936455188485e-02
1.010000000000000675e+00 1.224666914588511679e-01 3.447387769011299452e-02
1.020000000000000684e+00 1.262270332344145041e-01 3.511519664391841294e-02
1.030000000000000693e+00 1.346674737174515246e-01 3.829640172840556578e-02
1.040000000000000702e+00 1.389199357840376625e-01 4.164839069903046587e-02
1.050000000000000711e+00 1.406818667191636341e-01 4.138298285497502005e-02
1.060000000000000719e+00 1.468688827496669458e-01 4.849037111236473990e-02
1.070000000000000728e+00 1.574241028922436225e-01 4.966042085239776027e-02
1.080000000000000737e+00 1.603466289997072247e-01 5.254299748081981553e-02
1.090000000000000746e+00 1.688086174774307002e-01 5.866510000507050432e-02
1.100000000000000755e+00 1.753376674408156921e-01 6.210215032650684419e-02
1.110000000000000764e+00 1.844632636814623472e-01 6.582381058407771324e-02
1.120000000000000773e+00 1.924073630914678590e-01 6.981242840032823860e-02
1.130000000000000782e+00 2.039004822266446970e-01 7.156856989912264988e-02
1.140000000000000790e+00 2.129614107939551693e-01 7.559281389427902065e-02
1.150000000000000799e+00 2.212825110574334064e-01 8.026082773747890420e-02
1.160000000000000808e+00 2.334755688301430598e-01 8.235122446886328218e-02
1.170000000000000817e+00 2.426634060734879084e-01 8.743679820568429906e-02
1.180000000000000826e+00 2.551184534616083854e-01 8.826749303386637047e-02
1.190000000000000835e+00 2.635640510683867621e-01 9.427041553849556388e-02
1.200000000000000844e+00 2.784149779944828373e-01 9.516852280775651984e-02
1.210000000000000853e+00 2.878513846634292439e-01 9.809770115233944210e-02
1.220000000000000862e+00 3.043350491740486330e-01 1.001621279918586682e-01
1.230000000000000870e+00 3.166249813071137509e-01 1.009289193580215627e-01
1.240000000000000879e+00 3.308149060284631404e-01 9.897192761980262710e-02
1.250000000000000888e+00 3.454264182022996899e-01 1.008963213651166702e-01
1.260000000000000897e+00 3.590477804709227838e-01 1.007247324758561574e-01
1.270000000000000906e+00 3.710423191925303343e-01 1.014120150046233099e-01
1.280000000000000915e+00 3.850706909249984045e-01 1.007043619930562545e-01
1.290000000000000924e+00 3.994868315997174291e-01 9.756222644020520751e-02
1.300000000000000933e+00 4.139738980810939717e-01 9.548333475704341711e-02
1.310000000000000941e+00 4.236902886150960001e-01 9.836411335037283099e-02
1.320000000000000950e+00 4.359180332978487837e-01 9.629967413395582043e-02
1.330000000000000959e+00 4.501216230352346748e-01 9.293747544875981259e-02
1.340000000000000968e+00 4.633390776052053184e-01 9.081900177347038139e-02
1.350000000000000977e+00 4.765150733161002683e-01 8.874340370211811213e-02
1.360000000000000986e+00 4.874739756171149185e-01 8.636717295719471832e-02
1.370000000000000995e+00 5.009588836113856303e-01 8.137611221700583042e-02
1.380000000000001004e+00 5.129812278909697820e-01 7.842978883995888051e-02
1.390000000000001013e+00 5.231191318383749955e-01 7.841688714380630476e-02
1.400000000000001021e+00 5.328971228115427783e-01 7.557910318952572315e-02
1.410000000000001030e+00 5.447150906107186552e-01 7.205285471430424027e-02
1.420000000000001039e+00 5.538542510645205752e-01 7.112303494655691782e-02
1.430000000000001048e+00 5.643678852863629469e-01 6.773569423596155492e-02
1.440000000000001057e+00 5.722662754052518785e-01 6.675734310379861924e-02
1.450000000000001066e+00 5.826046630055361497e-01 6.336808396793473797e-02
1.460000000000001075e+00 5.913345079761410661e-01 6.121332300787951652e-02
1.470000000000001084e+00 5.989106974957556506e-01 6.005075390264978663e-02
1.480000000000001092e+00 6.074646470980297197e-01 5.764447569521928549e-02
1.490000000000001101e+00 6.153174279497871657e-01 5.534752915788716116e-02
1.500000000000001110e+00 6.235168137188540349e-01 5.211278961388176451e-02
1.510000000000001119e+00 6.297448298778989262e-01 5.462337895114163788e-02
1.520000000000001128e+00 6.380675401242177358e-01 4.893359982272016406e-02
1.530000000000001137e+00 6.454003979233704502e-01 4.623921581078850596e-02
1.540000000000001146e+00 6.516378423758354410e-01 4.502666280229936785e-02
1.550000000000001155e+00 6.580051349207743927e-01 4.427745269117440430e-02
1.560000000000001164e+00 6.644090999164612432e-01 4.255578606689720822e-02
1.570000000000001172e+00 6.705536327219215886e-01 4.129290014886344978e-02
1.580000000000001181e+00 6.764597716092995983e-01 3.990306011783024270e-02
1.590000000000001190e+00 6.820667865739659108e-01 3.933696937724174419e-02
1.600000000000001199e+00 6.877304087951733313e-01 3.831850110546018706e-02
1.610000000000001208e+00 6.927319202438728674e-01 3.763468732708306896e-02
1.620000000000001217e+00 6.978945941914892481e-01 3.674803607781772230e-02
1.630000000000001226e+00 7.033849755700709583e-01 3.559462276277497450e-02
1.640000000000001235e+00 7.082141524506236907e-01 3.465840871359081310e-02
1.650000000000001243e+00 7.129004379544302550e-01 3.415006883936224508e-02
1.660000000000001252e+00 7.174193498433334426e-01 3.345791833648725788e-02
1.670000000000001261e+00 7.219590664959846249e-01 3.265780291125909562e-02
1.680000000000001270e+00 7.265771405313483644e-01 3.186839578827783265e-02
1.690000000000001279e+00 7.307295154130124537e-01 3.133200775716001724e-02
1.700000000000001288e+00 7.348522953828041659e-01 3.064710696378739052e-02
1.710000000000001297e+00 7.389002505618285088e-01 2.993607511460658413e-02
1.720000000000001306e+00 7.427315747758334030e-01 2.939539388320316568e-02
1.730000000000001315e+00 7.466868328515318121e-01 2.873018397531293747e-02
1.740000000000001323e+00 7.503775204019269562e-01 2.809031632894704034e-02
1.750000000000001332e+00 7.540185727071244681e-01 2.754181115850163133e-02
1.760000000000001341e+00 7.575530788478538335e-01 2.697633160168730337e-02
1.770000000000001350e+00 7.610129225834708633e-01 2.644682447946471865e-02
1.780000000000001359e+00 7.642866191159146672e-01 2.609135418541250889e-02
1.790000000000001368e+00 7.676095344442950275e-01 2.553277995239673637e-02
1.800000000000001377e+00 7.707309706547960104e-01 2.505809104776976839e-02
1.810000000000001386e+00 7.738658064874723852e-01 2.464838329588630098e-02
1.820000000000001394e+00 7.768565698801762620e-01 2.414215213539693677e-02
1.830000000000001403e+00 7.796463900254734236e-01 2.390705951471577481e-02
1.840000000000001412e+00 7.825413034528893030e-01 2.345569289910454450e-02
1.850000000000001421e+00 7.852811650360769224e-01 2.317355479800501175e-02
1.860000000000001430e+00 7.880499418577298076e-01 2.272108078879051668e-02
1.870000000000001439e+00 7.906686725462722665e-01 2.233756565874992980e-02
1.880000000000001448e+00 7.933507243273392184e-01 2.185972460683333410e-02
1.890000000000001457e+00 7.958879487873388170e-01 2.152006774852971080e-02
1.900000000000001465e+00 7.983417234095451231e-01 2.117005226838430607e-02
1.910000000000001474e+00 8.007869002025080896e-01 2.080252130036438704e-02
1.920000000000001483e+00 8.031657915569194728e-01 2.049035848134761473e-02
1.930000000000001492e+00 8.054571782474959640e-01 2.021204224146713399e-02
1.940000000000001501e+00 8.077078853597510211e-01 1.998865011262234564e-02
1.950000000000001510e+00 8.099692347939024817e-01 1.971548821866436763e-02
1.960000000000001519e+00 8.121735745249960559e-01 1.938080059010910058e-02
1.970000000000001528e+00 8.143523572735712479e-01 1.911090734705920419e-02
1.980000000000001537e+00 8.164232054286005846e-01 1.881503748123188394e-02
1.990000000000001545e+00 8.185355473557527350e-01 1.854971848690202887e-02
2.000000000000001776e+00 8.205835138458728029e-01 1.825680312002057534e-02
2.010000000000001563e+00 8.225459611560903550e-01 1.797028182925911738e-02
2.020000000000001794e+00 8.244920944899125637e-01 1.774345644758325638e-02
2.030000000000001581e+00 8.264339469295016727e-01 1.746917085625634622e-02
2.040000000000001812e+00 8.283317397451952502e-01 1.716289942886830774e-02
2.050000000000001599e+00 8.301479224396326462e-01 1.694357636934967423e-02
2.060000000000001830e+00 8.319262358273484814e-01 1.675274840236026450e-02
2.070000000000001616e+00 8.336656185235253869e-01 1.656937962022626831e-02
2.080000000000001847e+00 8.353794651825324769e-01 1.638445483086948054e-02
2.090000000000001634e+00 8.370792483756878122e-01 1.618555669947022504e-02
2.100000000000001865e+00 8.387083953356466726e-01 1.600076120241118380e-02
2.110000000000001652e+00 8.403770057616649636e-01 1.574476464960167590e-02
2.120000000000001883e+00 8.419598544999380429e-01 1.552941457606230036e-02
2.130000000000001670e+00 8.435201834149492761e-01 1.532460493883286597e-02
2.140000000000001901e+00 8.450710400085450491e-01 1.512806889529161661e-02
2.150000000000001688e+00 8.466088111027779695e-01 1.495228066176448878e-02
2.160000000000001918e+00 8.480882026741437540e-01 1.474339524633275569e-02
2.170000000000001705e+00 8.495553403783786539e-01 1.459053530998253786e-02
