1.499999999999999944e-01 1.177475345442779431e-01 1.145739050067974898e-02
1.600000000000000033e-01 1.187952537774055739e-01 1.192745539763511581e-02
1.700000000000000122e-01 1.201022849286130234e-01 1.174661787176298211e-02
1.800000000000000211e-01 1.218763793477929819e-01 1.255533913989172017e-02
1.900000000000000300e-01 1.231513278064687161e-01 1.279385121034937005e-02
2.000000000000000389e-01 1.243966290202616898e-01 1.350543089306473557e-02
2.100000000000000477e-01 1.253757186798047651e-01 1.340467334373644445e-02
2.200000000000000566e-01 1.273262632362595903e-01 1.341687023024974029e-02
2.300000000000000655e-01 1.285732808624175938e-01 1.370472285891441606e-02
2.400000000000000744e-01 1.296026648956394300e-01 1.428368665152298170e-02
2.500000000000001110e-01 1.312201363375441743e-01 1.481268305520216585e-02
2.600000000000001199e-01 1.330031446607354562e-01 1.491010287766298195e-02
2.700000000000001288e-01 1.343500825279618505e-01 1.577542865277924838e-02
2.800000000000001377e-01 1.360813996904192413e-01 1.616259784350511722e-02
2.900000000000001465e-01 1.376654436825261452e-01 1.616288359884187828e-02
3.000000000000001554e-01 1.395489423189521516e-01 1.720236512780012883e-02
3.100000000000001643e-01 1.408925771282913131e-01 1.678858625861751747e-02
3.200000000000001732e-01 1.428389968921552344e-01 1.768080213135253889e-02
3.300000000000001821e-01 1.444769030441172553e-01 1.769303905955361272e-02
3.400000000000001910e-01 1.460691043078640172e-01 1.867711277381522983e-02
3.500000000000001998e-01 1.482011292434972649e-01 1.953260581439280816e-02
3.600000000000002087e-01 1.507564641839576891e-01 1.983474389019549561e-02
3.700000000000002176e-01 1.524054910788160966e-01 2.010973711221450411e-02
3.800000000000002265e-01 1.538005834288333484e-01 2.065677205616839665e-02
3.900000000000002354e-01 1.561088316432837908e-01 2.185138658215163981e-02
4.000000000000002442e-01 1.583783006707248364e-01 2.155348844903411804e-02
4.100000000000002531e-01 1.603080344069730545e-01 2.321145858511714996e-02
4.200000000000002620e-01 1.621424993097869693e-01 2.343525303206967988e-02
4.300000000000002709e-01 1.647917291761078762e-01 2.542215854593558519e-02
4.400000000000002798e-01 1.666362548454929926e-01 2.517690268252729957e-02
4.500000000000002887e-01 1.691541419485026176e-01 2.633070632437485223e-02
4.600000000000002975e-01 1.717954596277795343e-01 2.709114122678522862e-02
4.700000000000003064e-01 1.738364188156105161e-01 2.878879061676286460e-02
4.800000000000003153e-01 1.761415207225414670e-01 2.988872543570598658e-02
4.900000000000003242e-01 1.788663815605005813e-01 3.027943308196092559e-02
5.000000000000003331e-01 1.812368285770263598e-01 3.099221981126658310e-02
5.100000000000003419e-01 1.834003953769125783e-01 3.269695851609698972e-02
5.200000000000003508e-01 1.854644701155230002e-01 3.362275549492470261e-02
5.300000000000003597e-01 1.886401398793386419e-01 3.458478142903592678e-02
5.400000000000003686e-01 1.902538540423995284e-01 3.473041917651244898e-02
5.500000000000003775e-01 1.931115176915954579e-01 3.574330848338581890e-02
5.600000000000003864e-01 1.966053479370008239e-01 3.635375280790212327e-02
5.700000000000003952e-01 1.992018323503831345e-01 3.867080190434064174e-02
5.800000000000004041e-01 2.021880953378436541e-01 3.913852104914031932e-02
5.900000000000004130e-01 2.052391765833705140e-01 4.076408617174651083e-02
6.000000000000004219e-01 2.084280895788157006e-01 4.178662666335128395e-02
6.100000000000004308e-01 2.119712564622448503e-01 4.292977029973717162e-02
6.200000000000004396e-01 2.155218094886273417e-01 4.457682395979001289e-02
6.300000000000004485e-01 2.178166791444590134e-01 4.571180851518531069e-02
6.400000000000004574e-01 2.221758394940998860e-01 4.599502751573198572e-02
6.500000000000004663e-01 2.252060412551192548e-01 4.895245556331215275e-02
6.600000000000004752e-01 2.280577008191360389e-01 5.004037498695163705e-02
6.700000000000004841e-01 2.330914410014321425e-01 5.199374929564920533e-02
6.800000000000004929e-01 2.356408446061493689e-01 5.346022984912714160e-02
6.900000000000005018e-01 2.401718878572728366e-01 5.528183261121367292e-02
7.000000000000005107e-01 2.433004219962758563e-01 5.648700200625415835e-02
7.100000000000005196e-01 2.477174392421609972e-01 5.935646137731943883e-02
7.200000000000005285e-01 2.516557816925464319e-01 6.017853347287212967e-02
7.300000000000005373e-01 2.561236016521324932e-01 6.231425919598216484e-02
7.400000000000005462e-01 2.595950197963320938e-01 6.362834659924170022e-02
7.500000000000005551e-01 2.654660117431704158e-01 6.635463774015040728e-02
7.600000000000005640e-01 2.687269329451543731e-01 6.898544530062508673e-02
7.700000000000005729e-01 2.731951809581743551e-01 7.190825474812091722e-02
7.800000000000005818e-01 2.784438211329045010e-01 7.412622795853844593e-02
7.900000000000005906e-01 2.843225989962058220e-01 7.643462122266418690e-02
8.000000000000005995e-01 2.876195784500770736e-01 7.949186287080362012e-02
8.100000000000006084e-01 2.923969876762996800e-01 8.115087120162899070e-02
8.200000000000006173e-01 2.967701417531619090e-01 8.398294202503008010e-02
8.300000000000006262e-01 3.021328908153602111e-01 8.485489648137091445e-02
8.400000000000006350e-01 3.083545627279359880e-01 8.738655380353861635e-02
8.500000000000006439e-01 3.116526687119838823e-01 8.909723842790592818e-02
8.600000000000006528e-01 3.177790287022208005e-01 9.027049957742677710e-02
8.700000000000006617e-01 3.226134432506522209e-01 9.325293613799824632e-02
8.800000000000006706e-01 3.279410030441728963e-01 9.539046595798214567e-02
8.900000000000006795e-01 3.322448521231466945e-01 9.709248734014748472e-02
9.000000000000006883e-01 3.383665064125081501e-01 1.002333905408628045e-01
9.100000000000006972e-01 3.452473956682965417e-01 1.011848955060337396e-01
9.200000000000007061e-01 3.494079231480231029e-01 1.033282562950450373e-01
9.300000000000007150e-01 3.562662024791263260e-01 1.048578647684709070e-01
9.400000000000007239e-01 3.611627875038531110e-01 1.074892466478778730e-01
9.500000000000007327e-01 3.674126570045999074e-01 1.103524975498133553e-01
9.600000000000007416e-01 3.735307446009910604e-01 1.122946918830019236e-01
9.700000000000007505e-01 3.789625022466602267e-01 1.142159309758250946e-01
9.800000000000007594e-01 3.850030237700367564e-01 1.159592006364740524e-01
9.900000000000007683e-01 3.901362361509779220e-01 1.188296080316787601e-01
1.000000000000000666e+00 3.975000355851521228e-01 1.197621717049038026e-01
1.010000000000000675e+00 4.025403930682432962e-01 1.211671794514864592e-01
1.020000000000000684e+00 4.096242969354133012e-01 1.234326233583180610e-01
1.030000000000000693e+00 4.151450056360070362e-01 1.251718261898772666e-01
1.040000000000000702e+00 4.218660108815641685e-01 1.267004981996981139e-01
1.050000000000000711e+00 4.270154518303648783e-01 1.288258687748691511e-01
1.060000000000000719e+00 4.334973086484095184e-01 1.302378826100679676e-01
1.070000000000000728e+00 4.397584697491029315e-01 1.322802193195021236e-01
1.080000000000000737e+00 4.460304151184816823e-01 1.338099894593115236e-01
1.090000000000000746e+00 4.533410732232824869e-01 1.350863600628206262e-01
1.100000000000000755e+00 4.598615260356399004e-01 1.365074206840482252e-01
1.110000000000000764e+00 4.667353919165933007e-01 1.374491026436157337e-01
1.120000000000000773e+00 4.731786364510478515e-01 1.384387207901054129e-01
1.130000000000000782e+00 4.789238739933243671e-01 1.395949283681147401e-01
1.140000000000000790e+00 4.850957164746691475e-01 1.413942711835453891e-01
1.150000000000000799e+00 4.909777964880281953e-01 1.419951421268385583e-01
1.160000000000000808e+00 4.971676954498951972e-01 1.431215807559128583e-01
1.170000000000000817e+00 5.034714182570227958e-01 1.437456994879937611e-01
1.180000000000000826e+00 5.101672703823724175e-01 1.445599893405773717e-01
1.190000000000000835e+00 5.165402696621329559e-01 1.441990625943344040e-01
1.200000000000000844e+00 5.223081786357441914e-01 1.462005444744139682e-01
1.210000000000000853e+00 5.288801263934018726e-01 1.464123290430350277e-01
1.220000000000000862e+00 5.359752391137654337e-01 1.464317209244879736e-01
1.230000000000000870e+00 5.415828502844097780e-01 1.473739974303925337e-01
1.240000000000000879e+00 5.478722097740917896e-01 1.470982113818699588e-01
1.250000000000000888e+00 5.538149111938575064e-01 1.471723155344125122e-01
1.260000000000000897e+00 5.595624052833000350e-01 1.474923192888623613e-01
1.270000000000000906e+00 5.655231295391096591e-01 1.473106981483378874e-01
1.280000000000000915e+00 5.707551449313779113e-01 1.476093929498280000e-01
1.290000000000000924e+00 5.759639428207725675e-01 1.483229938056818409e-01
1.300000000000000933e+00 5.824996928432004673e-01 1.473985540494394120e-01
1.310000000000000941e+00 5.878722668545152130e-01 1.476655900081239869e-01
1.320000000000000950e+00 5.938328941863457722e-01 1.470377784570225110e-01
1.330000000000000959e+00 5.994349036908670492e-01 1.468633087363830636e-01
1.340000000000000968e+00 6.050132016040508098e-01 1.462641885123946994e-01
1.350000000000000977e+00 6.102746439317308091e-01 1.456528009531652401e-01
1.360000000000000986e+00 6.153983322447088566e-01 1.452705992686861847e-01
1.370000000000000995e+00 6.203549039789980624e-01 1.455361145779119902e-01
1.380000000000001004e+00 6.249707764787595377e-01 1.457587689486785909e-01
1.390000000000001013e+00 6.301980129764864769e-01 1.448700938191039844e-01
1.400000000000001021e+00 6.366761325897200008e-01 1.426646171659108897e-01
1.410000000000001030e+00 6.418730858892625069e-01 1.415978521056379669e-01
1.420000000000001039e+00 6.473091269787851765e-01 1.402033985692072993e-01
1.430000000000001048e+00 6.516652618081425485e-01 1.396461758127529040e-01
1.440000000000001057e+00 6.568675390897505961e-01 1.392091327876047446e-01
1.450000000000001066e+00 6.613306629082990051e-01 1.381378282279489278e-01
1.460000000000001075e+00 6.664132753921363506e-01 1.378276696187554773e-01
1.470000000000001084e+00 6.721648769556571867e-01 1.351537863384595917e-01
1.480000000000001092e+00 6.762350756677816266e-01 1.348349479073900903e-01
1.490000000000001101e+00 6.806803298596516560e-01 1.337668907409156616e-01
1.500000000000001110e+00 6.851800161312160409e-01 1.331831876602368181e-01
1.510000000000001119e+00 6.890360139468361123e-01 1.329697236562530638e-01
1.520000000000001128e+00 6.938003861758319513e-01 1.320071474619884944e-01
1.530000000000001137e+00 6.983038701767513290e-01 1.303641481278422776e-01
1.540000000000001146e+00 7.022769321731981984e-01 1.296636586255548174e-01
1.550000000000001155e+00 7.065857133439497062e-01 1.278584194441638733e-01
1.560000000000001164e+00 7.106153241549563182e-01 1.269254745852350930e-01
1.570000000000001172e+00 7.142660902397647282e-01 1.264546008330189319e-01
1.580000000000001181e+00 7.182243044773882756e-01 1.244035619988888702e-01
1.590000000000001190e+00 7.220101017160927004e-01 1.237431600638234652e-01
1.600000000000001199e+00 7.271179321336777024e-01 1.201541182139006236e-01
1.610000000000001208e+00 7.302903762055488190e-01 1.192946569380747557e-01
1.620000000000001217e+00 7.335167301679555996e-01 1.195468600020425931e-01
1.630000000000001226e+00 7.374128155684381847e-01 1.173526838567180847e-01
1.640000000000001235e+00 7.414786016373577926e-01 1.153714257739528598e-01
1.650000000000001243e+00 7.449230813590768108e-01 1.144614825855139462e-01
1.660000000000001252e+00 7.477036035530230107e-01 1.147631211778934596e-01
1.670000000000001261e+00 7.506862517837915583e-01 1.138883269955431599e-01
1.680000000000001270e+00 7.541150518895366472e-01 1.123717367701959069e-01
1.690000000000001279e+00 7.572225351579490171e-01 1.118946453151553055e-01
1.700000000000001288e+00 7.604826387145291466e-01 1.100352769594166030e-01
1.710000000000001297e+00 7.637472763162993505e-01 1.084590987355632113e-01
1.720000000000001306e+00 7.669180913646844733e-01 1.078819412865378441e-01
1.730000000000001315e+00 7.705943613335560771e-01 1.054120212565987369e-01
1.740000000000001323e+00 7.737424416916063308e-01 1.039438883053993568e-01
1.750000000000001332e+00 7.760067015898014509e-01 1.042010742752996211e-01
1.760000000000001341e+00 7.789689902210495953e-01 1.019860341618273047e-01
1.770000000000001350e+00 7.816814427424199074e-01 1.010555127628920691e-01
1.780000000000001359e+00 7.842366940363161287e-01 1.006087721618833114e-01
1.790000000000001368e+00 7.867159149360101189e-01 9.923329660117899409e-02
1.800000000000001377e+00 7.891820971866724266e-01 9.814673302650282760e-02
1.810000000000001386e+00 7.922401526523410453e-01 9.647474660848405492e-02
1.820000000000001394e+00 7.945736195763603016e-01 9.555398688863880885e-02
1.830000000000001403e+00 7.971910763966448821e-01 9.399610966196969564e-02
1.840000000000001412e+00 7.996422717943602043e-01 9.249844793234583695e-02
1.850000000000001421e+00 8.013112642500620497e-01 9.276411882840304712e-02
1.860000000000001430e+00 8.037759663954170408e-01 9.154322277460118229e-02
1.870000000000001439e+00 8.062324869613176626e-01 8.978000198700059054e-02
1.880000000000001448e+00 8.085275056266812976e-01 8.856034692789772900e-02
1.890000000000001457e+00 8.111829703086320675e-01 8.667080254242645609e-02
1.900000000000001465e+00 8.130887960397749081e-01 8.620900369995529444e-02
1.910000000000001474e+00 8.152311848387692184e-01 8.511603826140304307e-02
1.920000000000001483e+00 8.172921668622072922e-01 8.395929899214313319e-02
1.930000000000001492e+00 8.192755031873301119e-01 8.306690240062929165e-02
1.940000000000001501e+00 8.210888085806258285e-01 8.226594476534483669e-02
1.950000000000001510e+00 8.229867319813056747e-01 8.195335240320543446e-02
1.960000000000001519e+00 8.248857120674876198e-01 8.076187771255470549e-02
1.970000000000001528e+00 8.269236070481815748e-01 7.916611012901646205e-02
1.980000000000001537e+00 8.286755924187713118e-01 7.893167052076158208e-02
1.990000000000001545e+00 8.306108873101768486e-01 7.761461585112229555e-02
2.000000000000001776e+00 8.325837006996649192e-01 7.601900586687852790e-02
2.010000000000001563e+00 8.344252786929449162e-01 7.504958418173281187e-02
2.020000000000001794e+00 8.359798923453704012e-01 7.479291816846821150e-02
2.030000000000001581e+00 8.378879179631997243e-01 7.306712142476144700e-02
2.040000000000001812e+00 8.396161937876438497e-01 7.234364325830504316e-02
2.050000000000001599e+00 8.412585929725552303e-01 7.144559749042093955e-02
2.060000000000001830e+00 8.428736540810796152e-01 7.048729083541396823e-02
2.070000000000001616e+00 8.443875053485135895e-01 7.023831638725203108e-02
2.080000000000001847e+00 8.459835428086797116e-01 6.942045806482984027e-02
2.090000000000001634e+00 8.476389796718137859e-01 6.811175469073686706e-02
2.100000000000001865e+00 8.491006487262688918e-01 6.791322113561096274e-02
2.110000000000001652e+00 8.505342496248574635e-01 6.691865509389757771e-02
2.120000000000001883e+00 8.518532190860697018e-01 6.680204130964687015e-02
2.130000000000001670e+00 8.535836492897126426e-01 6.514911567356945765e-02
2.140000000000001901e+00 8.549554447553501246e-01 6.451207999581456964e-02
