1.199999999999999956e-01 2.025324769873306785e-01 3.615224008689152391e-02
1.300000000000000044e-01 2.038651960083067427e-01 3.601622546652266665e-02
1.400000000000000133e-01 2.060794535689416951e-01 3.846075348150829187e-02
1.500000000000000222e-01 2.077954579942929425e-01 3.854758045795677462e-02
1.600000000000000311e-01 2.103349722628390650e-01 3.954476490996652882e-02
1.700000000000000400e-01 2.130522862613006274e-01 4.144000865932744720e-02
1.800000000000000488e-01 2.141318783905229450e-01 4.220154806998698688e-02
1.900000000000000577e-01 2.174814729029179716e-01 4.178142258340600268e-02
2.000000000000000666e-01 2.192582597221812701e-01 4.380799099870848895e-02
2.100000000000000755e-01 2.222923122613358060e-01 4.445440736690726286e-02
2.200000000000000844e-01 2.246941926901679654e-01 4.515701870139549046e-02
2.300000000000000933e-01 2.262860211511013298e-01 4.566997272690442866e-02
2.400000000000001021e-01 2.291638120289966052e-01 4.723370419642344137e-02
2.500000000000001110e-01 2.316980416717301650e-01 4.801025907497293022e-02
2.600000000000001199e-01 2.338712223647471666e-01 4.892865970262176567e-02
2.700000000000001288e-01 2.370923911577426102e-01 4.974106904801698509e-02
2.800000000000001377e-01 2.390926615778808106e-01 5.118185101904582784e-02
2.900000000000001465e-01 2.412199653383869657e-01 5.307534551998693145e-02
3.000000000000001554e-01 2.449157739670401179e-01 5.365445702623646701e-02
3.100000000000001643e-01 2.471453294490498220e-01 5.478855764346178547e-02
3.200000000000001732e-01 2.504916433074759197e-01 5.572785700375384316e-02
3.300000000000001821e-01 2.525131480520093619e-01 5.616450134641386149e-02
3.400000000000001910e-01 2.555881837567156034e-01 5.813104862338075440e-02
3.500000000000001998e-01 2.591551554841599603e-01 5.884376078524524573e-02
3.600000000000002087e-01 2.616752665877989381e-01 6.052524816937566304e-02
3.700000000000002176e-01 2.646581221630072700e-01 6.149700155779752597e-02
3.800000000000002265e-01 2.681644834146028611e-01 6.311774844024022058e-02
3.900000000000002354e-01 2.715737897270719126e-01 6.461127791348370009e-02
4.000000000000002442e-01 2.728557852928868432e-01 6.475191876123442825e-02
4.100000000000002531e-01 2.768645019356580916e-01 6.710925163190258058e-02
4.200000000000002620e-01 2.803552654332853722e-01 6.822890149208167554e-02
4.300000000000002709e-01 2.824813915277125109e-01 6.937118741518587262e-02
4.400000000000002798e-01 2.862461068118387630e-01 7.034345621760096368e-02
4.500000000000002887e-01 2.894644394355166406e-01 7.214016266150034828e-02
4.600000000000002975e-01 2.928299620661208857e-01 7.382978549974392180e-02
4.700000000000003064e-01 2.964841930406314496e-01 7.472157877546088678e-02
4.800000000000003153e-01 2.993966599797568406e-01 7.618456742823630223e-02
4.900000000000003242e-01 3.030080148627578573e-01 7.734511572067485907e-02
5.000000000000003331e-01 3.053692700797085990e-01 7.967548703606140703e-02
5.100000000000003419e-01 3.088073680320374548e-01 8.111332798747146466e-02
5.200000000000003508e-01 3.126305547151143061e-01 8.271266492745613097e-02
5.300000000000003597e-01 3.162415402121019348e-01 8.446078269136776673e-02
5.400000000000003686e-01 3.203468637051829493e-01 8.524556285662075739e-02
5.500000000000003775e-01 3.226967869978608072e-01 8.686225896206391239e-02
5.600000000000003864e-01 3.266854035387419253e-01 8.870836118899283473e-02
5.700000000000003952e-01 3.303247323184155815e-01 8.991381184998928355e-02
5.800000000000004041e-01 3.338666728975161480e-01 9.132018575700018292e-02
5.900000000000004130e-01 3.371533223808538260e-01 9.212968333139905097e-02
6.000000000000004219e-01 3.413138564045423151e-01 9.456338244028440754e-02
6.100000000000004308e-01 3.449593058514426325e-01 9.562875803550091591e-02
6.200000000000004396e-01 3.485450038408067774e-01 9.756914160635418720e-02
6.300000000000004485e-01 3.522035313068833662e-01 9.820783372129515687e-02
6.400000000000004574e-01 3.554965620434166751e-01 9.924951495385650468e-02
6.500000000000004663e-01 3.597312344767178427e-01 1.006336867950460567e-01
6.600000000000004752e-01 3.635426575338445154e-01 1.024048730796375123e-01
6.700000000000004841e-01 3.676995513742486454e-01 1.029779966599767282e-01
6.800000000000004929e-01 3.716410805814954754e-01 1.044764484951411221e-01
6.900000000000005018e-01 3.755174714107644141e-01 1.055687940397163072e-01
7.000000000000005107e-01 3.791853012858272254e-01 1.063535073826933769e-01
7.100000000000005196e-01 3.835791440930574336e-01 1.081231088566385889e-01
7.200000000000005285e-01 3.881618357031658695e-01 1.091142588868560248e-01
7.300000000000005373e-01 3.909425194888296873e-01 1.099652248151150730e-01
7.400000000000005462e-01 3.954041064273707828e-01 1.110533145188050130e-01
7.500000000000005551e-01 3.994476234528033243e-01 1.128279360171921819e-01
7.600000000000005640e-01 4.035944013813101416e-01 1.135962995951897009e-01
7.700000000000005729e-01 4.081582821176241715e-01 1.153408724173650562e-01
7.800000000000005818e-01 4.113465708502657692e-01 1.165461758564272365e-01
7.900000000000005906e-01 4.158754473777965255e-01 1.179423856431655177e-01
8.000000000000005995e-01 4.205454423539512487e-01 1.186566412382832614e-01
8.100000000000006084e-01 4.244539378582218858e-01 1.202031100613862313e-01
8.200000000000006173e-01 4.288734984904956082e-01 1.216421628602589317e-01
8.300000000000006262e-01 4.326051358016321791e-01 1.230358117925137579e-01
8.400000000000006350e-01 4.377037966753157261e-01 1.236940828040577617e-01
8.500000000000006439e-01 4.417662182542635985e-01 1.246409071052431566e-01
8.600000000000006528e-01 4.468022795844723838e-01 1.254083592884277787e-01
8.700000000000006617e-01 4.498148899148351476e-01 1.267980299463962179e-01
8.800000000000006706e-01 4.544846160534573576e-01 1.277196395650289085e-01
8.900000000000006795e-01 4.580361695122144305e-01 1.289563051226234325e-01
9.000000000000006883e-01 4.628263173137285302e-01 1.293366660719820482e-01
9.100000000000006972e-01 4.670624699932584001e-01 1.307471511467087344e-01
9.200000000000007061e-01 4.701870554309776629e-01 1.318819401719073525e-01
9.300000000000007150e-01 4.740434745222941726e-01 1.328348484081565417e-01
9.400000000000007239e-01 4.792769760203177132e-01 1.345121059694404375e-01
9.500000000000007327e-01 4.831780862201521254e-01 1.354396489662001990e-01
9.600000000000007416e-01 4.880990480221328309e-01 1.362424984885907131e-01
9.700000000000007505e-01 4.911443783307264388e-01 1.379905045335759750e-01
9.800000000000007594e-01 4.958566119490471769e-01 1.388461602602135969e-01
9.900000000000007683e-01 4.992522532316729933e-01 1.393153343553032719e-01
1.000000000000000888e+00 5.036864785044607995e-01 1.405108003644319759e-01
1.010000000000000675e+00 5.083303141827257843e-01 1.408320015251549318e-01
1.020000000000000906e+00 5.118270446737835933e-01 1.423524379032160281e-01
1.030000000000000693e+00 5.176664129390551317e-01 1.421505799734675835e-01
1.040000000000000924e+00 5.208240142304928488e-01 1.437912327842116589e-01
1.050000000000000711e+00 5.252481730505319524e-01 1.441342682397887542e-01
1.060000000000000941e+00 5.292211938054406373e-01 1.448265952711384197e-01
1.070000000000000728e+00 5.337291163440646136e-01 1.454186461306666012e-01
1.080000000000000959e+00 5.376406071735538861e-01 1.460856839610603364e-01
1.090000000000000746e+00 5.420269974649901679e-01 1.465453598524070755e-01
1.100000000000000977e+00 5.458688172383773241e-01 1.473620850282973960e-01
1.110000000000000764e+00 5.507780208051749060e-01 1.471781149269574263e-01
1.120000000000000995e+00 5.548948750782679573e-01 1.476138106859855859e-01
1.130000000000000782e+00 5.589308409274446054e-01 1.477467064097291449e-01
1.140000000000001013e+00 5.626051122489975631e-01 1.481808439822535906e-01
1.150000000000000799e+00 5.672137995757654538e-01 1.477922850750880146e-01
1.160000000000001030e+00 5.703852726572954390e-01 1.481543525393386462e-01
1.170000000000000817e+00 5.744653571690532257e-01 1.485213069983000456e-01
1.180000000000001048e+00 5.777693706278050900e-01 1.490298018559687299e-01
1.190000000000000835e+00 5.819922410675996138e-01 1.489522874293326415e-01
1.200000000000001066e+00 5.862359933954947033e-01 1.487204053762977984e-01
1.210000000000000853e+00 5.895488516805759138e-01 1.494205894167041082e-01
1.220000000000001084e+00 5.933256042341684688e-01 1.491998113541529725e-01
1.230000000000000870e+00 5.971998063674587298e-01 1.489582663843376231e-01
1.240000000000001101e+00 6.015817270104288905e-01 1.484955618759152274e-01
1.250000000000000888e+00 6.052707858603163515e-01 1.488388901547584853e-01
1.260000000000001119e+00 6.085098050673389825e-01 1.494076011665398662e-01
1.270000000000000906e+00 6.129167536314203968e-01 1.482149559107696912e-01
1.280000000000001137e+00 6.154620176202465487e-01 1.498195737849077613e-01
1.290000000000000924e+00 6.202831498960975631e-01 1.480962179907519272e-01
1.300000000000001155e+00 6.236076375280320550e-01 1.486876294093901762e-01
1.310000000000000941e+00 6.278010629906068951e-01 1.484598208139414066e-01
1.320000000000001172e+00 6.311734265964481505e-01 1.484433314547138894e-01
1.330000000000000959e+00 6.349805823077304678e-01 1.481739129527775423e-01
1.340000000000001190e+00 6.386569187608988063e-01 1.477799318595882649e-01
1.350000000000000977e+00 6.425192155845055320e-01 1.469838753858569991e-01
1.360000000000001208e+00 6.460929755606004132e-01 1.464118557162777945e-01
1.370000000000000995e+00 6.499132018883692075e-01 1.459045331645438537e-01
1.380000000000001226e+00 6.528680556770474208e-01 1.462976723892883135e-01
1.390000000000001013e+00 6.564839618168604174e-01 1.454257690145820681e-01
1.400000000000001243e+00 6.600802119396815826e-01 1.447556770873676957e-01
1.410000000000001030e+00 6.625316925396447232e-01 1.454315704460178715e-01
1.420000000000001261e+00 6.663089081594969487e-01 1.441977185691988572e-01
1.430000000000001048e+00 6.700405633676551620e-01 1.434728898432461042e-01
1.440000000000001279e+00 6.729616758496671514e-01 1.431642639198806577e-01
1.450000000000001066e+00 6.760835441854969874e-01 1.429814419106267831e-01
1.460000000000001297e+00 6.797566975529921729e-01 1.420536691504350746e-01
1.470000000000001084e+00 6.832162120187542653e-01 1.412590106141330404e-01
1.480000000000001315e+00 6.866805961869716368e-01 1.405480831826685650e-01
1.490000000000001101e+00 6.902454266664326266e-01 1.397346237734778118e-01
1.500000000000001332e+00 6.930198921115120481e-01 1.401489887188143990e-01
1.510000000000001119e+00 6.968263306078179564e-01 1.384311521931607392e-01
1.520000000000001350e+00 6.998735172289054507e-01 1.379749356960601747e-01
1.530000000000001137e+00 7.036506931434404200e-01 1.370845542432008179e-01
1.540000000000001368e+00 7.063012449813776961e-01 1.373604172899970388e-01
1.550000000000001155e+00 7.093218619434784600e-01 1.362958452754035876e-01
1.560000000000001386e+00 7.129280667787584180e-01 1.349919168933503832e-01
1.570000000000001172e+00 7.158058336392310039e-01 1.347891668911752605e-01
1.580000000000001403e+00 7.191750812108050894e-01 1.333926105557040331e-01
1.590000000000001190e+00 7.218530865216510328e-01 1.333357008715612413e-01
1.600000000000001421e+00 7.246789937728518316e-01 1.327736152904949729e-01
1.610000000000001208e+00 7.274955789277016693e-01 1.320455524236268940e-01
1.620000000000001439e+00 7.301085047988151722e-01 1.311610438330678696e-01
1.630000000000001226e+00 7.325715230839795478e-01 1.307775130705906841e-01
1.640000000000001457e+00 7.359840929060535997e-01 1.294182976556122744e-01
1.650000000000001243e+00 7.384475074212654144e-01 1.288000600248964123e-01
1.660000000000001474e+00 7.413655262603492391e-01 1.276491966213411100e-01
1.670000000000001261e+00 7.437502844974657190e-01 1.273376644149557813e-01
1.680000000000001492e+00 7.464802407912989324e-01 1.265990759943087240e-01
1.690000000000001279e+00 7.485888698024083521e-01 1.268385394123223986e-01
1.700000000000001510e+00 7.511516208603120637e-01 1.255294760164711865e-01
1.710000000000001297e+00 7.535881978563963024e-01 1.247808810449081290e-01
1.720000000000001528e+00 7.563559045792549451e-01 1.238619897977400741e-01
1.730000000000001315e+00 7.590719756901140869e-01 1.222775638554340211e-01
1.740000000000001545e+00 7.614568935280666695e-01 1.218062148383861620e-01
1.750000000000001332e+00 7.638961976540936671e-01 1.206944682059505475e-01
1.760000000000001563e+00 7.661398965554540030e-01 1.201350347600112084e-01
1.770000000000001350e+00 7.685238563604721573e-01 1.195682063748799706e-01
1.780000000000001581e+00 7.708780635869559861e-01 1.186757945111053675e-01
1.790000000000001368e+00 7.730705439506377896e-01 1.182910841386225348e-01
1.800000000000001599e+00 7.751971354056287344e-01 1.178543074544157049e-01
1.810000000000001386e+00 7.777913116701603569e-01 1.166102328470755706e-01
1.820000000000001616e+00 7.800679966678888411e-01 1.158674405579633304e-01
1.830000000000001403e+00 7.819249482393313411e-01 1.156813763845738752e-01
1.840000000000001634e+00 7.842923702802099273e-01 1.143090414326172616e-01
1.850000000000001421e+00 7.862795564580992158e-01 1.136462260813201203e-01
1.860000000000001652e+00 7.883051581019944187e-01 1.128678979368839541e-01
1.870000000000001439e+00 7.899996535808193610e-01 1.126423730578089005e-01
1.880000000000001670e+00 7.922635194443786721e-01 1.112750240217883074e-01
1.890000000000001457e+00 7.939121011830604369e-01 1.109084538638261397e-01
1.900000000000001688e+00 7.956215421706839264e-01 1.106874743499615538e-01
1.910000000000001474e+00 7.975102894628750549e-01 1.101162878778082915e-01
1.920000000000001705e+00 7.996174370375804807e-01 1.088197903064822974e-01
1.930000000000001492e+00 8.015989269046791543e-01 1.078783351366135734e-01
1.940000000000001723e+00 8.036425886869795754e-01 1.064554908415896589e-01
1.950000000000001510e+00 8.056910715100072951e-01 1.055791007379073415e-01
1.960000000000001741e+00 8.074950944803391817e-01 1.047364432091829889e-01
1.970000000000001528e+00 8.093391162862598742e-01 1.038731205884825537e-01
1.980000000000001759e+00 8.111054644341252340e-01 1.028391944337072317e-01
1.990000000000001545e+00 8.125977864431488396e-01 1.027660375802463694e-01
2.000000000000001776e+00 8.143599595233991240e-01 1.018479540934311561e-01
2.010000000000001563e+00 8.161318061918760858e-01 1.011084576340314789e-01
2.020000000000001794e+00 8.179131595963955448e-01 9.997600134600223565e-02
2.030000000000001581e+00 8.192870823837618000e-01 9.975024986664983440e-02
2.040000000000001812e+00 8.208963331235520355e-01 9.894117337747999896e-02
2.050000000000001599e+00 8.225028892958751170e-01 9.815653613575442415e-02
2.060000000000001830e+00 8.241251354716727651e-01 9.741666848127854272e-02
2.070000000000001616e+00 8.257093890804945158e-01 9.673511137629328682e-02
2.080000000000001847e+00 8.273253506309878880e-01 9.565331124667725282e-02
2.090000000000001634e+00 8.286937610376455821e-01 9.535016558283167243e-02
2.100000000000001865e+00 8.300025079740792622e-01 9.515482494498404831e-02
2.110000000000001652e+00 8.315486784644378071e-01 9.430267619321196226e-02
