2.700000000000000178e-01 1.683310354692447164e-01 1.863393163206234979e-02
2.800000000000000266e-01 1.703451341818355835e-01 1.973182668235549247e-02
2.900000000000000355e-01 1.723533321631746662e-01 1.998249099961733194e-02
3.000000000000000444e-01 1.732727324369364441e-01 2.020019558205816967e-02
3.100000000000000533e-01 1.753111763566457537e-01 2.043729537056340750e-02
3.200000000000000622e-01 1.763617449338910625e-01 2.079931059082691658e-02
3.300000000000000711e-01 1.790552686861098253e-01 2.099155008990285023e-02
3.400000000000000799e-01 1.803165231190708151e-01 2.161978574622417520e-02
3.500000000000000888e-01 1.835395691341934477e-01 2.231102853380746709e-02
3.600000000000000977e-01 1.839848608671520447e-01 2.229380571687355345e-02
3.700000000000001066e-01 1.863787882770646109e-01 2.265056155735401672e-02
3.800000000000001155e-01 1.881057218020698307e-01 2.359356357831178183e-02
3.900000000000001243e-01 1.905532238126047273e-01 2.345234366513218593e-02
4.000000000000001332e-01 1.927783393281253255e-01 2.329732611206472223e-02
4.100000000000001421e-01 1.935722144722436255e-01 2.407890483960492198e-02
4.200000000000001510e-01 1.965383788601630655e-01 2.443352846419431096e-02
4.300000000000001599e-01 1.988576833407574573e-01 2.521162048205485146e-02
4.400000000000001688e-01 2.001334886294252879e-01 2.558374963296193919e-02
4.500000000000001776e-01 2.033625037235189115e-01 2.643963162368470274e-02
4.600000000000001865e-01 2.053091775052720558e-01 2.816686578853234632e-02
4.700000000000001954e-01 2.076534925854039981e-01 2.779842320929635374e-02
4.800000000000002043e-01 2.107101767883508558e-01 2.790517283571960355e-02
4.900000000000002132e-01 2.135285971648223091e-01 2.963451607143234925e-02
5.000000000000002220e-01 2.152083358543612768e-01 3.049937759417535588e-02
5.100000000000002309e-01 2.182380937380456187e-01 3.189493465245223786e-02
5.200000000000002398e-01 2.201879806178542731e-01 3.158214934729441231e-02
5.300000000000002487e-01 2.238054506216300699e-01 3.348947849603643029e-02
5.400000000000002576e-01 2.251924110570130144e-01 3.450841098879021268e-02
5.500000000000002665e-01 2.304203434519493110e-01 3.635216537959319594e-02
5.600000000000002753e-01 2.311936212226740894e-01 3.688324935341071725e-02
5.700000000000002842e-01 2.340285010688668288e-01 3.800749083446014476e-02
5.800000000000002931e-01 2.387180090594580584e-01 3.818250429074187408e-02
5.900000000000003020e-01 2.410453038012120019e-01 4.067830090282367750e-02
6.000000000000003109e-01 2.448859672683248168e-01 4.347452171438433849e-02
6.100000000000003197e-01 2.474748365541205031e-01 4.401553130738077024e-02
6.200000000000003286e-01 2.512576530421476440e-01 4.572346828131799296e-02
6.300000000000003375e-01 2.546018623538834902e-01 4.678549603847961119e-02
6.400000000000003464e-01 2.591736507406272594e-01 4.834675042003093448e-02
6.500000000000003553e-01 2.616699705549624944e-01 5.052700627002756212e-02
6.600000000000003642e-01 2.651349537781297894e-01 5.106510612349209749e-02
6.700000000000003730e-01 2.697603735801535896e-01 5.271113020315941478e-02
6.800000000000003819e-01 2.739492306408545241e-01 5.489731201985541958e-02
6.900000000000003908e-01 2.761414536376759488e-01 5.601298321280997333e-02
7.000000000000003997e-01 2.816108343134430259e-01 5.905663928906441928e-02
7.100000000000004086e-01 2.854323330444620277e-01 6.141535410700911524e-02
7.200000000000004174e-01 2.899407805117723558e-01 6.258453454672574523e-02
7.300000000000004263e-01 2.932170039967587072e-01 6.462882207712869476e-02
7.400000000000004352e-01 2.982518490519374676e-01 6.687899139430479589e-02
7.500000000000004441e-01 3.020066826503860491e-01 6.926216248155515898e-02
7.600000000000004530e-01 3.051830193423147874e-01 7.093372859658726715e-02
7.700000000000004619e-01 3.119612524996858705e-01 7.334085809732147909e-02
7.800000000000004707e-01 3.166136235569735891e-01 7.551821840521900919e-02
7.900000000000004796e-01 3.201530073056544357e-01 7.744536066961840715e-02
8.000000000000004885e-01 3.243942464266056924e-01 7.916523349933468623e-02
8.100000000000004974e-01 3.285194977136104422e-01 8.107594342176988045e-02
8.200000000000005063e-01 3.340318915111451514e-01 8.193427368296164748e-02
8.300000000000005151e-01 3.391798739702973076e-01 8.463941042235485768e-02
8.400000000000005240e-01 3.446851356916975084e-01 8.662053878400359508e-02
8.500000000000005329e-01 3.494054064071726029e-01 8.707214852344206946e-02
8.600000000000005418e-01 3.545556506057473412e-01 9.006278725508305716e-02
8.700000000000005507e-01 3.603821221878172887e-01 9.138696898152325054e-02
8.800000000000005596e-01 3.644179284131727203e-01 9.438749687634162555e-02
8.900000000000005684e-01 3.696116027980979601e-01 9.527778057375445309e-02
9.000000000000005773e-01 3.759627242844944539e-01 9.777986314345397945e-02
9.100000000000005862e-01 3.806880082182048652e-01 1.001561181860196187e-01
9.200000000000005951e-01 3.873117494595124111e-01 1.012370930912274286e-01
9.300000000000006040e-01 3.948516748905051554e-01 1.035417028104251014e-01
9.400000000000006128e-01 3.979633395266541918e-01 1.062834436213394712e-01
9.500000000000006217e-01 4.051524330432327847e-01 1.088426624172291746e-01
9.600000000000006306e-01 4.111621914666359068e-01 1.111450711560195981e-01
9.700000000000006395e-01 4.175206991844218063e-01 1.127563918707875923e-01
9.800000000000006484e-01 4.234012823855288210e-01 1.149737394587060924e-01
9.900000000000006573e-01 4.302235512324372180e-01 1.172982603513117172e-01
1.000000000000000666e+00 4.347991406056817554e-01 1.200910902007029935e-01
1.010000000000000675e+00 4.422294217958607776e-01 1.202880308104037621e-01
1.020000000000000684e+00 4.497024624499317280e-01 1.221397512683164155e-01
1.030000000000000693e+00 4.559559284314854688e-01 1.247414791995573868e-01
1.040000000000000702e+00 4.618127707603557064e-01 1.257867302416575683e-01
1.050000000000000711e+00 4.670984629186646919e-01 1.273472253785121744e-01
1.060000000000000719e+00 4.736874542390406839e-01 1.302991620053453037e-01
1.070000000000000728e+00 4.804629971791699039e-01 1.300247798921546627e-01
1.080000000000000737e+00 4.856275715427954554e-01 1.315102280063223383e-01
1.090000000000000746e+00 4.904936864391096774e-01 1.325376739776561730e-01
1.100000000000000755e+00 4.970152736599643961e-01 1.334505409962128408e-01
1.110000000000000764e+00 5.028122695519133822e-01 1.346675493926456912e-01
1.120000000000000773e+00 5.082939369428626231e-01 1.356442990568133833e-01
1.130000000000000782e+00 5.142326653011338733e-01 1.369405415140280136e-01
1.140000000000000790e+00 5.200200324318491329e-01 1.376600911002518468e-01
1.150000000000000799e+00 5.259691887575255187e-01 1.375073565084288796e-01
1.160000000000000808e+00 5.324081331255399174e-01 1.392715691606672135e-01
1.170000000000000817e+00 5.379511332820783309e-01 1.407311010451684774e-01
1.180000000000000826e+00 5.438527464467673989e-01 1.411147791928375472e-01
1.190000000000000835e+00 5.493786006207644901e-01 1.420716538325470513e-01
1.200000000000000844e+00 5.548244960075493504e-01 1.437517193869502496e-01
1.210000000000000853e+00 5.615200360583109118e-01 1.433319466513537366e-01
1.220000000000000862e+00 5.668298708525839613e-01 1.446596885698782364e-01
1.230000000000000870e+00 5.726936960404895860e-01 1.445208241197849519e-01
1.240000000000000879e+00 5.790856037752913910e-01 1.443460010056099030e-01
1.250000000000000888e+00 5.844051979250211026e-01 1.445534498761504305e-01
1.260000000000000897e+00 5.893252892680016508e-01 1.447605147807056458e-01
1.270000000000000906e+00 5.945956769309279633e-01 1.447730922166933776e-01
1.280000000000000915e+00 5.999791374686621603e-01 1.445827811593334566e-01
1.290000000000000924e+00 6.049779546501311556e-01 1.456425127947200138e-01
1.300000000000000933e+00 6.103174146957424107e-01 1.449083537338160532e-01
1.310000000000000941e+00 6.154671635575920119e-01 1.456375063912729029e-01
1.320000000000000950e+00 6.216798015041565817e-01 1.447235433637573121e-01
1.330000000000000959e+00 6.257805621343071056e-01 1.448037875556611176e-01
1.340000000000000968e+00 6.306230085173631927e-01 1.448412500157685301e-01
1.350000000000000977e+00 6.357862678426008385e-01 1.447731241285894477e-01
1.360000000000000986e+00 6.410527437456657873e-01 1.447023193385373330e-01
1.370000000000000995e+00 6.462313369893903925e-01 1.442342281742064192e-01
1.380000000000001004e+00 6.511853911700855591e-01 1.440420550757356977e-01
1.390000000000001013e+00 6.554054653730644331e-01 1.440564184326502128e-01
1.400000000000001021e+00 6.597313224878418314e-01 1.439798550558962220e-01
1.410000000000001030e+00 6.652713515639522290e-01 1.420515484264394390e-01
1.420000000000001039e+00 6.690803398392658474e-01 1.428086985863477321e-01
1.430000000000001048e+00 6.736057838583591195e-01 1.418362214157661005e-01
1.440000000000001057e+00 6.779861504912949588e-01 1.410078970561055578e-01
1.450000000000001066e+00 6.830152797838199286e-01 1.397574982253679821e-01
1.460000000000001075e+00 6.874006335107718524e-01 1.388625479868403623e-01
1.470000000000001084e+00 6.918021690226749953e-01 1.384486275614618400e-01
1.480000000000001092e+00 6.958157852537151244e-01 1.379159847444842990e-01
1.490000000000001101e+00 6.997737642308807793e-01 1.364054089504246614e-01
1.500000000000001110e+00 7.037960992041357722e-01 1.360645564085960491e-01
1.510000000000001119e+00 7.077133576000221860e-01 1.352554056974293040e-01
1.520000000000001128e+00 7.112366578341837720e-01 1.350533142545012055e-01
1.530000000000001137e+00 7.149898109286993986e-01 1.342089080343124574e-01
1.540000000000001146e+00 7.188831003603768366e-01 1.330584683444703820e-01
1.550000000000001155e+00 7.218217493988007272e-01 1.333343881196288050e-01
1.560000000000001164e+00 7.254722993640314588e-01 1.320251102326453485e-01
1.570000000000001172e+00 7.292295710659192354e-01 1.314883513222825095e-01
1.580000000000001181e+00 7.327660417534229698e-01 1.305254880120568506e-01
1.590000000000001190e+00 7.374115318079905723e-01 1.285256014985555195e-01
1.600000000000001199e+00 7.412691857745689061e-01 1.280435495230282106e-01
1.610000000000001208e+00 7.452375692357418036e-01 1.257623562849902454e-01
1.620000000000001217e+00 7.490417452271491694e-01 1.246783329593932760e-01
1.630000000000001226e+00 7.516015249870602322e-01 1.250264642946594118e-01
1.640000000000001235e+00 7.555440110642588358e-01 1.231972804153031453e-01
1.650000000000001243e+00 7.583306262110752760e-01 1.229570483023985500e-01
1.660000000000001252e+00 7.615256142827968588e-01 1.217446314006575686e-01
1.670000000000001261e+00 7.641054115069609853e-01 1.214577517879597973e-01
1.680000000000001270e+00 7.671757386931649103e-01 1.205140945368008143e-01
1.690000000000001279e+00 7.703446225010006643e-01 1.190213063115592440e-01
1.700000000000001288e+00 7.733791635529156938e-01 1.181420636566307691e-01
1.710000000000001297e+00 7.763921186905553551e-01 1.169997177537838301e-01
1.720000000000001306e+00 7.791977447113290767e-01 1.159430655558807838e-01
1.730000000000001315e+00 7.816988642399625986e-01 1.155602886963159881e-01
1.740000000000001323e+00 7.842144661402065120e-01 1.152902715397192829e-01
1.750000000000001332e+00 7.873786512020263251e-01 1.132332258802495190e-01
1.760000000000001341e+00 7.902977405558646584e-01 1.115006369474900449e-01
1.770000000000001350e+00 7.927304232434743136e-01 1.106903652254356829e-01
1.780000000000001359e+00 7.952058866504019274e-01 1.100816999491890658e-01
1.790000000000001368e+00 7.975045911525409092e-01 1.098140140135940579e-01
1.800000000000001377e+00 8.000508189770925149e-01 1.083985195665738144e-01
1.810000000000001386e+00 8.026785994962455373e-01 1.067884424155375461e-01
1.820000000000001394e+00 8.052792363386259700e-01 1.051277590469898993e-01
1.830000000000001403e+00 8.075493023542522630e-01 1.041514247824826545e-01
1.840000000000001412e+00 8.096308918693700951e-01 1.035794060630970542e-01
1.850000000000001421e+00 8.118983694953783026e-01 1.025605177585854066e-01
1.860000000000001430e+00 8.142900631585051618e-01 1.011956357068940771e-01
1.870000000000001439e+00 8.163273392730063804e-01 1.005462049216063886e-01
1.880000000000001448e+00 8.184674170803909465e-01 9.940177458994037263e-02
1.890000000000001457e+00 8.205547659776942782e-01 9.849041797795818343e-02
1.900000000000001465e+00 8.223824358075529917e-01 9.770801966817492523e-02
1.910000000000001474e+00 8.243756576240865996e-01 9.688060124763739345e-02
1.920000000000001483e+00 8.262525357052318276e-01 9.607034929343018226e-02
1.930000000000001492e+00 8.282381925854505056e-01 9.495354052498578001e-02
1.940000000000001501e+00 8.300612281369214029e-01 9.418293064740171361e-02
1.950000000000001510e+00 8.318446461510075052e-01 9.335606702885930475e-02
1.960000000000001519e+00 8.337974729081653047e-01 9.211884245486408329e-02
1.970000000000001528e+00 8.357953369505135566e-01 9.063114253042707513e-02
1.980000000000001537e+00 8.375971430347389779e-01 8.947670570287995229e-02
1.990000000000001545e+00 8.392969167302750666e-01 8.860186052109765564e-02
2.000000000000001776e+00 8.408738693772314088e-01 8.814392955172256627e-02
2.010000000000001563e+00 8.424896289693550866e-01 8.743728908642224573e-02
2.020000000000001350e+00 8.442442601578639128e-01 8.618671159145165073e-02
2.030000000000001581e+00 8.458867901379023557e-01 8.513301377246791646e-02
2.040000000000001812e+00 8.474926544468881495e-01 8.423053444053299477e-02
2.050000000000001599e+00 8.488621168617328516e-01 8.409662650077313895e-02
2.060000000000001386e+00 8.503111871369896102e-01 8.342070755326615183e-02
2.070000000000001616e+00 8.517774966842799333e-01 8.259200385642084807e-02
2.080000000000001847e+00 8.531242921296005033e-01 8.225165497439859696e-02
2.090000000000001634e+00 8.545498257194077407e-01 8.157359060800684070e-02
2.100000000000001421e+00 8.560528170996201114e-01 8.054906957410580548e-02
2.110000000000001652e+00 8.572600822662438391e-01 8.031224938516064171e-02
2.120000000000001883e+00 8.587803005918493993e-01 7.914953595548353260e-02
2.130000000000001670e+00 8.601158679544905761e-01 7.851124262908597273e-02
2.140000000000001457e+00 8.616175076357648344e-01 7.721835143397176582e-02
2.150000000000001688e+00 8.630286247027783020e-01 7.647978433565891243e-02
2.160000000000001918e+00 8.643922448734774333e-01 7.563934770276894981e-02
2.170000000000001705e+00 8.656237236822175163e-01 7.505795419666295987e-02
2.180000000000001492e+00 8.669493079886437803e-01 7.408082772154341022e-02
2.190000000000001723e+00 8.683035498470529356e-01 7.310415630925205799e-02
2.200000000000001954e+00 8.697107100016459036e-01 7.176190563434303726e-02
2.210000000000001741e+00 8.709124691468942414e-01 7.106511679829151384e-02
2.220000000000001528e+00 8.722875953530297988e-01 6.969455029808141466e-02
2.230000000000001759e+00 8.735731703840832196e-01 6.869964775945665292e-02
2.240000000000001990e+00 8.747560647746099871e-01 6.817863756118683338e-02
2.250000000000001776e+00 8.760437193400383293e-01 6.700548000091657852e-02
2.260000000000001563e+00 8.773253765356802125e-01 6.591674026537998332e-02
