1.499999999999999944e-01 8.362292656570156912e-02 7.618159304292580931e-03
1.600000000000000033e-01 8.411735384185432818e-02 7.221746474526425340e-03
1.700000000000000122e-01 8.528646828372786481e-02 7.770158668004137348e-03
1.800000000000000211e-01 8.626394308603531347e-02 7.933022051629873631e-03
1.900000000000000300e-01 8.720519832251447112e-02 8.098741077585774190e-03
2.000000000000000389e-01 8.836418861708449091e-02 8.149643817396244258e-03
2.100000000000000477e-01 8.885977890503049537e-02 8.383347664494309598e-03
2.200000000000000566e-01 9.036286719618667751e-02 8.474701902113392082e-03
2.300000000000000655e-01 9.097967565828167513e-02 8.692599223019219917e-03
2.400000000000000744e-01 9.235860347517577118e-02 8.895366704107109460e-03
2.500000000000001110e-01 9.316693967531591847e-02 9.045192788990264257e-03
2.600000000000001199e-01 9.422482478381645488e-02 9.245323515717379995e-03
2.700000000000001288e-01 9.565792804263488491e-02 9.519509168318949707e-03
2.800000000000001377e-01 9.703088432075422654e-02 9.430321124792371071e-03
2.900000000000001465e-01 9.735879217224620297e-02 9.692807957424266069e-03
3.000000000000001554e-01 9.840682266635997211e-02 9.948789766043420954e-03
3.100000000000001643e-01 1.000621610081757207e-01 1.028811380620230607e-02
3.200000000000001732e-01 1.008168184190340877e-01 1.005642223471234047e-02
3.300000000000001821e-01 1.022585973577186530e-01 1.080116300825000215e-02
3.400000000000001910e-01 1.032229323581804470e-01 1.109269958069161906e-02
3.500000000000001998e-01 1.045581152211203235e-01 1.112108944480597744e-02
3.600000000000002087e-01 1.064969531176048062e-01 1.152841521653477121e-02
3.700000000000002176e-01 1.069410273216378215e-01 1.175551415737543723e-02
3.800000000000002265e-01 1.092077798004373740e-01 1.232530310102570963e-02
3.900000000000002354e-01 1.101709149526017423e-01 1.266239573479126419e-02
4.000000000000002442e-01 1.115069281309798849e-01 1.252419819781638334e-02
4.100000000000002531e-01 1.129825808139275911e-01 1.311144933680032966e-02
4.200000000000002620e-01 1.141223289054088125e-01 1.330165085076617792e-02
4.300000000000002709e-01 1.156812642816985592e-01 1.324142273356616537e-02
4.400000000000002798e-01 1.176821276657973731e-01 1.429063756499977626e-02
4.500000000000002887e-01 1.188669591305029638e-01 1.410974684872700474e-02
4.600000000000002975e-01 1.202934281454061810e-01 1.583739417205489233e-02
4.700000000000003064e-01 1.226213809684248007e-01 1.530404904617489563e-02
4.800000000000003153e-01 1.238981346624287994e-01 1.559035429007497170e-02
4.900000000000003242e-01 1.257601632289490068e-01 1.610281850721641261e-02
5.000000000000003331e-01 1.271406761869528501e-01 1.777735278749281722e-02
5.100000000000003419e-01 1.291669123957397691e-01 1.707274227263336913e-02
5.200000000000003508e-01 1.307067783252727489e-01 1.814398892527008256e-02
5.300000000000003597e-01 1.331909903247412430e-01 1.826016655765771990e-02
5.400000000000003686e-01 1.344244948052264466e-01 1.952282414661643539e-02
5.500000000000003775e-01 1.370073735630810419e-01 1.977456679222370714e-02
5.600000000000003864e-01 1.381691820064033793e-01 2.026576763698004907e-02
5.700000000000003952e-01 1.405833410388587779e-01 2.032474431203041068e-02
5.800000000000004041e-01 1.432617178327639240e-01 2.147432193126315447e-02
5.900000000000004130e-01 1.455877984510350609e-01 2.244965630431284068e-02
6.000000000000004219e-01 1.477495033711560268e-01 2.328664555990335450e-02
6.100000000000004308e-01 1.501474605331820089e-01 2.445349660875981157e-02
6.200000000000004396e-01 1.526855201353632951e-01 2.456766610852021554e-02
6.300000000000004485e-01 1.553558094107196641e-01 2.619687972930477907e-02
6.400000000000004574e-01 1.578412308207422510e-01 2.646720037982228796e-02
6.500000000000004663e-01 1.596970767991424123e-01 2.738922661886007345e-02
6.600000000000004752e-01 1.623769183294214435e-01 2.869590217880920238e-02
6.700000000000004841e-01 1.647666175044053827e-01 2.924622931302535769e-02
6.800000000000004929e-01 1.674385115389657452e-01 3.060467893290308092e-02
6.900000000000005018e-01 1.713883415152465117e-01 3.089442741956550942e-02
7.000000000000005107e-01 1.730060164562966518e-01 3.120840837336109549e-02
7.100000000000005196e-01 1.765160713148849203e-01 3.341370021932424383e-02
7.200000000000005285e-01 1.798538178333886073e-01 3.521419270624796816e-02
7.300000000000005373e-01 1.830870722885399593e-01 3.811056230714171544e-02
7.400000000000005462e-01 1.867017405561647303e-01 3.818157220818835240e-02
7.500000000000005551e-01 1.895476160489449613e-01 3.999326933641511594e-02
7.600000000000005640e-01 1.928600498428930110e-01 4.224549137326900211e-02
7.700000000000005729e-01 1.967740325813671365e-01 4.255522236863432811e-02
7.800000000000005818e-01 2.002684524268029675e-01 4.540466076534244166e-02
7.900000000000005906e-01 2.032549801795909827e-01 4.617818811887580699e-02
8.000000000000005995e-01 2.083846008540975736e-01 4.843394860542792751e-02
8.100000000000006084e-01 2.120226855770917240e-01 4.978058384215022086e-02
8.200000000000006173e-01 2.171273156814782501e-01 5.331460368103756176e-02
8.300000000000006262e-01 2.210222124769346819e-01 5.696067000012373926e-02
8.400000000000006350e-01 2.255970010786042257e-01 5.580318462357870823e-02
8.500000000000006439e-01 2.291168682734383011e-01 5.956256520766512602e-02
8.600000000000006528e-01 2.345945240829037937e-01 6.105819403623295727e-02
8.700000000000006617e-01 2.387680621788095259e-01 6.388735053568990463e-02
8.800000000000006706e-01 2.425047074484654730e-01 6.561940476936246880e-02
8.900000000000006795e-01 2.488608771367939732e-01 6.734685514291711972e-02
9.000000000000006883e-01 2.524010644890892774e-01 6.998142029213909321e-02
9.100000000000006972e-01 2.570229963719849464e-01 7.142285904054404555e-02
9.200000000000007061e-01 2.645590968728476766e-01 7.347370309523970633e-02
9.300000000000007150e-01 2.683415162445714208e-01 7.550075277429911524e-02
9.400000000000007239e-01 2.747523703719749189e-01 7.925426177067161626e-02
9.500000000000007327e-01 2.794343918964742879e-01 8.178920419585115897e-02
9.600000000000007416e-01 2.855770038456519333e-01 8.349185611109258276e-02
9.700000000000007505e-01 2.919827696436899656e-01 8.555684654207575124e-02
9.800000000000007594e-01 2.977076867533518523e-01 8.846269630069167333e-02
9.900000000000007683e-01 3.053687246500648156e-01 8.995661111556478573e-02
1.000000000000000666e+00 3.104160266024783010e-01 9.187436310395011296e-02
1.010000000000000675e+00 3.175113678133986150e-01 9.491317998052684057e-02
1.020000000000000684e+00 3.237790576095612716e-01 9.673490169232384916e-02
1.030000000000000693e+00 3.289478930026508707e-01 9.849256951872778498e-02
1.040000000000000702e+00 3.367692332361759133e-01 1.018148673127382969e-01
1.050000000000000711e+00 3.441550436433102877e-01 1.039480556126939764e-01
1.060000000000000719e+00 3.516316316003673115e-01 1.055366246690125215e-01
1.070000000000000728e+00 3.576692006802488777e-01 1.076470892688860259e-01
1.080000000000000737e+00 3.650620422803811937e-01 1.105680418505331081e-01
1.090000000000000746e+00 3.721632639387685848e-01 1.130433384027442201e-01
1.100000000000000755e+00 3.788893273792932059e-01 1.142135364944535242e-01
1.110000000000000764e+00 3.862113430935610325e-01 1.161369784048974924e-01
1.120000000000000773e+00 3.929311351756120674e-01 1.173375925890504656e-01
1.130000000000000782e+00 4.006668685534083285e-01 1.192949785886367603e-01
1.140000000000000790e+00 4.067683930758579369e-01 1.208154746237024013e-01
1.150000000000000799e+00 4.165606743219008035e-01 1.218235153646388957e-01
1.160000000000000808e+00 4.230006395276062481e-01 1.233739621912793849e-01
1.170000000000000817e+00 4.321841490888256865e-01 1.242786126646361899e-01
1.180000000000000826e+00 4.383534940407505243e-01 1.263532407817600511e-01
1.190000000000000835e+00 4.467542255637863002e-01 1.266892224855164228e-01
1.200000000000000844e+00 4.527113661768543129e-01 1.278004290369262885e-01
1.210000000000000853e+00 4.616327284767726691e-01 1.283408494977766601e-01
1.220000000000000862e+00 4.685537118351815189e-01 1.293952196871553106e-01
1.230000000000000870e+00 4.767654659574491194e-01 1.286509149324834289e-01
1.240000000000000879e+00 4.836857985481305966e-01 1.295051167738795750e-01
1.250000000000000888e+00 4.913447398761887630e-01 1.304378938142372879e-01
1.260000000000000897e+00 4.980279776743068432e-01 1.315548283084477799e-01
1.270000000000000906e+00 5.056601875151280900e-01 1.323052360005435579e-01
1.280000000000000915e+00 5.135826233993572298e-01 1.323377650221407853e-01
1.290000000000000924e+00 5.204187727961776533e-01 1.328386169032513275e-01
1.300000000000000933e+00 5.277094617661386433e-01 1.328592815759831736e-01
1.310000000000000941e+00 5.342174278822990896e-01 1.338746516624984284e-01
1.320000000000000950e+00 5.415657744386476180e-01 1.343987412611838406e-01
1.330000000000000959e+00 5.487074069621813432e-01 1.334112058395520162e-01
1.340000000000000968e+00 5.560387402675069923e-01 1.322471473129104014e-01
1.350000000000000977e+00 5.616890093363816616e-01 1.332525342130459478e-01
1.360000000000000986e+00 5.684632964254519027e-01 1.334350596316561943e-01
1.370000000000000995e+00 5.759384313875330896e-01 1.323513712975452339e-01
1.380000000000001004e+00 5.811451661402650126e-01 1.331535606364429025e-01
1.390000000000001013e+00 5.885494578813597055e-01 1.315232985251270637e-01
1.400000000000001021e+00 5.948910301515115684e-01 1.298371575889649965e-01
1.410000000000001030e+00 6.011159013736688816e-01 1.301716016079042804e-01
1.420000000000001039e+00 6.080899678266133979e-01 1.286516308840097988e-01
1.430000000000001048e+00 6.137785053099291677e-01 1.284889309442707461e-01
1.440000000000001057e+00 6.205162501219390059e-01 1.267823082804734047e-01
1.450000000000001066e+00 6.271835536104484188e-01 1.240859692328420832e-01
1.460000000000001075e+00 6.329147288348282441e-01 1.229131339426391412e-01
1.470000000000001084e+00 6.374481925729925669e-01 1.240477817473032152e-01
1.480000000000001092e+00 6.435504391849935502e-01 1.225540984426335828e-01
1.490000000000001101e+00 6.489381577986501615e-01 1.214631400632063263e-01
1.500000000000001110e+00 6.550865570095883994e-01 1.203894435788393086e-01
1.510000000000001119e+00 6.602583882119996694e-01 1.185343036766706298e-01
1.520000000000001128e+00 6.657908824560767602e-01 1.168909887677326981e-01
1.530000000000001137e+00 6.709154300657833581e-01 1.149723572415621425e-01
1.540000000000001146e+00 6.756048819339455225e-01 1.143068220550605002e-01
1.550000000000001155e+00 6.803774124745515239e-01 1.125087775664500717e-01
1.560000000000001164e+00 6.856187727116156427e-01 1.112887870428468928e-01
1.570000000000001172e+00 6.898302707137836665e-01 1.108897401463727200e-01
1.580000000000001181e+00 6.947970506248321021e-01 1.083754528680557216e-01
1.590000000000001190e+00 6.998859932113893345e-01 1.067557244541224443e-01
1.600000000000001199e+00 7.046059315315436056e-01 1.050644657604276055e-01
1.610000000000001208e+00 7.092279056319142905e-01 1.031265572321255763e-01
1.620000000000001217e+00 7.130312512675904824e-01 1.025393126768116558e-01
1.630000000000001226e+00 7.168107931026288515e-01 1.020636228382711952e-01
1.640000000000001235e+00 7.214209042226008561e-01 9.921776756781131024e-02
1.650000000000001243e+00 7.253231385819769450e-01 9.802217730912289595e-02
1.660000000000001252e+00 7.292772121400293850e-01 9.583469559302101870e-02
1.670000000000001261e+00 7.328023102180322157e-01 9.536012420835274228e-02
1.680000000000001270e+00 7.371925289140209836e-01 9.252626223688853457e-02
1.690000000000001279e+00 7.409078442804863940e-01 9.098301396568281296e-02
1.700000000000001288e+00 7.442731047457034066e-01 9.004691808865014635e-02
1.710000000000001297e+00 7.485363216415920062e-01 8.711623175532447194e-02
1.720000000000001306e+00 7.520399132864397096e-01 8.569015817554884173e-02
1.730000000000001315e+00 7.556317234867462318e-01 8.356988718178057218e-02
1.740000000000001323e+00 7.584537641826374355e-01 8.386508111490736939e-02
1.750000000000001332e+00 7.621262189939952414e-01 8.156318171173490561e-02
1.760000000000001341e+00 7.657570703071413520e-01 7.882522897987311039e-02
1.770000000000001350e+00 7.690368080715986876e-01 7.753077875076747061e-02
1.780000000000001359e+00 7.722077468907700970e-01 7.593971782288712336e-02
1.790000000000001368e+00 7.752473943068355355e-01 7.469043696041595404e-02
1.800000000000001377e+00 7.784826492030448852e-01 7.292610210815415883e-02
1.810000000000001386e+00 7.814274826814587849e-01 7.167165197473876481e-02
1.820000000000001394e+00 7.842326200607400155e-01 7.037439437813304555e-02
1.830000000000001403e+00 7.866373531130501640e-01 7.024959109979714289e-02
1.840000000000001412e+00 7.896928632729838249e-01 6.817045064817109368e-02
1.850000000000001421e+00 7.922478790921683167e-01 6.790319238630557197e-02
1.860000000000001430e+00 7.950212688776366887e-01 6.612863479342942497e-02
1.870000000000001439e+00 7.974099870839228554e-01 6.518753222443784967e-02
1.880000000000001448e+00 7.998318070072046870e-01 6.465356965012741819e-02
1.890000000000001457e+00 8.021383066854608224e-01 6.370161412237822229e-02
1.900000000000001465e+00 8.045486524013217844e-01 6.273074314268180240e-02
1.910000000000001474e+00 8.068296502502928513e-01 6.164954363053242598e-02
1.920000000000001483e+00 8.089525797983715405e-01 6.107031922913777611e-02
1.930000000000001492e+00 8.111654005363639897e-01 6.004011245705807159e-02
1.940000000000001501e+00 8.133950161448569860e-01 5.893545888964132201e-02
1.950000000000001510e+00 8.154623114034927900e-01 5.818001925774833605e-02
1.960000000000001519e+00 8.174252472694576444e-01 5.764300194524831639e-02
1.970000000000001528e+00 8.195810994456832477e-01 5.650460079441402272e-02
1.980000000000001537e+00 8.214619366966753322e-01 5.627493037293428146e-02
1.990000000000001545e+00 8.234495439408364703e-01 5.529782929009942338e-02
2.000000000000001776e+00 8.254172743950074498e-01 5.431162125836904581e-02
2.010000000000001563e+00 8.273998823157380222e-01 5.357328895112156014e-02
2.020000000000001794e+00 8.292606146626609886e-01 5.298860541746992781e-02
2.030000000000001581e+00 8.311112636583424251e-01 5.254003826253040438e-02
2.040000000000001812e+00 8.328657128225618322e-01 5.162592173474160606e-02
2.050000000000001599e+00 8.344859071552623853e-01 5.141882857579821442e-02
2.060000000000001830e+00 8.364078025320993426e-01 5.015047575911635303e-02
2.070000000000001616e+00 8.380099450473151856e-01 4.986749428528470390e-02
2.080000000000001847e+00 8.396816724866228432e-01 4.922810222350905429e-02
2.090000000000001634e+00 8.413903274672714927e-01 4.827363828795282891e-02
2.100000000000001865e+00 8.429880457200233934e-01 4.760202192914877312e-02
2.110000000000001652e+00 8.447204562417024443e-01 4.667323334261760243e-02
2.120000000000001883e+00 8.462104664015780431e-01 4.639443667361320411e-02
2.130000000000001670e+00 8.478672088680576646e-01 4.528305686774471150e-02
2.140000000000001901e+00 8.494058912216139179e-01 4.463117315306348171e-02
