2.700000000000000178e-01 4.211167009924597637e-02 3.208076519130170952e-03
2.800000000000000266e-01 4.266694220130518023e-02 3.375933967044404856e-03
2.900000000000000355e-01 4.277651115860195419e-02 3.096025215034522819e-03
3.000000000000000444e-01 4.297068876358449419e-02 3.094493406797226356e-03
3.100000000000000533e-01 4.365570776399750608e-02 3.322935932910607657e-03
3.200000000000000622e-01 4.425719036725624805e-02 3.346063159604130942e-03
3.300000000000000711e-01 4.465860492812059185e-02 3.699443768869182907e-03
3.400000000000000799e-01 4.458363056373530059e-02 3.400242413869893152e-03
3.500000000000000888e-01 4.539193573244468261e-02 3.544596220239743228e-03
3.600000000000000977e-01 4.562385490788078285e-02 3.398527553621739743e-03
3.700000000000001066e-01 4.649289618551577519e-02 3.657038894601284586e-03
3.800000000000001155e-01 4.649584990295648618e-02 3.598814737726017954e-03
3.900000000000001243e-01 4.713870784002474612e-02 3.799628499632220786e-03
4.000000000000001332e-01 4.765347962038755936e-02 3.663564025822464189e-03
4.100000000000001421e-01 4.836761160787528963e-02 3.824644999736996186e-03
4.200000000000001510e-01 4.896235451495120627e-02 3.947880503317707790e-03
4.300000000000001599e-01 4.937370164661766814e-02 3.972304531042882697e-03
4.400000000000001688e-01 4.984635145004771145e-02 3.830969281714359347e-03
4.500000000000001776e-01 5.049158875222163612e-02 4.378371376720910368e-03
4.600000000000001865e-01 5.133164693843930010e-02 4.556000839714253146e-03
4.700000000000001954e-01 5.195786202436589174e-02 3.853565815200296358e-03
4.800000000000002043e-01 5.230090873924746198e-02 4.266663325416347047e-03
4.900000000000002132e-01 5.234442902541395354e-02 4.412652445739693834e-03
5.000000000000002220e-01 5.344085346155848237e-02 4.710392645788611700e-03
5.100000000000002309e-01 5.419981966941109924e-02 4.992458351141217630e-03
5.200000000000002398e-01 5.480691939723354722e-02 4.863066945619959162e-03
5.300000000000002487e-01 5.531107378428015003e-02 4.798358886760467103e-03
5.400000000000002576e-01 5.593236100245283643e-02 5.295637881536732240e-03
5.500000000000002665e-01 5.707614511982438132e-02 5.164572131220216203e-03
5.600000000000002753e-01 5.748991816405446542e-02 5.302800540296448081e-03
5.700000000000002842e-01 5.826165809309484522e-02 5.284881415372871469e-03
5.800000000000002931e-01 5.915351648162092690e-02 5.594537975713880472e-03
5.900000000000003020e-01 5.993696844571876764e-02 5.316400456356245967e-03
6.000000000000003109e-01 6.084091115022836199e-02 5.719450464933952503e-03
6.100000000000003197e-01 6.192888074560067707e-02 6.030981725976081696e-03
6.200000000000003286e-01 6.290824104144079887e-02 5.914549843283448127e-03
6.300000000000003375e-01 6.261467857872921039e-02 5.937932863293719429e-03
6.400000000000003464e-01 6.373901991333413841e-02 6.367331502935679594e-03
6.500000000000003553e-01 6.539602118228170224e-02 6.412881044141813952e-03
6.600000000000003642e-01 6.533410108508566627e-02 6.490665084925236611e-03
6.700000000000003730e-01 6.735039925741834188e-02 6.372422474656831183e-03
6.800000000000003819e-01 6.818181137045010998e-02 7.084574648006818944e-03
6.900000000000003908e-01 6.861656168553233182e-02 6.960447995795492754e-03
7.000000000000003997e-01 7.028417334128821137e-02 7.791789430003893957e-03
7.100000000000004086e-01 7.105485590462176648e-02 7.365640386280320785e-03
7.200000000000004174e-01 7.241311555527073229e-02 8.119267500264738813e-03
7.300000000000004263e-01 7.403545870441136101e-02 8.537428465183523330e-03
7.400000000000004352e-01 7.512986683773660579e-02 8.555992183423434538e-03
7.500000000000004441e-01 7.580454590904243950e-02 8.791083477767851206e-03
7.600000000000004530e-01 7.738297113656326942e-02 8.507781213405262929e-03
7.700000000000004619e-01 7.780923577045729955e-02 9.864237362503336035e-03
7.800000000000004707e-01 7.946394667506320730e-02 8.715853048599373626e-03
7.900000000000004796e-01 8.134612737086477363e-02 9.704858376309268703e-03
8.000000000000004885e-01 8.271718897798097103e-02 9.556836946006671413e-03
8.100000000000004974e-01 8.390635229583444377e-02 1.003769494748458536e-02
8.200000000000005063e-01 8.626764901701552968e-02 1.053982687706492283e-02
8.300000000000005151e-01 8.669859215066143265e-02 1.122881708663440135e-02
8.400000000000005240e-01 8.885544239438637748e-02 1.140055367232510782e-02
8.500000000000005329e-01 9.056050366912477001e-02 1.276284961811791248e-02
8.600000000000005418e-01 9.209778077234850868e-02 1.207429951718351664e-02
8.700000000000005507e-01 9.483957908623334709e-02 1.331311759622440076e-02
8.800000000000005596e-01 9.548384184963562560e-02 1.475794343769337887e-02
8.900000000000005684e-01 9.824593045972268568e-02 1.486688769392438894e-02
9.000000000000005773e-01 9.976508863063457411e-02 1.528395954337741745e-02
9.100000000000005862e-01 1.027218013486456694e-01 1.635646412423241020e-02
9.200000000000005951e-01 1.049686719310012756e-01 1.736314761953753130e-02
9.300000000000006040e-01 1.073948175775083780e-01 1.806932669743259098e-02
9.400000000000006128e-01 1.092360457094283532e-01 1.801668784547627924e-02
9.500000000000006217e-01 1.123864618237385843e-01 2.097583372464342094e-02
9.600000000000006306e-01 1.158335181241364892e-01 2.249092477263075346e-02
9.700000000000006395e-01 1.173338185367637926e-01 2.401410879566373904e-02
9.800000000000006484e-01 1.216365691763803408e-01 2.200550301579905568e-02
9.900000000000006573e-01 1.250149134367065373e-01 2.630636627542453851e-02
1.000000000000000666e+00 1.284779195015178788e-01 2.877874425704370770e-02
1.010000000000000675e+00 1.324110854576623364e-01 3.051794524579671403e-02
1.020000000000000684e+00 1.342183383623591075e-01 3.002064818621674389e-02
1.030000000000000693e+00 1.371202498743543385e-01 3.271080852340903927e-02
1.040000000000000702e+00 1.413385639977119690e-01 3.416670195265998633e-02
1.050000000000000711e+00 1.456105626854937163e-01 3.569162413973864245e-02
1.060000000000000719e+00 1.504227880048928379e-01 3.948164393046441067e-02
1.070000000000000728e+00 1.551262594352657009e-01 4.101149999319713552e-02
1.080000000000000737e+00 1.572994604291955423e-01 4.121348337756863822e-02
1.090000000000000746e+00 1.653912467139137532e-01 4.341136986358295341e-02
1.100000000000000755e+00 1.706870222422603445e-01 4.685729908032831154e-02
1.110000000000000764e+00 1.761540942129693754e-01 4.881387712334386841e-02
1.120000000000000773e+00 1.815440615785338108e-01 5.345612374117388044e-02
1.130000000000000782e+00 1.871519982687759875e-01 5.574494316209260836e-02
1.140000000000000790e+00 1.953008727325286353e-01 5.764096806875412121e-02
1.150000000000000799e+00 2.013133829972744981e-01 6.168946359009207236e-02
1.160000000000000808e+00 2.082466016406054610e-01 6.684369984904472983e-02
1.170000000000000817e+00 2.187969935997509663e-01 7.033377333964004052e-02
1.180000000000000826e+00 2.223355256778373201e-01 7.234184539852171747e-02
1.190000000000000835e+00 2.346100745564824175e-01 7.670246024122957806e-02
1.200000000000000844e+00 2.390356697404742714e-01 8.047331590671032153e-02
1.210000000000000853e+00 2.509080861448703681e-01 8.426348624284923927e-02
1.220000000000000862e+00 2.587107927996514234e-01 8.797270661562367478e-02
1.230000000000000870e+00 2.713964374115397371e-01 8.856137000920850932e-02
1.240000000000000879e+00 2.799016516154149703e-01 9.165324018422028873e-02
1.250000000000000888e+00 2.886834650759930176e-01 9.428518829367905918e-02
1.260000000000000897e+00 2.994609164131178392e-01 9.747615672997338165e-02
1.270000000000000906e+00 3.094986855239106327e-01 1.003957192174151913e-01
1.280000000000000915e+00 3.176591445278293957e-01 1.058425875660908011e-01
1.290000000000000924e+00 3.338944728041107202e-01 1.056745335901082550e-01
1.300000000000000933e+00 3.425281519664384877e-01 1.078693718284631231e-01
1.310000000000000941e+00 3.523429832775137882e-01 1.101584864166030991e-01
1.320000000000000950e+00 3.636339965988930056e-01 1.121620103874166052e-01
1.330000000000000959e+00 3.755474524533644054e-01 1.136905424449133062e-01
1.340000000000000968e+00 3.877710616102895136e-01 1.137291278443166853e-01
1.350000000000000977e+00 3.994826578977239140e-01 1.134681267182470893e-01
1.360000000000000986e+00 4.108387835153552992e-01 1.127297749986019143e-01
1.370000000000000995e+00 4.211061030540149130e-01 1.136053918840447957e-01
1.380000000000001004e+00 4.336437390315037721e-01 1.121358823441507557e-01
1.390000000000001013e+00 4.457021121941320274e-01 1.120429586661854243e-01
1.400000000000001021e+00 4.579051632373613012e-01 1.096539719815153580e-01
1.410000000000001030e+00 4.706260463208220557e-01 1.086015002286748743e-01
1.420000000000001039e+00 4.799249816666609214e-01 1.086867582766932600e-01
1.430000000000001048e+00 4.915844861950647848e-01 1.061490663399260737e-01
1.440000000000001057e+00 5.020209199057922289e-01 1.048156365298568843e-01
1.450000000000001066e+00 5.132331270404847379e-01 1.028351358343168875e-01
1.460000000000001075e+00 5.249312609416709741e-01 9.929613268717640828e-02
1.470000000000001084e+00 5.344602903415889283e-01 9.879380604694594503e-02
1.480000000000001092e+00 5.450595337269082963e-01 9.657180528800581032e-02
1.490000000000001101e+00 5.541749289052458893e-01 9.378633513403689115e-02
1.500000000000001110e+00 5.643380819524134173e-01 9.098498445927291622e-02
1.510000000000001119e+00 5.729007721548247112e-01 9.023171204787122646e-02
1.520000000000001128e+00 5.820465542682154991e-01 8.774348254736874519e-02
1.530000000000001137e+00 5.901789133601346160e-01 8.494626874077085277e-02
1.540000000000001146e+00 5.979348047798722643e-01 8.470056141646253867e-02
1.550000000000001155e+00 6.051642466496809369e-01 8.321508568347979473e-02
1.560000000000001164e+00 6.137170748591885827e-01 8.038261946262320601e-02
1.570000000000001172e+00 6.206041634164263243e-01 7.914072090684357019e-02
1.580000000000001181e+00 6.289492498398497888e-01 7.576684198212986499e-02
1.590000000000001190e+00 6.357130991878872095e-01 7.409297100704619055e-02
1.600000000000001199e+00 6.421086184284225951e-01 7.397054278800062332e-02
1.610000000000001208e+00 6.486914886087165044e-01 7.119591397170432767e-02
1.620000000000001217e+00 6.544183727819609109e-01 7.125401750062262951e-02
1.630000000000001226e+00 6.612604453549502104e-01 6.823700800053997262e-02
1.640000000000001235e+00 6.669652562650617567e-01 6.615650854749194343e-02
1.650000000000001243e+00 6.732527571214450557e-01 6.445478087907642595e-02
1.660000000000001252e+00 6.787433250275156649e-01 6.321332800779466687e-02
1.670000000000001261e+00 6.841878851947899021e-01 6.164552378105728203e-02
1.680000000000001270e+00 6.895393207628373045e-01 6.060918684843255577e-02
1.690000000000001279e+00 6.951952687600573277e-01 5.818392952918644001e-02
1.700000000000001288e+00 7.001743125578073768e-01 5.661078758191123023e-02
1.710000000000001297e+00 7.051701467543660673e-01 5.568860605083460896e-02
1.720000000000001306e+00 7.105947006585868753e-01 5.369089736732184787e-02
1.730000000000001315e+00 7.150402242947604403e-01 5.370051193362990888e-02
1.740000000000001323e+00 7.199179161927773407e-01 5.227580348847209180e-02
1.750000000000001332e+00 7.243573048482860877e-01 5.094475790333921617e-02
1.760000000000001341e+00 7.286470949029713040e-01 4.975289540369333408e-02
1.770000000000001350e+00 7.330821243468546022e-01 4.881268818341513716e-02
1.780000000000001359e+00 7.372490469567878346e-01 4.752875524987622280e-02
1.790000000000001368e+00 7.407310435812661797e-01 4.684098840406766828e-02
1.800000000000001377e+00 7.445175994721053847e-01 4.575243280279144703e-02
1.810000000000001386e+00 7.481308370345900460e-01 4.520128948200416441e-02
1.820000000000001394e+00 7.518425669730393057e-01 4.399191876289806208e-02
1.830000000000001403e+00 7.552415906700812309e-01 4.353507843441842967e-02
1.840000000000001412e+00 7.588293136444798082e-01 4.233928959471368325e-02
1.850000000000001421e+00 7.622779654810251104e-01 4.212422942374950685e-02
1.860000000000001430e+00 7.656233159539930222e-01 4.069075140844614913e-02
1.870000000000001439e+00 7.688554696447870151e-01 4.017200780690696055e-02
1.880000000000001448e+00 7.718361632906253211e-01 3.954454915609734167e-02
1.890000000000001457e+00 7.749572478030748446e-01 3.799666881662975421e-02
1.900000000000001465e+00 7.778547574256490238e-01 3.737138144043297000e-02
1.910000000000001474e+00 7.808029903409402506e-01 3.667184634441832125e-02
1.920000000000001483e+00 7.836382550156849591e-01 3.589373888157258718e-02
1.930000000000001492e+00 7.863937207144957586e-01 3.510719321034231483e-02
1.940000000000001501e+00 7.890428962648035061e-01 3.444130528989858969e-02
1.950000000000001510e+00 7.916444821183606928e-01 3.390401208303158581e-02
1.960000000000001519e+00 7.942277573983159700e-01 3.342093607291565793e-02
1.970000000000001528e+00 7.967830966076958621e-01 3.275614503420576362e-02
1.980000000000001537e+00 7.991373766283518254e-01 3.229452173833587819e-02
1.990000000000001545e+00 8.015766443507862382e-01 3.151434687338128260e-02
2.000000000000001776e+00 8.038959937398950650e-01 3.118465725732155053e-02
2.010000000000001563e+00 8.061869572703793674e-01 3.076676317670237401e-02
2.020000000000001350e+00 8.084702108464161263e-01 3.032201496688014322e-02
2.030000000000001581e+00 8.107363848751407698e-01 2.983904115716207867e-02
2.040000000000001812e+00 8.128577271897926559e-01 2.950790633565809895e-02
2.050000000000001599e+00 8.150322379016937679e-01 2.874576630839086044e-02
2.060000000000001386e+00 8.172077929566673449e-01 2.820835773174912298e-02
2.070000000000001616e+00 8.192203269110988062e-01 2.805263311448869673e-02
2.080000000000001847e+00 8.211803104731953962e-01 2.762692297454721543e-02
2.090000000000001634e+00 8.231681754942279383e-01 2.701781472904287579e-02
2.100000000000001421e+00 8.249999553464429924e-01 2.682262334140026946e-02
2.110000000000001652e+00 8.268878938604694584e-01 2.621666473743194947e-02
2.120000000000001883e+00 8.287067095722591148e-01 2.594862676107683591e-02
2.130000000000001670e+00 8.305486992507878918e-01 2.554170172523376192e-02
2.140000000000001457e+00 8.323723134969237547e-01 2.515744555593489931e-02
2.150000000000001688e+00 8.340710821007597531e-01 2.489488455203428194e-02
2.160000000000001918e+00 8.358704218074284320e-01 2.432700241318147202e-02
2.170000000000001705e+00 8.376136986836593135e-01 2.391342728514375335e-02
2.180000000000001492e+00 8.392063981517901006e-01 2.369276191814070898e-02
2.190000000000001723e+00 8.409300495069665926e-01 2.329978987287765688e-02
2.200000000000001954e+00 8.425327203555506017e-01 2.290835573857880406e-02
2.210000000000001741e+00 8.441054282514596219e-01 2.262102836720305751e-02
2.220000000000001528e+00 8.456445166876597197e-01 2.221620333458056498e-02
2.230000000000001759e+00 8.471455433994279360e-01 2.191595058938321239e-02
2.240000000000001990e+00 8.486118029773720428e-01 2.165784525749780629e-02
2.250000000000001776e+00 8.500836132196684103e-01 2.135856030983577028e-02
2.260000000000001563e+00 8.514989322225717805e-01 2.110746385858478652e-02
