1.799999999999999933e-01 1.152347248617291015e-01 1.154534043447535269e-02
1.900000000000000022e-01 1.172885523041174716e-01 1.100841407908222797e-02
2.000000000000000111e-01 1.181060412683477140e-01 1.151936594316453795e-02
2.100000000000000200e-01 1.194518345387153568e-01 1.178781017606081623e-02
2.200000000000000289e-01 1.208698373445984964e-01 1.181630226651587436e-02
2.300000000000000377e-01 1.220684124751589134e-01 1.224679160334307508e-02
2.400000000000000466e-01 1.234291852720341420e-01 1.223741418003289859e-02
2.500000000000000555e-01 1.241485692169793237e-01 1.202878473464849725e-02
2.600000000000000644e-01 1.258187960475208034e-01 1.273168855794492259e-02
2.700000000000000733e-01 1.272045009985722508e-01 1.313771622522061887e-02
2.800000000000000822e-01 1.287844254461419646e-01 1.394498664683336588e-02
2.900000000000000910e-01 1.303737967512345886e-01 1.354238233172194023e-02
3.000000000000000999e-01 1.315408998440422417e-01 1.402832995471603277e-02
3.100000000000001088e-01 1.336510075026527133e-01 1.395108390757106298e-02
3.200000000000001177e-01 1.348564889278941470e-01 1.500428991262339577e-02
3.300000000000001266e-01 1.360127442516168572e-01 1.562466191147611830e-02
3.400000000000001354e-01 1.377165637369464901e-01 1.510782115264308785e-02
3.500000000000001443e-01 1.394482551143585713e-01 1.543585841602560654e-02
3.600000000000001532e-01 1.415110681517961488e-01 1.579794507285632935e-02
3.700000000000001621e-01 1.433173249699358220e-01 1.653799296677285063e-02
3.800000000000001710e-01 1.439671421048938083e-01 1.705078877125964718e-02
3.900000000000001799e-01 1.461496787372427164e-01 1.671324888569259565e-02
4.000000000000001887e-01 1.478086371956363609e-01 1.793378390758067556e-02
4.100000000000001976e-01 1.501972392740822948e-01 1.864033124291850432e-02
4.200000000000002065e-01 1.518860822150833734e-01 1.857789793111612117e-02
4.300000000000002154e-01 1.538587763130882802e-01 1.877886562138399162e-02
4.400000000000002243e-01 1.561255327118531711e-01 2.022629967969180945e-02
4.500000000000002331e-01 1.579807011389450788e-01 1.982523303903368020e-02
4.600000000000002420e-01 1.599190492610980396e-01 2.128068584152945433e-02
4.700000000000002509e-01 1.620382227033800582e-01 2.208719041269001718e-02
4.800000000000002598e-01 1.638864867322509800e-01 2.214578870106106295e-02
4.900000000000002687e-01 1.660027547856241237e-01 2.277134769357742547e-02
5.000000000000002220e-01 1.674267291712047689e-01 2.323351661063016022e-02
5.100000000000002309e-01 1.708635230719286191e-01 2.368193575400165743e-02
5.200000000000002398e-01 1.732728447205862665e-01 2.490008649067627922e-02
5.300000000000002487e-01 1.763152414101085141e-01 2.573886134843429707e-02
5.400000000000002576e-01 1.781147524747095090e-01 2.631084810300112972e-02
5.500000000000002665e-01 1.808050912486378337e-01 2.775125800932048276e-02
5.600000000000002753e-01 1.837794940635983088e-01 2.842761489492665397e-02
5.700000000000002842e-01 1.863977853678847885e-01 2.913569281174295880e-02
5.800000000000002931e-01 1.893584103456695811e-01 3.022250339063922708e-02
5.900000000000003020e-01 1.919760564005017212e-01 3.140337465559003838e-02
6.000000000000003109e-01 1.950648834609482463e-01 3.251317576374444102e-02
6.100000000000003197e-01 1.980007365773933381e-01 3.470247472336365074e-02
6.200000000000003286e-01 2.006607383890722240e-01 3.670829620351962613e-02
6.300000000000003375e-01 2.040474307393376763e-01 3.747878179055545711e-02
6.400000000000003464e-01 2.082906258967894553e-01 3.906421916443810621e-02
6.500000000000003553e-01 2.112485277799408534e-01 4.113538060207825448e-02
6.600000000000003642e-01 2.144968843988204754e-01 4.155381169817736614e-02
6.700000000000003730e-01 2.182686491282465613e-01 4.503641016416230075e-02
6.800000000000003819e-01 2.219481609873307781e-01 4.668829266995124655e-02
6.900000000000003908e-01 2.256164520965575349e-01 4.704922675490545714e-02
7.000000000000003997e-01 2.291108951541042937e-01 4.875036110492891178e-02
7.100000000000004086e-01 2.338919183658843270e-01 5.098660289089299025e-02
7.200000000000004174e-01 2.361747114032977102e-01 5.094297545138461863e-02
7.300000000000004263e-01 2.402809419204403052e-01 5.332707879195982409e-02
7.400000000000004352e-01 2.430425114829353750e-01 5.496111927129489205e-02
7.500000000000004441e-01 2.493926558572485130e-01 5.718091917952089487e-02
7.600000000000004530e-01 2.536201572912671898e-01 5.970830086788467966e-02
7.700000000000004619e-01 2.579891586673163095e-01 6.082961491449122293e-02
7.800000000000004707e-01 2.627065978130595503e-01 6.365234375218255247e-02
7.900000000000004796e-01 2.674662193575801927e-01 6.610133716078488153e-02
8.000000000000004885e-01 2.708322541889106039e-01 6.763273548069724528e-02
8.100000000000004974e-01 2.769438785000763459e-01 6.888291760134217234e-02
8.200000000000005063e-01 2.815562422091196781e-01 7.150948344400287482e-02
8.300000000000005151e-01 2.857671822449841526e-01 7.390626394163044011e-02
8.400000000000005240e-01 2.907758760841350765e-01 7.473920264136235669e-02
8.500000000000005329e-01 2.957910909726828574e-01 7.875461173653817981e-02
8.600000000000005418e-01 3.024541712824633799e-01 8.050410093278703716e-02
8.700000000000005507e-01 3.070307342459517863e-01 8.319391429803872640e-02
8.800000000000005596e-01 3.124573241078696384e-01 8.529251760453122888e-02
8.900000000000005684e-01 3.194998386503229426e-01 8.761623062737362855e-02
9.000000000000005773e-01 3.232657543521743060e-01 8.902968161821853132e-02
9.100000000000005862e-01 3.285168270080707775e-01 9.083469376371491877e-02
9.200000000000005951e-01 3.335706179523155179e-01 9.293532653302025159e-02
9.300000000000006040e-01 3.399539967116063655e-01 9.526310336979634807e-02
9.400000000000006128e-01 3.447009670599068265e-01 9.763307519116549982e-02
9.500000000000006217e-01 3.507753271178374321e-01 9.975114610651882041e-02
9.600000000000006306e-01 3.576551669016239665e-01 1.010672011048760199e-01
9.700000000000006395e-01 3.628894731662066220e-01 1.035418628054558116e-01
9.800000000000006484e-01 3.696466498656059141e-01 1.054170885100407934e-01
9.900000000000006573e-01 3.743950232853219262e-01 1.079387270847971120e-01
1.000000000000000666e+00 3.816278190979409124e-01 1.095679012462225099e-01
1.010000000000000675e+00 3.882240387016969718e-01 1.115211958718041046e-01
1.020000000000000684e+00 3.939759096323559584e-01 1.137781980508663221e-01
1.030000000000000693e+00 4.028723516787323100e-01 1.154781619486338895e-01
1.040000000000000702e+00 4.071982750861549150e-01 1.178747598949906883e-01
1.050000000000000711e+00 4.150636524422271489e-01 1.190345713725398935e-01
1.060000000000000719e+00 4.210987580751328618e-01 1.214010603332907751e-01
1.070000000000000728e+00 4.282747457607526953e-01 1.231693157969900726e-01
1.080000000000000737e+00 4.350898721457580054e-01 1.247241130154418259e-01
1.090000000000000746e+00 4.424408697110608357e-01 1.249881036168481035e-01
1.100000000000000755e+00 4.481124117094394399e-01 1.272094128137113700e-01
1.110000000000000764e+00 4.553013216339947822e-01 1.284719768140745177e-01
1.120000000000000773e+00 4.610034982288776506e-01 1.304714238362230105e-01
1.130000000000000782e+00 4.687584504627413384e-01 1.314022532881458927e-01
1.140000000000000790e+00 4.757536448392248873e-01 1.318757842577841233e-01
1.150000000000000799e+00 4.825515099205078262e-01 1.333179632129162240e-01
1.160000000000000808e+00 4.892364241353503451e-01 1.343992453781115426e-01
1.170000000000000817e+00 4.958948168607523743e-01 1.356851296407740881e-01
1.180000000000000826e+00 5.018934976248701219e-01 1.362293034570414840e-01
1.190000000000000835e+00 5.096458889586727992e-01 1.360253123230554251e-01
1.200000000000000844e+00 5.160650260453238936e-01 1.362811407859262358e-01
1.210000000000000853e+00 5.224877186865548584e-01 1.376772835167387188e-01
1.220000000000000862e+00 5.299169108422377983e-01 1.380196427636471157e-01
1.230000000000000870e+00 5.367009971493587051e-01 1.378985523132779389e-01
1.240000000000000879e+00 5.418167864251424160e-01 1.391511377240000347e-01
1.250000000000000888e+00 5.494768596452103138e-01 1.378481056458258913e-01
1.260000000000000897e+00 5.554734019942092482e-01 1.389892568315628241e-01
1.270000000000000906e+00 5.623523491342976577e-01 1.392542226327917188e-01
1.280000000000000915e+00 5.685471716813716991e-01 1.392795102154613662e-01
1.290000000000000924e+00 5.758004224536917848e-01 1.380427772252418028e-01
1.300000000000000933e+00 5.826875533650859307e-01 1.380219485166719329e-01
1.310000000000000941e+00 5.881603957072737421e-01 1.383472252067017849e-01
1.320000000000000950e+00 5.947623080447006494e-01 1.372252706969994962e-01
1.330000000000000959e+00 5.998785468382565877e-01 1.367756921108624901e-01
1.340000000000000968e+00 6.058196573885309411e-01 1.368113846907872133e-01
1.350000000000000977e+00 6.120220238829470194e-01 1.360672633539515841e-01
1.360000000000000986e+00 6.167059555873278809e-01 1.363719946741434597e-01
1.370000000000000995e+00 6.222453695913831018e-01 1.352498638659964392e-01
1.380000000000001004e+00 6.269011950345407813e-01 1.357326743601924568e-01
1.390000000000001013e+00 6.326959943600090064e-01 1.343417345340249813e-01
1.400000000000001021e+00 6.383186910871850861e-01 1.334637303511466699e-01
1.410000000000001030e+00 6.440388301649254688e-01 1.324219861872527326e-01
1.420000000000001039e+00 6.483565742892691830e-01 1.326064966802682765e-01
1.430000000000001048e+00 6.544030366101138974e-01 1.307368395458819721e-01
1.440000000000001057e+00 6.593807300498142343e-01 1.303780974898047229e-01
1.450000000000001066e+00 6.649670193379376704e-01 1.289950768786031765e-01
1.460000000000001075e+00 6.702166783043550513e-01 1.275640587765613509e-01
1.470000000000001084e+00 6.750961397996426694e-01 1.272045028069447026e-01
1.480000000000001092e+00 6.802603119618032546e-01 1.255783054946018884e-01
1.490000000000001101e+00 6.852926519105573266e-01 1.243069630624529659e-01
1.500000000000001110e+00 6.899326914067377414e-01 1.238130166237550178e-01
1.510000000000001119e+00 6.944843082985634464e-01 1.229910794704794225e-01
1.520000000000001128e+00 6.990721706147741132e-01 1.222087721781995040e-01
1.530000000000001137e+00 7.038484879510820136e-01 1.206172168823882035e-01
1.540000000000001146e+00 7.086323842162570719e-01 1.188081719950464937e-01
1.550000000000001155e+00 7.124617025053475716e-01 1.184308581735453586e-01
1.560000000000001164e+00 7.176931564077505543e-01 1.161271233772399047e-01
1.570000000000001172e+00 7.210678907562358964e-01 1.166459038509055218e-01
1.580000000000001181e+00 7.251789672634004758e-01 1.145705965270009952e-01
1.590000000000001190e+00 7.291055302831379592e-01 1.133121185172342449e-01
1.600000000000001199e+00 7.325933899089240864e-01 1.132115773906469114e-01
1.610000000000001208e+00 7.364583945469009851e-01 1.117747380264482449e-01
1.620000000000001217e+00 7.405682494068139832e-01 1.103000928410435982e-01
1.630000000000001226e+00 7.442534523035959637e-01 1.090683324552835370e-01
1.640000000000001235e+00 7.477619030663601452e-01 1.078060805163014585e-01
1.650000000000001243e+00 7.511543416338226642e-01 1.063785003433377341e-01
1.660000000000001252e+00 7.540761008598459991e-01 1.070311052070690300e-01
1.670000000000001261e+00 7.580471732855167399e-01 1.040825110789973112e-01
1.680000000000001270e+00 7.613366719398508842e-01 1.032672617249075220e-01
1.690000000000001279e+00 7.646580204671853398e-01 1.023199934270692391e-01
1.700000000000001288e+00 7.678689040174063729e-01 1.008469540257307673e-01
1.710000000000001297e+00 7.710898911206043316e-01 9.908613544746959489e-02
1.720000000000001306e+00 7.740442204982841412e-01 9.809132482041850454e-02
1.730000000000001315e+00 7.769655078202657439e-01 9.701462166716222357e-02
1.740000000000001323e+00 7.799248657786524985e-01 9.549132976645588466e-02
1.750000000000001332e+00 7.831074595235074653e-01 9.366295754616450753e-02
1.760000000000001341e+00 7.856087345797923005e-01 9.336018398707932042e-02
1.770000000000001350e+00 7.882474875188519858e-01 9.230681463962871203e-02
1.780000000000001359e+00 7.914841651236600439e-01 9.005257632436780568e-02
1.790000000000001368e+00 7.940702012497702356e-01 8.945366947013572156e-02
1.800000000000001377e+00 7.967373973390430297e-01 8.793351090211094789e-02
1.810000000000001386e+00 7.991308102245182621e-01 8.724714884648647473e-02
1.820000000000001394e+00 8.021287413396819277e-01 8.490073289471407325e-02
1.830000000000001403e+00 8.046141908148680688e-01 8.338256955127928971e-02
1.840000000000001412e+00 8.072296395912467171e-01 8.204361177692909290e-02
1.850000000000001421e+00 8.094752033082539544e-01 8.142999012054920327e-02
1.860000000000001430e+00 8.118120739648680972e-01 7.994920956658906064e-02
1.870000000000001439e+00 8.141548295690030912e-01 7.862885208056985542e-02
1.880000000000001448e+00 8.162141969723576418e-01 7.761350128939081827e-02
1.890000000000001457e+00 8.182051949699294946e-01 7.728398067095626489e-02
1.900000000000001465e+00 8.206942896146249833e-01 7.527350203282022478e-02
1.910000000000001474e+00 8.230351031600445788e-01 7.389592511556797305e-02
1.920000000000001483e+00 8.251049439252166051e-01 7.261613930832161445e-02
1.930000000000001492e+00 8.270022073444661670e-01 7.191217296148087745e-02
1.940000000000001501e+00 8.289966477055137339e-01 7.095176523728377593e-02
1.950000000000001510e+00 8.310143586592354525e-01 7.005017634399893223e-02
1.960000000000001519e+00 8.329149415588189553e-01 6.925893665486743123e-02
1.970000000000001528e+00 8.348211989886040740e-01 6.823983596806286467e-02
1.980000000000001537e+00 8.365593896490458592e-01 6.733598536907316190e-02
1.990000000000001545e+00 8.382898145079791252e-01 6.688054168309612302e-02
2.000000000000001776e+00 8.399821190496123968e-01 6.597884170448481411e-02
2.010000000000001563e+00 8.417329746630433096e-01 6.525303816621301489e-02
2.020000000000001794e+00 8.433189638049698456e-01 6.478193972111290222e-02
2.030000000000001581e+00 8.449442727530713793e-01 6.396044231486926190e-02
2.040000000000001812e+00 8.465843116810028990e-01 6.325207065856354449e-02
2.050000000000001599e+00 8.484102440329912564e-01 6.200461292648809519e-02
2.060000000000001830e+00 8.499703231115766089e-01 6.154387190973193561e-02
2.070000000000001616e+00 8.515025799996277511e-01 6.075559957228109098e-02
2.080000000000001847e+00 8.530429278447426711e-01 5.995107693874257571e-02
2.090000000000001634e+00 8.545927856473571893e-01 5.922533764070102985e-02
2.100000000000001865e+00 8.561141052263733231e-01 5.837297018851252822e-02
2.110000000000001652e+00 8.575051171687150253e-01 5.790273019730395737e-02
2.120000000000001883e+00 8.589005769979530802e-01 5.760515198904037765e-02
2.130000000000001670e+00 8.602112632866589781e-01 5.707388545174725547e-02
2.140000000000001901e+00 8.615662136040092012e-01 5.635507648433250166e-02
2.150000000000001688e+00 8.629613615399220894e-01 5.555240405655735569e-02
2.160000000000001918e+00 8.643063671350543764e-01 5.483950425765953679e-02
2.170000000000001705e+00 8.656922441680798830e-01 5.406513793721526295e-02
