1.199999999999999956e-01 1.437617073921016175e-01 2.022660533289034196e-02
1.300000000000000044e-01 1.448633342894651843e-01 2.150601949268846763e-02
1.400000000000000133e-01 1.460183826311755306e-01 2.189192453441402356e-02
1.500000000000000222e-01 1.477784612091281313e-01 2.253585622378563580e-02
1.600000000000000311e-01 1.497961433835914014e-01 2.285479382429598735e-02
1.700000000000000400e-01 1.517202733911910129e-01 2.335366110190027072e-02
1.800000000000000488e-01 1.529846134012990133e-01 2.366266963831870074e-02
1.900000000000000577e-01 1.550747134090207924e-01 2.439936931004098308e-02
2.000000000000000666e-01 1.561129193900814838e-01 2.495943184476455065e-02
2.100000000000000755e-01 1.587174988835109712e-01 2.610719178378071922e-02
2.200000000000000844e-01 1.606056461042012773e-01 2.702176600754697955e-02
2.300000000000000933e-01 1.621819707877358019e-01 2.775674513643970956e-02
2.400000000000001021e-01 1.639070450442846882e-01 2.822370472284121967e-02
2.500000000000001110e-01 1.656602210391828200e-01 2.934963897337558233e-02
2.600000000000001199e-01 1.674466457912458239e-01 2.989472958081802398e-02
2.700000000000001288e-01 1.692538172148061737e-01 2.988341142813039086e-02
2.800000000000001377e-01 1.711875092580361080e-01 3.054997105487790299e-02
2.900000000000001465e-01 1.744217543985132068e-01 3.203282125647477496e-02
3.000000000000001554e-01 1.753628217881050555e-01 3.149826038508014153e-02
3.100000000000001643e-01 1.775255805557231503e-01 3.323842811988728108e-02
3.200000000000001732e-01 1.800847454388380398e-01 3.437877051176470300e-02
3.300000000000001821e-01 1.809048819804916497e-01 3.422681040952255810e-02
3.400000000000001910e-01 1.839256544153275719e-01 3.541664579671186669e-02
3.500000000000001998e-01 1.864775499491340971e-01 3.640099353556803391e-02
3.600000000000002087e-01 1.887032574787853023e-01 3.692730070212425775e-02
3.700000000000002176e-01 1.902647700582506540e-01 3.814853562610085597e-02
3.800000000000002265e-01 1.925956906492551357e-01 3.953312944063935158e-02
3.900000000000002354e-01 1.954338772681963876e-01 4.036149081594411075e-02
4.000000000000002442e-01 1.984008327368576574e-01 4.165659013179880826e-02
4.100000000000002531e-01 2.007472236562624079e-01 4.304772993631802991e-02
4.200000000000002620e-01 2.031777575271672132e-01 4.268640381502931264e-02
4.300000000000002709e-01 2.056768394568946334e-01 4.419638387209980090e-02
4.400000000000002798e-01 2.081909343546704816e-01 4.520665353144016213e-02
4.500000000000002887e-01 2.104511314843581782e-01 4.606349999872380585e-02
4.600000000000002975e-01 2.132215136370765873e-01 4.709786143436427153e-02
4.700000000000003064e-01 2.146151298669480845e-01 4.837373944972494372e-02
4.800000000000003153e-01 2.184921698884637886e-01 5.074849809694605834e-02
4.900000000000003242e-01 2.202435236492662207e-01 5.085927181393468804e-02
5.000000000000003331e-01 2.231367286823817686e-01 5.180918453878800845e-02
5.100000000000003419e-01 2.256684364025297318e-01 5.431336061776119439e-02
5.200000000000003508e-01 2.280594021895755719e-01 5.465674975726781543e-02
5.300000000000003597e-01 2.305504687598762537e-01 5.557207566437250001e-02
5.400000000000003686e-01 2.342903795656040289e-01 5.672809430271646275e-02
5.500000000000003775e-01 2.367711823464455634e-01 5.939090212755675224e-02
5.600000000000003864e-01 2.406242965117572075e-01 6.003455777606527682e-02
5.700000000000003952e-01 2.431611575240499312e-01 6.113680544721231819e-02
5.800000000000004041e-01 2.464520582735356402e-01 6.283616688445392562e-02
5.900000000000004130e-01 2.494646963319702426e-01 6.404233416620293273e-02
6.000000000000004219e-01 2.525698761534346803e-01 6.612458811007845827e-02
6.100000000000004308e-01 2.565596073102145436e-01 6.859718215789786799e-02
6.200000000000004396e-01 2.584277983568550319e-01 6.926097948253168157e-02
6.300000000000004485e-01 2.629181406935834908e-01 7.046811191200738622e-02
6.400000000000004574e-01 2.663526771810200144e-01 7.207006965351638039e-02
6.500000000000004663e-01 2.700457015611680833e-01 7.217378073384468629e-02
6.600000000000004752e-01 2.721330774326649604e-01 7.441825327510363797e-02
6.700000000000004841e-01 2.756028834357536206e-01 7.686082393521488643e-02
6.800000000000004929e-01 2.795927150404000638e-01 7.923520626930084798e-02
6.900000000000005018e-01 2.832510840524372631e-01 8.005500852532326794e-02
7.000000000000005107e-01 2.864084511652693066e-01 8.025769468896168379e-02
7.100000000000005196e-01 2.908575383241471246e-01 8.277711052291489291e-02
7.200000000000005285e-01 2.949378753972931033e-01 8.344844561802036709e-02
7.300000000000005373e-01 2.975756658284541278e-01 8.597621509334348044e-02
7.400000000000005462e-01 3.011735774493404239e-01 8.821659826802719095e-02
7.500000000000005551e-01 3.055095245537283732e-01 8.877661594253996591e-02
7.600000000000005640e-01 3.097360545073100102e-01 9.073900920441223261e-02
7.700000000000005729e-01 3.134273818511940091e-01 9.174433342691167004e-02
7.800000000000005818e-01 3.177017336248513235e-01 9.316115115944265113e-02
7.900000000000005906e-01 3.214375138437538526e-01 9.499457844076070190e-02
8.000000000000005995e-01 3.258385274553859956e-01 9.665299708635410880e-02
8.100000000000006084e-01 3.311409752989309396e-01 9.764968069367185866e-02
8.200000000000006173e-01 3.346392253220544233e-01 1.003276748223224241e-01
8.300000000000006262e-01 3.379813385740735865e-01 1.004693079120029947e-01
8.400000000000006350e-01 3.408266649301638362e-01 1.018098885270418835e-01
8.500000000000006439e-01 3.458374869410692498e-01 1.036001561462523979e-01
8.600000000000006528e-01 3.499570490155812230e-01 1.053064011013578744e-01
8.700000000000006617e-01 3.533770986037652051e-01 1.067228906544179790e-01
8.800000000000006706e-01 3.584916586696448859e-01 1.073973872563415838e-01
8.900000000000006795e-01 3.634507476285532279e-01 1.086418343207394277e-01
9.000000000000006883e-01 3.678342131127599890e-01 1.099031382268747248e-01
9.100000000000006972e-01 3.717359587449630687e-01 1.112824755132634097e-01
9.200000000000007061e-01 3.761785203201131189e-01 1.110471687011201219e-01
9.300000000000007150e-01 3.809719583719448077e-01 1.138866562990204778e-01
9.400000000000007239e-01 3.852285249129816513e-01 1.147467178047208297e-01
9.500000000000007327e-01 3.898300381619089761e-01 1.168715125652273895e-01
9.600000000000007416e-01 3.952437370352430701e-01 1.173136184271914018e-01
9.700000000000007505e-01 4.000755797700309424e-01 1.185607718461437893e-01
9.800000000000007594e-01 4.043312645305938147e-01 1.205633737687641510e-01
9.900000000000007683e-01 4.089956455080266395e-01 1.220943046450275460e-01
1.000000000000000888e+00 4.139049715959405296e-01 1.216248867237315484e-01
1.010000000000000675e+00 4.183411338660040779e-01 1.237222496068911826e-01
1.020000000000000906e+00 4.242715728819118071e-01 1.240752281999370904e-01
1.030000000000000693e+00 4.278829388498763264e-01 1.248126804792979994e-01
1.040000000000000924e+00 4.334564333684489124e-01 1.253819517881381573e-01
1.050000000000000711e+00 4.376602511225750614e-01 1.272859796748323780e-01
1.060000000000000941e+00 4.409968123827818220e-01 1.282838631950188879e-01
1.070000000000000728e+00 4.482289994390025734e-01 1.288823863076984377e-01
1.080000000000000959e+00 4.519934571598606676e-01 1.298966824839518919e-01
1.090000000000000746e+00 4.570281039815677904e-01 1.313583151278864269e-01
1.100000000000000977e+00 4.617270460904826512e-01 1.318000982867591486e-01
1.110000000000000764e+00 4.665265973131161870e-01 1.328996207517384454e-01
1.120000000000000995e+00 4.709470993226398394e-01 1.338642250370543907e-01
1.130000000000000782e+00 4.762400188749412178e-01 1.342568040890120551e-01
1.140000000000001013e+00 4.809767675752167349e-01 1.348990613865874433e-01
1.150000000000000799e+00 4.862125804634711557e-01 1.358055274169338578e-01
1.160000000000001030e+00 4.911006161431545336e-01 1.354287816952267076e-01
1.170000000000000817e+00 4.955437994337960617e-01 1.365419318198787813e-01
1.180000000000001048e+00 5.009385394296588245e-01 1.363471002115385078e-01
1.190000000000000835e+00 5.047670729754742958e-01 1.378318807976568194e-01
1.200000000000001066e+00 5.097587515338836139e-01 1.375744484513177490e-01
1.210000000000000853e+00 5.139479707585856705e-01 1.380743493484752893e-01
1.220000000000001084e+00 5.198869256922064030e-01 1.381000643739848099e-01
1.230000000000000870e+00 5.240840612104319396e-01 1.391341262856547745e-01
1.240000000000001101e+00 5.289944575799880866e-01 1.393964326226369843e-01
1.250000000000000888e+00 5.332886867807508091e-01 1.394051669266760662e-01
1.260000000000001119e+00 5.382783397041833728e-01 1.395790692447570758e-01
1.270000000000000906e+00 5.433752194811110048e-01 1.391683182532666152e-01
1.280000000000001137e+00 5.484461077669789963e-01 1.387510530017705135e-01
1.290000000000000924e+00 5.520077615872557297e-01 1.396253212886368611e-01
1.300000000000001155e+00 5.571449455286006103e-01 1.396473911649594168e-01
1.310000000000000941e+00 5.617186525724586765e-01 1.397188054245601385e-01
1.320000000000001172e+00 5.667421477375885752e-01 1.397257327757792933e-01
1.330000000000000959e+00 5.700449335648142268e-01 1.405243661170584024e-01
1.340000000000001190e+00 5.751579056639274379e-01 1.399723963456398768e-01
1.350000000000000977e+00 5.794572483838211774e-01 1.397513400410662077e-01
1.360000000000001208e+00 5.838558059654967991e-01 1.398267671227196030e-01
1.370000000000000995e+00 5.888040999783195062e-01 1.387775438392482019e-01
1.380000000000001226e+00 5.935479662273450696e-01 1.387875972990500473e-01
1.390000000000001013e+00 5.973839939484256734e-01 1.392734918410691025e-01
1.400000000000001243e+00 6.015198362710859614e-01 1.391999316260804087e-01
1.410000000000001030e+00 6.064654590333629081e-01 1.382195189543534708e-01
1.420000000000001261e+00 6.105850610697084457e-01 1.385679791395714733e-01
1.430000000000001048e+00 6.146643921614866057e-01 1.377371718056419891e-01
1.440000000000001279e+00 6.189084776160046486e-01 1.370681146508939130e-01
1.450000000000001066e+00 6.227244137417915493e-01 1.372015819481322285e-01
1.460000000000001297e+00 6.265011715710694373e-01 1.372062018475933842e-01
1.470000000000001084e+00 6.308906156565143863e-01 1.360084986325537648e-01
1.480000000000001315e+00 6.350029233668124107e-01 1.351980515679722661e-01
1.490000000000001101e+00 6.386868431015138015e-01 1.349204642933626852e-01
1.500000000000001332e+00 6.425636389709973306e-01 1.340757763126028679e-01
1.510000000000001119e+00 6.466903846763806252e-01 1.332163783039865823e-01
1.520000000000001350e+00 6.508299521288752887e-01 1.324343076415138987e-01
1.530000000000001137e+00 6.553771378283634874e-01 1.307167947574375544e-01
1.540000000000001368e+00 6.590395309156448223e-01 1.303759195384450176e-01
1.550000000000001155e+00 6.622172346798960163e-01 1.302122468413010048e-01
1.560000000000001386e+00 6.659509649634016704e-01 1.290448727275293472e-01
1.570000000000001172e+00 6.698093884539900733e-01 1.282963244555478388e-01
1.580000000000001403e+00 6.739705349457703054e-01 1.269320058152829667e-01
1.590000000000001190e+00 6.770287195909040490e-01 1.272463111623909071e-01
1.600000000000001421e+00 6.801805198841530675e-01 1.265038925274810933e-01
1.610000000000001208e+00 6.845136170938140863e-01 1.243751284150383801e-01
1.620000000000001439e+00 6.877281600138279716e-01 1.238444277640128183e-01
1.630000000000001226e+00 6.909342215621566696e-01 1.236404115726727759e-01
1.640000000000001457e+00 6.940927663192389963e-01 1.234072341597340916e-01
1.650000000000001243e+00 6.977295546658069947e-01 1.220599080191962366e-01
1.660000000000001474e+00 7.005299722379983995e-01 1.219306235645598313e-01
1.670000000000001261e+00 7.042046109913885354e-01 1.206013493872759301e-01
1.680000000000001492e+00 7.068589765858258600e-01 1.205592247893545604e-01
1.690000000000001279e+00 7.109733142735895628e-01 1.182619216459324246e-01
1.700000000000001510e+00 7.133432856292807323e-01 1.187671961441835317e-01
1.710000000000001297e+00 7.164744336265860269e-01 1.171394330318307198e-01
1.720000000000001528e+00 7.192494936340046996e-01 1.165456656917926159e-01
1.730000000000001315e+00 7.222015084737037904e-01 1.156885085717205136e-01
1.740000000000001545e+00 7.250337428309704402e-01 1.146929379584554348e-01
1.750000000000001332e+00 7.276332973356709477e-01 1.141895022051854364e-01
1.760000000000001563e+00 7.303496588492096597e-01 1.135163453144954343e-01
1.770000000000001350e+00 7.331337826520979428e-01 1.125361841837897170e-01
1.780000000000001581e+00 7.356324694092231109e-01 1.121817832609299237e-01
1.790000000000001368e+00 7.387590493264107883e-01 1.105301051879560015e-01
1.800000000000001599e+00 7.412942816979322114e-01 1.101712657464625489e-01
1.810000000000001386e+00 7.437990754305670027e-01 1.095889898671931206e-01
1.820000000000001616e+00 7.465068073937315418e-01 1.082942821202028533e-01
1.830000000000001403e+00 7.493613919014370239e-01 1.069361152668990705e-01
1.840000000000001634e+00 7.513364822972202761e-01 1.072258959606083722e-01
1.850000000000001421e+00 7.545042794423766352e-01 1.051645907089099469e-01
1.860000000000001652e+00 7.570030307048454254e-01 1.046808682306249322e-01
1.870000000000001439e+00 7.596206309303238369e-01 1.035103647705840763e-01
1.880000000000001670e+00 7.622645199938031801e-01 1.020845116630459404e-01
1.890000000000001457e+00 7.646986177891716974e-01 1.017458796572456303e-01
1.900000000000001688e+00 7.672884195170073252e-01 1.001793185690228877e-01
1.910000000000001474e+00 7.696292197309072547e-01 1.000888878794156944e-01
1.920000000000001705e+00 7.723660422970421990e-01 9.863746169955978083e-02
1.930000000000001492e+00 7.747806859601925611e-01 9.760383751003934294e-02
1.940000000000001723e+00 7.769483366591832807e-01 9.697675554543229437e-02
1.950000000000001510e+00 7.788767419620892252e-01 9.650055794452244706e-02
1.960000000000001741e+00 7.812015630781106168e-01 9.531184340111457931e-02
1.970000000000001528e+00 7.836150004519131240e-01 9.402853825716443736e-02
1.980000000000001759e+00 7.857978023532748990e-01 9.315431290884113036e-02
1.990000000000001545e+00 7.880648020610586668e-01 9.230343252080841498e-02
2.000000000000001776e+00 7.904656366258037137e-01 9.061357342892485678e-02
2.010000000000001563e+00 7.924748446384932699e-01 9.006621912438160515e-02
2.020000000000001794e+00 7.945400106165952936e-01 8.960827018370716435e-02
2.030000000000001581e+00 7.963072990884119129e-01 8.926213501525985528e-02
2.040000000000001812e+00 7.985068630513129095e-01 8.797933154527311228e-02
2.050000000000001599e+00 8.003192551234119545e-01 8.726092893531919858e-02
2.060000000000001830e+00 8.021044674383613904e-01 8.720233266110774539e-02
2.070000000000001616e+00 8.040064456768885037e-01 8.611908719007638213e-02
2.080000000000001847e+00 8.057302756704580737e-01 8.581107243716919186e-02
2.090000000000001634e+00 8.074025018561444833e-01 8.539148032388842180e-02
2.100000000000001865e+00 8.090593502993080888e-01 8.483427027971281176e-02
2.110000000000001652e+00 8.108707638097015780e-01 8.417642006540965172e-02
