1.799999999999999933e-01 1.642673221949104978e-01 1.919844059413661555e-02
1.900000000000000022e-01 1.660539657806210101e-01 1.965025766380010599e-02
2.000000000000000111e-01 1.676277473641576143e-01 1.916694340122823692e-02
2.100000000000000200e-01 1.696184434074427816e-01 2.058553163494854926e-02
2.200000000000000289e-01 1.709808875148859098e-01 2.131061853598646347e-02
2.300000000000000377e-01 1.729108413105346631e-01 2.072203975827824340e-02
2.400000000000000466e-01 1.749084442606696765e-01 2.189363110369313067e-02
2.500000000000000555e-01 1.767838105121485592e-01 2.229829477648872030e-02
2.600000000000000644e-01 1.795738177401159374e-01 2.345657479630722936e-02
2.700000000000000733e-01 1.804752978934800745e-01 2.380028854623525425e-02
2.800000000000000822e-01 1.833347925635970266e-01 2.529864960210503194e-02
2.900000000000000910e-01 1.851228726825518145e-01 2.525111324067499594e-02
3.000000000000000999e-01 1.863047674070754389e-01 2.652787885414492272e-02
3.100000000000001088e-01 1.888637857766293227e-01 2.603554266632225264e-02
3.200000000000001177e-01 1.914528693497889178e-01 2.780889508359884327e-02
3.300000000000001266e-01 1.923141692453273488e-01 2.795215610892335181e-02
3.400000000000001354e-01 1.952944336172041662e-01 2.936097102993756244e-02
3.500000000000001443e-01 1.978729152324818497e-01 2.973990088868554843e-02
3.600000000000001532e-01 1.990624287516562230e-01 3.025498580385099431e-02
3.700000000000001621e-01 2.031339646404662913e-01 3.177721574093825968e-02
3.800000000000001710e-01 2.046840008245698617e-01 3.245670670817653314e-02
3.900000000000001799e-01 2.076969342673615215e-01 3.290563069352846898e-02
4.000000000000001887e-01 2.097520686542020119e-01 3.359009585682501409e-02
4.100000000000001976e-01 2.124671948082795525e-01 3.443657034745673667e-02
4.200000000000002065e-01 2.151963513042780274e-01 3.489636176749658092e-02
4.300000000000002154e-01 2.173524008346880698e-01 3.751922301060543058e-02
4.400000000000002243e-01 2.205351805395790454e-01 3.795567235099796266e-02
4.500000000000002331e-01 2.237545619762345006e-01 3.909970908169951159e-02
4.600000000000002420e-01 2.258666724448508689e-01 4.014291970675985810e-02
4.700000000000002509e-01 2.293576696362984446e-01 4.093020527448254509e-02
4.800000000000002598e-01 2.331070447701807380e-01 4.303890795579280032e-02
4.900000000000002687e-01 2.350417261879120256e-01 4.325128834616006474e-02
5.000000000000002220e-01 2.380264869941234318e-01 4.475964277471890240e-02
5.100000000000002309e-01 2.408967544917009485e-01 4.634966031638105416e-02
5.200000000000002398e-01 2.447154001302443982e-01 4.664503489693163502e-02
5.300000000000002487e-01 2.480362846815354072e-01 4.716743414804366874e-02
5.400000000000002576e-01 2.519121560328773102e-01 5.042585345109876910e-02
5.500000000000002665e-01 2.555249226384295747e-01 5.234840436043058931e-02
5.600000000000002753e-01 2.586113206154970756e-01 5.212862691013926686e-02
5.700000000000002842e-01 2.630117054678909883e-01 5.411650796202424618e-02
5.800000000000002931e-01 2.674965870444466209e-01 5.627932897495666054e-02
5.900000000000003020e-01 2.703445967972750164e-01 5.607354505694146091e-02
6.000000000000003109e-01 2.749036250225139200e-01 5.905028580246043934e-02
6.100000000000003197e-01 2.785846908425175794e-01 6.049379711731994735e-02
6.200000000000003286e-01 2.835335628254365137e-01 6.214440477452296691e-02
6.300000000000003375e-01 2.878362069441502413e-01 6.516920840151342598e-02
6.400000000000003464e-01 2.916583896697437783e-01 6.710721102830394247e-02
6.500000000000003553e-01 2.960010774014867341e-01 6.804228691922369066e-02
6.600000000000003642e-01 3.002963436242042095e-01 7.054104714248625452e-02
6.700000000000003730e-01 3.049094920368345951e-01 7.203186883782097816e-02
6.800000000000003819e-01 3.100349271695684861e-01 7.441906398344569351e-02
6.900000000000003908e-01 3.145981409945458052e-01 7.644336250005888400e-02
7.000000000000003997e-01 3.185270559898260578e-01 7.929686918630300674e-02
7.100000000000004086e-01 3.237835802666019225e-01 8.160393989959166539e-02
7.200000000000004174e-01 3.283662475556611282e-01 8.121880129381191249e-02
7.300000000000004263e-01 3.328850253722603902e-01 8.471775022960871537e-02
7.400000000000004352e-01 3.386025407476180304e-01 8.631732891799187568e-02
7.500000000000004441e-01 3.429397660679495141e-01 8.830201293502805415e-02
7.600000000000004530e-01 3.485813485200452422e-01 9.081219120818187496e-02
7.700000000000004619e-01 3.533705417826775164e-01 9.340186518778020863e-02
7.800000000000004707e-01 3.575930296265480979e-01 9.535171077716954324e-02
7.900000000000004796e-01 3.631246536658922497e-01 9.693907578394625468e-02
8.000000000000004885e-01 3.686227715463859522e-01 9.976633009160974785e-02
8.100000000000004974e-01 3.735526998440333313e-01 1.015320643364257119e-01
8.200000000000005063e-01 3.790829960915205743e-01 1.040356448071422246e-01
8.300000000000005151e-01 3.849436550640525367e-01 1.052017497968519982e-01
8.400000000000005240e-01 3.895374024615927966e-01 1.078002750462154075e-01
8.500000000000005329e-01 3.944657204461805566e-01 1.087206983286327228e-01
8.600000000000005418e-01 3.999002753801426668e-01 1.119356139477150902e-01
8.700000000000005507e-01 4.057747928895278910e-01 1.133347860025420983e-01
8.800000000000005596e-01 4.121761287629415182e-01 1.140426834729237893e-01
8.900000000000005684e-01 4.181305382124412273e-01 1.161451017074903724e-01
9.000000000000005773e-01 4.237549007821914682e-01 1.189965760072750345e-01
9.100000000000005862e-01 4.300836461838307145e-01 1.200396851234736134e-01
9.200000000000005951e-01 4.356253218321213261e-01 1.219300915930776469e-01
9.300000000000006040e-01 4.412928477417990547e-01 1.240681293244343536e-01
9.400000000000006128e-01 4.476245354255220521e-01 1.261234892424572263e-01
9.500000000000006217e-01 4.525174581687926301e-01 1.272972372664598062e-01
9.600000000000006306e-01 4.587874998508358337e-01 1.287707234234220788e-01
9.700000000000006395e-01 4.654511411487623485e-01 1.301080795672827084e-01
9.800000000000006484e-01 4.716731381079366514e-01 1.313197757156311096e-01
9.900000000000006573e-01 4.758649502572656620e-01 1.325927233156838081e-01
1.000000000000000666e+00 4.838475752237879068e-01 1.336968395040353252e-01
1.010000000000000675e+00 4.892365867305296656e-01 1.355756239865506529e-01
1.020000000000000684e+00 4.954521115458552782e-01 1.367859809565788454e-01
1.030000000000000693e+00 5.004680965587331443e-01 1.384797309303588686e-01
1.040000000000000702e+00 5.066862835712764301e-01 1.385968064208909500e-01
1.050000000000000711e+00 5.139250962115049504e-01 1.395340850503696828e-01
1.060000000000000719e+00 5.182886180897031680e-01 1.405244481326317907e-01
1.070000000000000728e+00 5.242067671550331154e-01 1.413435069245704279e-01
1.080000000000000737e+00 5.305165345095775864e-01 1.423672568216251266e-01
1.090000000000000746e+00 5.369457710398356509e-01 1.420798045017019340e-01
1.100000000000000755e+00 5.434822828336265399e-01 1.437647259706774094e-01
1.110000000000000764e+00 5.496926456101661751e-01 1.439028357882903841e-01
1.120000000000000773e+00 5.562888443003293215e-01 1.445610676462166233e-01
1.130000000000000782e+00 5.627857816592887197e-01 1.446857040978306308e-01
1.140000000000000790e+00 5.688492080679482532e-01 1.451760584750153571e-01
1.150000000000000799e+00 5.733451471453355763e-01 1.455087216240548709e-01
1.160000000000000808e+00 5.793204334626863572e-01 1.457997859861065171e-01
1.170000000000000817e+00 5.840791865967427388e-01 1.465591911905578804e-01
1.180000000000000826e+00 5.905427855080775945e-01 1.459923001797432118e-01
1.190000000000000835e+00 5.953064449692332394e-01 1.461216782966078542e-01
1.200000000000000844e+00 6.021477138631405879e-01 1.452850002735123491e-01
1.210000000000000853e+00 6.066578281985959276e-01 1.460503767200502234e-01
1.220000000000000862e+00 6.124182505174429192e-01 1.456687467325110674e-01
1.230000000000000870e+00 6.175058569709097611e-01 1.456685632589433677e-01
1.240000000000000879e+00 6.233869935569196219e-01 1.449911383118606401e-01
1.250000000000000888e+00 6.274670997143725337e-01 1.455263088597939791e-01
1.260000000000000897e+00 6.330477400063670990e-01 1.451860660458539898e-01
1.270000000000000906e+00 6.387372786367117028e-01 1.446191510471992181e-01
1.280000000000000915e+00 6.439883901179380699e-01 1.438287886851229436e-01
1.290000000000000924e+00 6.494428884332988927e-01 1.436415466569748445e-01
1.300000000000000933e+00 6.540208201639676755e-01 1.427263111510761739e-01
1.310000000000000941e+00 6.587471093428319824e-01 1.418556397492095889e-01
1.320000000000000950e+00 6.629641441889418951e-01 1.418383243345675560e-01
1.330000000000000959e+00 6.676193767196907380e-01 1.412992720127107527e-01
1.340000000000000968e+00 6.724461769333185401e-01 1.407844306319721572e-01
1.350000000000000977e+00 6.772287074354113035e-01 1.397734524633415798e-01
1.360000000000000986e+00 6.814372006516206115e-01 1.398248919292329751e-01
1.370000000000000995e+00 6.860739569852011277e-01 1.389782408902976996e-01
1.380000000000001004e+00 6.902757425219390175e-01 1.384102449428459558e-01
1.390000000000001013e+00 6.948983503328394207e-01 1.374735254370688387e-01
1.400000000000001021e+00 6.987778051823848591e-01 1.369079782004828383e-01
1.410000000000001030e+00 7.029864704464975356e-01 1.358635753817084568e-01
1.420000000000001039e+00 7.073247524161252464e-01 1.344204022812061916e-01
1.430000000000001048e+00 7.108273413189124534e-01 1.343995119206618516e-01
1.440000000000001057e+00 7.146605133805939980e-01 1.337310313120615990e-01
1.450000000000001066e+00 7.185288801167371009e-01 1.326786383950596115e-01
1.460000000000001075e+00 7.220303241349806944e-01 1.323793492764967494e-01
1.470000000000001084e+00 7.260171040328022851e-01 1.309237912320975750e-01
1.480000000000001092e+00 7.291161659344403967e-01 1.310353467507670289e-01
1.490000000000001101e+00 7.333526405183171670e-01 1.296518028627307029e-01
1.500000000000001110e+00 7.370347767174184606e-01 1.283542151522807373e-01
1.510000000000001119e+00 7.401122814460781019e-01 1.283905469364550467e-01
1.520000000000001128e+00 7.441170561182776089e-01 1.269959093459147592e-01
1.530000000000001137e+00 7.471912158754423494e-01 1.265860551407416990e-01
1.540000000000001146e+00 7.510420006515426961e-01 1.247266486940443869e-01
1.550000000000001155e+00 7.540541985213610188e-01 1.239707724853685300e-01
1.560000000000001164e+00 7.570835847158571275e-01 1.233917424981396532e-01
1.570000000000001172e+00 7.605480516605164221e-01 1.220283583180513109e-01
1.580000000000001181e+00 7.635570963853968163e-01 1.218927472792520061e-01
1.590000000000001190e+00 7.668034023773492303e-01 1.206078848398347836e-01
1.600000000000001199e+00 7.700465267202403208e-01 1.193295461493412563e-01
1.610000000000001208e+00 7.729837066352048813e-01 1.183449939216644903e-01
1.620000000000001217e+00 7.760413771866200294e-01 1.173949467631799221e-01
1.630000000000001226e+00 7.787147864515576723e-01 1.169446012624673625e-01
1.640000000000001235e+00 7.816451563194811714e-01 1.156458561283429942e-01
1.650000000000001243e+00 7.847316589252441021e-01 1.138000868848919739e-01
1.660000000000001252e+00 7.874895682811656750e-01 1.127344126133189017e-01
1.670000000000001261e+00 7.898926952273056523e-01 1.122826566700093204e-01
1.680000000000001270e+00 7.921272271909731710e-01 1.123236966509192775e-01
1.690000000000001279e+00 7.949064749928120843e-01 1.111236712167961022e-01
1.700000000000001288e+00 7.974815585609446034e-01 1.098282259356253704e-01
1.710000000000001297e+00 8.002933833168874855e-01 1.079806518016183936e-01
1.720000000000001306e+00 8.026412615839867426e-01 1.075662872083866795e-01
1.730000000000001315e+00 8.049842313592225906e-01 1.063014210136386112e-01
1.740000000000001323e+00 8.070765073389766231e-01 1.061116607884434321e-01
1.750000000000001332e+00 8.097079572028830219e-01 1.043319132418543960e-01
1.760000000000001341e+00 8.123398383810371826e-01 1.024629973623740614e-01
1.770000000000001350e+00 8.145932856460922356e-01 1.013356464081523189e-01
1.780000000000001359e+00 8.166012755952143376e-01 1.010312159425169193e-01
1.790000000000001368e+00 8.189495096681337349e-01 9.951637557762750552e-02
1.800000000000001377e+00 8.211447597183649805e-01 9.835032363696012692e-02
1.810000000000001386e+00 8.233643870855269498e-01 9.696736915485106023e-02
1.820000000000001394e+00 8.249995393756590634e-01 9.701711976633942136e-02
1.830000000000001403e+00 8.272529274104563068e-01 9.534822287289289322e-02
1.840000000000001412e+00 8.288264714471115235e-01 9.557296180067104130e-02
1.850000000000001421e+00 8.311237997372482589e-01 9.363824001118714602e-02
1.860000000000001430e+00 8.330140105443459841e-01 9.310326163295407076e-02
1.870000000000001439e+00 8.351189486010444085e-01 9.163733954220662503e-02
1.880000000000001448e+00 8.365875255764481100e-01 9.163092805700312482e-02
1.890000000000001457e+00 8.383175711530173047e-01 9.099645657822011402e-02
1.900000000000001465e+00 8.406285117520821970e-01 8.853177501412601291e-02
1.910000000000001474e+00 8.424387543033153847e-01 8.762919794717706490e-02
1.920000000000001483e+00 8.442150376352854924e-01 8.678543768771401767e-02
1.930000000000001492e+00 8.460743988944733340e-01 8.533673668741491303e-02
1.940000000000001501e+00 8.479178900440738076e-01 8.401004030015371549e-02
1.950000000000001510e+00 8.495733448183198089e-01 8.323251730257050229e-02
1.960000000000001519e+00 8.509150626552119956e-01 8.328389132419904139e-02
1.970000000000001528e+00 8.523425974852488762e-01 8.298735026473766374e-02
1.980000000000001537e+00 8.541507455559408379e-01 8.096125298593483122e-02
1.990000000000001545e+00 8.555635648866607434e-01 8.048711243568185125e-02
2.000000000000001776e+00 8.569497229008505856e-01 8.001077187313217209e-02
2.010000000000001563e+00 8.582573582224856112e-01 7.972781917424541509e-02
2.020000000000001794e+00 8.596864601112215176e-01 7.920459711983604545e-02
2.030000000000001581e+00 8.611304597184168408e-01 7.826226467142199938e-02
2.040000000000001812e+00 8.626469473468240112e-01 7.689160521227457468e-02
2.050000000000001599e+00 8.641593732237096148e-01 7.578963846411018723e-02
2.060000000000001830e+00 8.654850496027139961e-01 7.518178312473287883e-02
2.070000000000001616e+00 8.668304752086075649e-01 7.413785594172489501e-02
2.080000000000001847e+00 8.679432705998152420e-01 7.428626852968346628e-02
2.090000000000001634e+00 8.691307274480726264e-01 7.393342268822594709e-02
2.100000000000001865e+00 8.703864553428465323e-01 7.304612714590208444e-02
2.110000000000001652e+00 8.714742281938809843e-01 7.300686605029171883e-02
2.120000000000001883e+00 8.727504622337246554e-01 7.208284624138230900e-02
2.130000000000001670e+00 8.738774983490643633e-01 7.165771591130866425e-02
2.140000000000001901e+00 8.751551655061198254e-01 7.042353106268729734e-02
2.150000000000001688e+00 8.763418321262461674e-01 7.008171842666810480e-02
2.160000000000001918e+00 8.775657050421790117e-01 6.911588403734644781e-02
2.170000000000001705e+00 8.785190965964222443e-01 6.899393202527011326e-02
