1.499999999999999944e-01 4.172521235100176695e-02 3.425699508672793488e-03
1.600000000000000033e-01 4.206599084563203417e-02 3.384432148452288808e-03
1.700000000000000122e-01 4.274350680359401827e-02 3.407674964452733248e-03
1.800000000000000211e-01 4.313378022426683778e-02 3.517494514246525487e-03
1.900000000000000300e-01 4.344911268953995098e-02 3.503715991087997389e-03
2.000000000000000389e-01 4.413776826165647510e-02 3.612991585688618123e-03
2.100000000000000477e-01 4.428318538550580358e-02 3.530563954470512626e-03
2.200000000000000566e-01 4.509075673027489878e-02 3.558828242991583443e-03
2.300000000000000655e-01 4.566258092536639585e-02 3.510911021936464170e-03
2.400000000000000744e-01 4.587963514336897142e-02 3.810504795361823425e-03
2.500000000000001110e-01 4.683405426101189956e-02 3.974933750568151840e-03
2.600000000000001199e-01 4.723976801329759362e-02 3.988290506589563938e-03
2.700000000000001288e-01 4.739984289482875035e-02 4.193357400925335453e-03
2.800000000000001377e-01 4.795525582842497664e-02 3.844213005137714877e-03
2.900000000000001465e-01 4.890263655549900723e-02 4.407038578851930205e-03
3.000000000000001554e-01 4.921064730132839599e-02 4.552449682029024482e-03
3.100000000000001643e-01 4.991029391106500263e-02 4.297692140726979207e-03
3.200000000000001732e-01 5.031496505071678116e-02 4.770392559625531714e-03
3.300000000000001821e-01 5.100642889694765453e-02 4.606447740459138941e-03
3.400000000000001910e-01 5.216222635794449253e-02 4.916700268042113221e-03
3.500000000000001998e-01 5.248184981804907695e-02 4.364191338989803146e-03
3.600000000000002087e-01 5.282982047602183956e-02 4.761075891932309290e-03
3.700000000000002176e-01 5.386711311711922523e-02 5.287297397457415768e-03
3.800000000000002265e-01 5.363605806154993216e-02 4.963092527712489703e-03
3.900000000000002354e-01 5.487150786244183315e-02 5.060198442232668146e-03
4.000000000000002442e-01 5.634161217524299298e-02 5.272821273171157154e-03
4.100000000000002531e-01 5.626273078489094082e-02 5.274510244367861499e-03
4.200000000000002620e-01 5.680473330593005521e-02 5.340459386099514864e-03
4.300000000000002709e-01 5.818055728921903147e-02 5.539790710898045457e-03
4.400000000000002798e-01 5.908295142367082919e-02 5.523500477188744880e-03
4.500000000000002887e-01 5.901824032971968170e-02 6.006712396319419112e-03
4.600000000000002975e-01 6.067312303296721471e-02 5.633791883705678051e-03
4.700000000000003064e-01 6.093744414553579902e-02 6.270080415812408735e-03
4.800000000000003153e-01 6.216324162757963512e-02 6.716882881748350090e-03
4.900000000000003242e-01 6.276459234944557763e-02 6.542912262439870737e-03
5.000000000000003331e-01 6.347777894228771867e-02 6.869250573912533304e-03
5.100000000000003419e-01 6.447033857780942734e-02 6.854755088638899742e-03
5.200000000000003508e-01 6.596561518646633371e-02 6.925347765065609923e-03
5.300000000000003597e-01 6.653471124637995449e-02 8.035650468255127465e-03
5.400000000000003686e-01 6.737436225205743756e-02 7.404594535192999746e-03
5.500000000000003775e-01 6.857370238020994713e-02 7.951208480087701772e-03
5.600000000000003864e-01 6.946612658904913196e-02 7.900446219643059154e-03
5.700000000000003952e-01 7.024477737749269812e-02 7.887082050629027133e-03
5.800000000000004041e-01 7.176909945811962843e-02 8.134121804952886697e-03
5.900000000000004130e-01 7.264295729743550090e-02 8.352354184892347294e-03
6.000000000000004219e-01 7.347954532027527186e-02 8.659351396974979825e-03
6.100000000000004308e-01 7.520077871332425667e-02 7.921738050727430286e-03
6.200000000000004396e-01 7.715947073148375634e-02 9.385191904063406795e-03
6.300000000000004485e-01 7.781962238557202372e-02 9.779531750611794236e-03
6.400000000000004574e-01 7.945346088948346264e-02 9.677620374660427308e-03
6.500000000000004663e-01 8.031377364501256222e-02 1.014633245752022579e-02
6.600000000000004752e-01 8.130261565121760237e-02 1.051812950959675474e-02
6.700000000000004841e-01 8.375803211659048342e-02 1.087911404861875535e-02
6.800000000000004929e-01 8.507006854807114271e-02 1.148384305540688100e-02
6.900000000000005018e-01 8.700955125674703083e-02 1.199633989501278260e-02
7.000000000000005107e-01 8.724273877589266979e-02 1.164134556931104535e-02
7.100000000000005196e-01 8.822802642722797628e-02 1.311253316141930761e-02
7.200000000000005285e-01 9.214252500660004286e-02 1.306971221140700891e-02
7.300000000000005373e-01 9.311190540978687979e-02 1.356150983572360427e-02
7.400000000000005462e-01 9.470020276117607771e-02 1.448363407166862286e-02
7.500000000000005551e-01 9.570842719491066963e-02 1.390896611697378833e-02
7.600000000000005640e-01 9.917793325292499629e-02 1.560180672330624928e-02
7.700000000000005729e-01 1.012981712363851677e-01 1.706561879038336060e-02
7.800000000000005818e-01 1.025519336276106697e-01 1.664123239397054949e-02
7.900000000000005906e-01 1.046571969907699184e-01 1.638104331355686588e-02
8.000000000000005995e-01 1.068184592725150150e-01 1.868519590200536443e-02
8.100000000000006084e-01 1.093004163717431754e-01 2.046726640796880589e-02
8.200000000000006173e-01 1.098766278823847808e-01 2.071882327688071013e-02
8.300000000000006262e-01 1.134082066996823096e-01 2.144324403743170723e-02
8.400000000000006350e-01 1.178903535486031939e-01 2.339483209269956066e-02
8.500000000000006439e-01 1.171830324558687936e-01 2.376787575091801955e-02
8.600000000000006528e-01 1.205950416387640001e-01 2.503681581759291050e-02
8.700000000000006617e-01 1.256754564416948938e-01 2.628932975073554681e-02
8.800000000000006706e-01 1.247493398810331361e-01 2.604865016746468753e-02
8.900000000000006795e-01 1.318766451632064629e-01 2.907818598386077702e-02
9.000000000000006883e-01 1.342129593719417480e-01 2.968083797213357661e-02
9.100000000000006972e-01 1.379032002272781443e-01 3.221214901710781758e-02
9.200000000000007061e-01 1.406649338350007827e-01 3.273162387954130226e-02
9.300000000000007150e-01 1.447636245789243603e-01 3.572358475614709206e-02
9.400000000000007239e-01 1.477098547797443262e-01 3.742706319283138627e-02
9.500000000000007327e-01 1.529304996371862180e-01 3.980276468822482178e-02
9.600000000000007416e-01 1.580223480645278622e-01 4.124832952560510829e-02
9.700000000000007505e-01 1.626134756370366252e-01 4.223833203205352993e-02
9.800000000000007594e-01 1.682849612868612399e-01 4.623900128948389004e-02
9.900000000000007683e-01 1.699652188344450698e-01 4.756506634589996452e-02
1.000000000000000666e+00 1.776639667517844745e-01 5.126297068470288959e-02
1.010000000000000675e+00 1.824368737395929696e-01 5.668871497069260385e-02
1.020000000000000684e+00 1.886624463112869798e-01 5.673192396022429251e-02
1.030000000000000693e+00 1.947406867007023812e-01 5.951360820394707013e-02
1.040000000000000702e+00 2.020765909814900008e-01 6.143349110861084234e-02
1.050000000000000711e+00 2.085967933551894637e-01 6.799158489103512837e-02
1.060000000000000719e+00 2.173414005151479977e-01 7.009970333524896680e-02
1.070000000000000728e+00 2.202680554875945385e-01 6.994812086422476372e-02
1.080000000000000737e+00 2.316069332888008037e-01 7.463743611002150724e-02
1.090000000000000746e+00 2.380784624499666380e-01 8.016813949462704703e-02
1.100000000000000755e+00 2.452798223569560843e-01 7.990355417256367332e-02
1.110000000000000764e+00 2.522273193914990053e-01 8.225816973903872509e-02
1.120000000000000773e+00 2.621246552395348761e-01 8.814477377247449674e-02
1.130000000000000782e+00 2.691744048112937326e-01 8.988908282233917801e-02
1.140000000000000790e+00 2.785946208417153236e-01 9.046983573943689905e-02
1.150000000000000799e+00 2.931960325416036461e-01 9.499673570154368307e-02
1.160000000000000808e+00 2.980329965023509886e-01 1.005933446024308842e-01
1.170000000000000817e+00 3.073292561827939973e-01 1.006327334075026586e-01
1.180000000000000826e+00 3.166373327491738832e-01 1.026262801374272643e-01
1.190000000000000835e+00 3.271231304422399511e-01 1.068807457343767253e-01
1.200000000000000844e+00 3.401265699730605663e-01 1.074121766507591669e-01
1.210000000000000853e+00 3.512786262020777817e-01 1.072357619631965076e-01
1.220000000000000862e+00 3.598781420451371282e-01 1.093735427451975745e-01
1.230000000000000870e+00 3.700996856468484197e-01 1.094180797410451850e-01
1.240000000000000879e+00 3.767909891619837248e-01 1.115448187055277374e-01
1.250000000000000888e+00 3.891845169714737707e-01 1.112842358819349231e-01
1.260000000000000897e+00 3.997007952213542659e-01 1.086501463760034397e-01
1.270000000000000906e+00 4.106870608089787100e-01 1.111511884187711685e-01
1.280000000000000915e+00 4.203305064131540036e-01 1.136203388992375746e-01
1.290000000000000924e+00 4.323593373819005770e-01 1.109393022908840010e-01
1.300000000000000933e+00 4.425704239908914150e-01 1.136834843950659535e-01
1.310000000000000941e+00 4.529993263427419814e-01 1.107194553044226482e-01
1.320000000000000950e+00 4.637630108056945977e-01 1.104255528036796191e-01
1.330000000000000959e+00 4.736583268562249982e-01 1.085231838817664329e-01
1.340000000000000968e+00 4.834205227021821094e-01 1.106567381703445901e-01
1.350000000000000977e+00 4.910038098649510130e-01 1.093727475129800952e-01
1.360000000000000986e+00 5.021343477205691963e-01 1.073135360846266262e-01
1.370000000000000995e+00 5.109750784853129835e-01 1.075538413210100769e-01
1.380000000000001004e+00 5.218244310317435852e-01 1.037696343769836937e-01
1.390000000000001013e+00 5.284531332693940264e-01 1.034791100202828024e-01
1.400000000000001021e+00 5.386972204100127781e-01 1.000910824439300989e-01
1.410000000000001030e+00 5.465897613170969116e-01 1.014614128488349754e-01
1.420000000000001039e+00 5.557074635993013434e-01 9.715164255136156390e-02
1.430000000000001048e+00 5.642451491129054642e-01 9.602267312202546201e-02
1.440000000000001057e+00 5.717834892458432128e-01 9.608552656689914317e-02
1.450000000000001066e+00 5.795206447460209409e-01 9.234694049413229300e-02
1.460000000000001075e+00 5.876248140628780314e-01 9.066876908998525164e-02
1.470000000000001084e+00 5.959946232938082566e-01 8.676083673445750266e-02
1.480000000000001092e+00 6.033572545764024353e-01 8.451524293768786222e-02
1.490000000000001101e+00 6.094184811753451392e-01 8.605967846521769826e-02
1.500000000000001110e+00 6.175766917124055899e-01 8.252765963520633519e-02
1.510000000000001119e+00 6.246942152376364632e-01 7.948984516916116072e-02
1.520000000000001128e+00 6.307061282275249203e-01 7.951841110055096751e-02
1.530000000000001137e+00 6.368989455502814812e-01 7.918254117580107720e-02
1.540000000000001146e+00 6.430348657928806055e-01 7.692061796639361460e-02
1.550000000000001155e+00 6.499505315578343323e-01 7.258729766625347801e-02
1.560000000000001164e+00 6.558899696048940964e-01 7.086831254409939329e-02
1.570000000000001172e+00 6.624048633906105543e-01 6.880193937050084474e-02
1.580000000000001181e+00 6.683298510081825405e-01 6.688860113422741283e-02
1.590000000000001190e+00 6.737047973298487813e-01 6.534779570283073824e-02
1.600000000000001199e+00 6.790172275806960478e-01 6.390835525544515117e-02
1.610000000000001208e+00 6.841897535355426774e-01 6.281491981743582420e-02
1.620000000000001217e+00 6.891805152695950065e-01 6.158439165342941002e-02
1.630000000000001226e+00 6.944366244783438669e-01 5.960907105926688265e-02
1.640000000000001235e+00 6.992653289512887893e-01 5.859940466799253012e-02
1.650000000000001243e+00 7.041460631792345604e-01 5.715039365346277767e-02
1.660000000000001252e+00 7.089367007762679140e-01 5.585088330872769319e-02
1.670000000000001261e+00 7.133974844300242646e-01 5.441643313736157367e-02
1.680000000000001270e+00 7.176207522741498979e-01 5.375768535538372889e-02
1.690000000000001279e+00 7.220599669048221037e-01 5.196616652378433648e-02
1.700000000000001288e+00 7.261202558690708075e-01 5.116531647915011083e-02
1.710000000000001297e+00 7.301505874622082892e-01 5.010987149291766529e-02
1.720000000000001306e+00 7.342624706963448711e-01 4.881617847867647519e-02
1.730000000000001315e+00 7.379796199271387858e-01 4.817637051549013283e-02
1.740000000000001323e+00 7.415144064606564722e-01 4.702593359371035758e-02
1.750000000000001332e+00 7.447335900713429879e-01 4.677514218728307666e-02
1.760000000000001341e+00 7.484689233016754706e-01 4.554473892700451609e-02
1.770000000000001350e+00 7.516652705722699501e-01 4.517632764012154134e-02
1.780000000000001359e+00 7.550672575903015771e-01 4.382803223479041221e-02
1.790000000000001368e+00 7.580508498446737464e-01 4.390273637565947351e-02
1.800000000000001377e+00 7.617225043750032176e-01 4.213288877156082940e-02
1.810000000000001386e+00 7.649416920519620522e-01 4.147831318987525717e-02
1.820000000000001394e+00 7.679283252547645100e-01 4.073371422397768782e-02
1.830000000000001403e+00 7.708390779525838843e-01 4.026923837808339679e-02
1.840000000000001412e+00 7.737479058266281129e-01 3.961869192097580705e-02
1.850000000000001421e+00 7.766641312135196262e-01 3.865352726278152573e-02
1.860000000000001430e+00 7.796033619933669945e-01 3.797493568034022993e-02
1.870000000000001439e+00 7.823634823691133500e-01 3.736842088290209113e-02
1.880000000000001448e+00 7.850864627051584721e-01 3.668378325031469711e-02
1.890000000000001457e+00 7.877548703058803170e-01 3.585916744222820973e-02
1.900000000000001465e+00 7.902758565372232091e-01 3.524603452468090536e-02
1.910000000000001474e+00 7.930209425768550702e-01 3.413414941046026552e-02
1.920000000000001483e+00 7.955801391777225229e-01 3.336709780586935570e-02
1.930000000000001492e+00 7.980673117889135471e-01 3.286048060165728396e-02
1.940000000000001501e+00 8.005107108345307365e-01 3.223497816530052074e-02
1.950000000000001510e+00 8.030170933357200225e-01 3.156432798535177553e-02
1.960000000000001519e+00 8.053499373455305088e-01 3.112215562382968440e-02
1.970000000000001528e+00 8.076639251428392452e-01 3.049801384426618564e-02
1.980000000000001537e+00 8.099016827099945193e-01 2.999403170535373114e-02
1.990000000000001545e+00 8.120197693479886958e-01 2.977996202980445414e-02
2.000000000000001776e+00 8.141071559419715831e-01 2.928542389899872755e-02
2.010000000000001563e+00 8.160996564480685889e-01 2.908929465906903017e-02
2.020000000000001794e+00 8.180896916521440687e-01 2.860719842987696424e-02
2.030000000000001581e+00 8.199131334511995384e-01 2.836957141422991741e-02
2.040000000000001812e+00 8.219910540033562585e-01 2.784744246206402943e-02
2.050000000000001599e+00 8.238875337433688717e-01 2.738105013893255349e-02
2.060000000000001830e+00 8.257297548298899725e-01 2.720362298164931414e-02
2.070000000000001616e+00 8.274846209998839575e-01 2.697917716755655893e-02
2.080000000000001847e+00 8.292969932992844129e-01 2.643057881065727366e-02
2.090000000000001634e+00 8.311327529106720124e-01 2.609208055673996329e-02
2.100000000000001865e+00 8.328989855586385049e-01 2.572603279562004838e-02
2.110000000000001652e+00 8.346372986346325407e-01 2.532501046140542625e-02
2.120000000000001883e+00 8.363170814894085314e-01 2.499158396831814566e-02
2.130000000000001670e+00 8.379866992435847095e-01 2.464062138968194093e-02
2.140000000000001901e+00 8.395687381942842364e-01 2.444465922106370606e-02
