1.799999999999999933e-01 8.191606787240027221e-02 7.211959725655915990e-03
1.900000000000000022e-01 8.262405506277220590e-02 7.035278557919589712e-03
2.000000000000000111e-01 8.339294560207712037e-02 7.334321149846300715e-03
2.100000000000000200e-01 8.389819186839592158e-02 7.353352157791408911e-03
2.200000000000000289e-01 8.545254660314761941e-02 7.554131732321934384e-03
2.300000000000000377e-01 8.619612332111586950e-02 7.333003324286460796e-03
2.400000000000000466e-01 8.704174159502450769e-02 7.890935962267125320e-03
2.500000000000000555e-01 8.823478504082252205e-02 7.814232800245575483e-03
2.600000000000000644e-01 8.894210025656593133e-02 7.820983950089004100e-03
2.700000000000000733e-01 9.017151591634511854e-02 8.272217373562365181e-03
2.800000000000000822e-01 9.088043697028830303e-02 8.025147989573922641e-03
2.900000000000000910e-01 9.178232572481161144e-02 8.319188120065624040e-03
3.000000000000000999e-01 9.271071202873573669e-02 9.131928661015122073e-03
3.100000000000001088e-01 9.416467291188533595e-02 9.056460153599661320e-03
3.200000000000001177e-01 9.498214310244949832e-02 9.178306076227176272e-03
3.300000000000001266e-01 9.610341822162742076e-02 9.254819067202994104e-03
3.400000000000001354e-01 9.724253205714987469e-02 9.024800593642938115e-03
3.500000000000001443e-01 9.860113836629032236e-02 9.538721492788592923e-03
3.600000000000001532e-01 9.934528211451240653e-02 9.734519255891400588e-03
3.700000000000001621e-01 1.007092070803096290e-01 9.801623688921391048e-03
3.800000000000001710e-01 1.021748192227638907e-01 9.878921779166433340e-03
3.900000000000001799e-01 1.031885727649170803e-01 1.035593749130379881e-02
4.000000000000001887e-01 1.044310009022121066e-01 1.038537937448884285e-02
4.100000000000001976e-01 1.058954059339018011e-01 1.098229916011433070e-02
4.200000000000002065e-01 1.068568345040375456e-01 1.114715695661473889e-02
4.300000000000002154e-01 1.081051050052645873e-01 1.127407153828815893e-02
4.400000000000002243e-01 1.100353798184952325e-01 1.144249235268969024e-02
4.500000000000002331e-01 1.110436402252191618e-01 1.157843279825374050e-02
4.600000000000002420e-01 1.129950745032756304e-01 1.259443265575184781e-02
4.700000000000002509e-01 1.140693827132602950e-01 1.270169966695157589e-02
4.800000000000002598e-01 1.157588351651385183e-01 1.267538164014765309e-02
4.900000000000002687e-01 1.174133965554702425e-01 1.390563991342632158e-02
5.000000000000002220e-01 1.191054671138259136e-01 1.411709769772932256e-02
5.100000000000002309e-01 1.207583936613940562e-01 1.365377165620180154e-02
5.200000000000002398e-01 1.224496988848739198e-01 1.494193180771709838e-02
5.300000000000002487e-01 1.235537099088404311e-01 1.518559856971256686e-02
5.400000000000002576e-01 1.253308719162689322e-01 1.514541806820005228e-02
5.500000000000002665e-01 1.284555603614183916e-01 1.663939255703437287e-02
5.600000000000002753e-01 1.294140229909141182e-01 1.571513197189117889e-02
5.700000000000002842e-01 1.310709373083833729e-01 1.721928505821013547e-02
5.800000000000002931e-01 1.332423366256906549e-01 1.759283134059869483e-02
5.900000000000003020e-01 1.349380096254418349e-01 1.783758088036910966e-02
6.000000000000003109e-01 1.372392573645849767e-01 1.868471979765864641e-02
6.100000000000003197e-01 1.394108406454043769e-01 1.880591342513854985e-02
6.200000000000003286e-01 1.413389735190968277e-01 1.997667182201827082e-02
6.300000000000003375e-01 1.425781072335776944e-01 2.028349821243090323e-02
6.400000000000003464e-01 1.454177942379223099e-01 2.057274220846361940e-02
6.500000000000003553e-01 1.484032173089121776e-01 2.203097347104800846e-02
6.600000000000003642e-01 1.499791900452036586e-01 2.284206369839575368e-02
6.700000000000003730e-01 1.528939599585745213e-01 2.327441998497469314e-02
6.800000000000003819e-01 1.563909680794152157e-01 2.418181504863838038e-02
6.900000000000003908e-01 1.574233707022333340e-01 2.621862658559844309e-02
7.000000000000003997e-01 1.608542717955562251e-01 2.640262367419440523e-02
7.100000000000004086e-01 1.637876233955094796e-01 2.719120884153748349e-02
7.200000000000004174e-01 1.669640805157592556e-01 2.870312559476235342e-02
7.300000000000004263e-01 1.680195551922287200e-01 2.884745374616367111e-02
7.400000000000004352e-01 1.718794957545661528e-01 3.096022604468701492e-02
7.500000000000004441e-01 1.760175524300109651e-01 3.188009468437672661e-02
7.600000000000004530e-01 1.780388559287207351e-01 3.280652683868388875e-02
7.700000000000004619e-01 1.811578443707330677e-01 3.433890860272557910e-02
7.800000000000004707e-01 1.850720936432510288e-01 3.486779587160907662e-02
7.900000000000004796e-01 1.883594170083372765e-01 3.819431503745867457e-02
8.000000000000004885e-01 1.915982879182523968e-01 3.876216948994524319e-02
8.100000000000004974e-01 1.972001033122418034e-01 4.074197814930121536e-02
8.200000000000005063e-01 1.994297924726721460e-01 4.284517442075206489e-02
8.300000000000005151e-01 2.048672910708051187e-01 4.454317948549318951e-02
8.400000000000005240e-01 2.076976719782638869e-01 4.808026901741644515e-02
8.500000000000005329e-01 2.125081314939973598e-01 4.917277207913684639e-02
8.600000000000005418e-01 2.163187305201474953e-01 5.064765101771214612e-02
8.700000000000005507e-01 2.205472076086899824e-01 5.276910703748396297e-02
8.800000000000005596e-01 2.249099620477128247e-01 5.533855672065467191e-02
8.900000000000005684e-01 2.291314174832407569e-01 5.686153289528473459e-02
9.000000000000005773e-01 2.339762534979143715e-01 6.046716547542704129e-02
9.100000000000005862e-01 2.384912708419863192e-01 6.160342176280567128e-02
9.200000000000005951e-01 2.446862943836933812e-01 6.532934162371986653e-02
9.300000000000006040e-01 2.493606487993704213e-01 6.676649061440624588e-02
9.400000000000006128e-01 2.545267443889141501e-01 6.951841270645479909e-02
9.500000000000006217e-01 2.607064559745412291e-01 7.265114101700258231e-02
9.600000000000006306e-01 2.658558956345634106e-01 7.442433616423690945e-02
9.700000000000006395e-01 2.702106164735357807e-01 7.746325565288852966e-02
9.800000000000006484e-01 2.774209022155021964e-01 7.999900019070330104e-02
9.900000000000006573e-01 2.846528429010106720e-01 8.139798636576948965e-02
1.000000000000000666e+00 2.890129696989511277e-01 8.327513700488750614e-02
1.010000000000000675e+00 2.941041128517272729e-01 8.749217255400398852e-02
1.020000000000000684e+00 3.006677997405462488e-01 8.984458916453291755e-02
1.030000000000000693e+00 3.079102716108798599e-01 9.147476980332354402e-02
1.040000000000000702e+00 3.125491457761172542e-01 9.326950857903316960e-02
1.050000000000000711e+00 3.212225027039631309e-01 9.593348174553224805e-02
1.060000000000000719e+00 3.281164331573346304e-01 9.749594270871157764e-02
1.070000000000000728e+00 3.355266386700121450e-01 1.001278250116978408e-01
1.080000000000000737e+00 3.418674355724972691e-01 1.008519996754249359e-01
1.090000000000000746e+00 3.490465447069855398e-01 1.033053654878128835e-01
1.100000000000000755e+00 3.554918312596894170e-01 1.067713715168438215e-01
1.110000000000000764e+00 3.630292506482328818e-01 1.085948433269072755e-01
1.120000000000000773e+00 3.689383280263000553e-01 1.108900130736653750e-01
1.130000000000000782e+00 3.775817593289472751e-01 1.115570789071706898e-01
1.140000000000000790e+00 3.855114885348028264e-01 1.138753339120459757e-01
1.150000000000000799e+00 3.930719255974860493e-01 1.142496340343518019e-01
1.160000000000000808e+00 3.995940933514043336e-01 1.169271090710202465e-01
1.170000000000000817e+00 4.080389781800553561e-01 1.188509742465437558e-01
1.180000000000000826e+00 4.170909350787883607e-01 1.201633361533879368e-01
1.190000000000000835e+00 4.242378415816989712e-01 1.220265601154902624e-01
1.200000000000000844e+00 4.314776441147315511e-01 1.232940060860388681e-01
1.210000000000000853e+00 4.399121895292353313e-01 1.246783016497131219e-01
1.220000000000000862e+00 4.471238014979977970e-01 1.251958667525137348e-01
1.230000000000000870e+00 4.540366925074386661e-01 1.272691844366749259e-01
1.240000000000000879e+00 4.641554642638546224e-01 1.276832286393188021e-01
1.250000000000000888e+00 4.707670647819157117e-01 1.286435825294427182e-01
1.260000000000000897e+00 4.782527360645983938e-01 1.291486184498507606e-01
1.270000000000000906e+00 4.863431819223422159e-01 1.288749688468568688e-01
1.280000000000000915e+00 4.949457884429486199e-01 1.289458257929703977e-01
1.290000000000000924e+00 5.019492010771940960e-01 1.295020955263899431e-01
1.300000000000000933e+00 5.103270839589484353e-01 1.293394910209542947e-01
1.310000000000000941e+00 5.164715469647425117e-01 1.310555404588830408e-01
1.320000000000000950e+00 5.244465018359887321e-01 1.300152216764654811e-01
1.330000000000000959e+00 5.308442440187248756e-01 1.302689821103788503e-01
1.340000000000000968e+00 5.385119023305637853e-01 1.304654798166526020e-01
1.350000000000000977e+00 5.466547878674722361e-01 1.300440905073604048e-01
1.360000000000000986e+00 5.550917629084215488e-01 1.281508717363219196e-01
1.370000000000000995e+00 5.612873437298645518e-01 1.291324897466569754e-01
1.380000000000001004e+00 5.688405237488878274e-01 1.281680566111519093e-01
1.390000000000001013e+00 5.758425087930871822e-01 1.269532907718976811e-01
1.400000000000001021e+00 5.840098509213849098e-01 1.248426821736897674e-01
1.410000000000001030e+00 5.896956773585929623e-01 1.257688113722700562e-01
1.420000000000001039e+00 5.967592986160127344e-01 1.244165625460156022e-01
1.430000000000001048e+00 6.044681015821479209e-01 1.226374697334836339e-01
1.440000000000001057e+00 6.109072289030150760e-01 1.215360557466045599e-01
1.450000000000001066e+00 6.168443651422891305e-01 1.210961581708540208e-01
1.460000000000001075e+00 6.227231920032115786e-01 1.205331593818926711e-01
1.470000000000001084e+00 6.296561702692450302e-01 1.179590664940482064e-01
1.480000000000001092e+00 6.354195223785780167e-01 1.175811319934071536e-01
1.490000000000001101e+00 6.412452308709027937e-01 1.164367006012255179e-01
1.500000000000001110e+00 6.468432395629064580e-01 1.151579363969283537e-01
1.510000000000001119e+00 6.528204467881122408e-01 1.137479787338821907e-01
1.520000000000001128e+00 6.586826881708213177e-01 1.119414833920458624e-01
1.530000000000001137e+00 6.645222815422834328e-01 1.109290225565465193e-01
1.540000000000001146e+00 6.699296052913116251e-01 1.093437885185063740e-01
1.550000000000001155e+00 6.754629553170631295e-01 1.077331567753123942e-01
1.560000000000001164e+00 6.804417460157257125e-01 1.069207003128715139e-01
1.570000000000001172e+00 6.857266351425524986e-01 1.050235449216548184e-01
1.580000000000001181e+00 6.909799275238844851e-01 1.028567960351031430e-01
1.590000000000001190e+00 6.958967174388253074e-01 1.017635850605025510e-01
1.600000000000001199e+00 7.006468012383616495e-01 9.998626899913203026e-02
1.610000000000001208e+00 7.053586237947796489e-01 9.839657264166037920e-02
1.620000000000001217e+00 7.101991684159328910e-01 9.711414781866917201e-02
1.630000000000001226e+00 7.144264191474180015e-01 9.565909075646233939e-02
1.640000000000001235e+00 7.193195792422814039e-01 9.411555722107096955e-02
1.650000000000001243e+00 7.230066509775315842e-01 9.341607604002560850e-02
1.660000000000001252e+00 7.274216325246999348e-01 9.096344030449214635e-02
1.670000000000001261e+00 7.316924937985292976e-01 8.961244562607122155e-02
1.680000000000001270e+00 7.355384333182308776e-01 8.821040380642786172e-02
1.690000000000001279e+00 7.389871963416357881e-01 8.713288671465185820e-02
1.700000000000001288e+00 7.428535779785987447e-01 8.590761995310187971e-02
1.710000000000001297e+00 7.463711166313979906e-01 8.469931543080391756e-02
1.720000000000001306e+00 7.499875382323322182e-01 8.316227881889845519e-02
1.730000000000001315e+00 7.537517111171672113e-01 8.153875991324384398e-02
1.740000000000001323e+00 7.569062028996634828e-01 8.143523902782628943e-02
1.750000000000001332e+00 7.603605353550334511e-01 7.964824653280924704e-02
1.760000000000001341e+00 7.638213287381102612e-01 7.809627270916134900e-02
1.770000000000001350e+00 7.668003219913969160e-01 7.777284605127468553e-02
1.780000000000001359e+00 7.703289558180139718e-01 7.520597645167659273e-02
1.790000000000001368e+00 7.733908692069446644e-01 7.430415511616317303e-02
1.800000000000001377e+00 7.763814919882707777e-01 7.300805844328391025e-02
1.810000000000001386e+00 7.790409918973114634e-01 7.248195976162946641e-02
1.820000000000001394e+00 7.821160372803125371e-01 7.096595177048593828e-02
1.830000000000001403e+00 7.851672825140867396e-01 6.950335753717501452e-02
1.840000000000001412e+00 7.880612024458273357e-01 6.808955012279722940e-02
1.850000000000001421e+00 7.905535551911185843e-01 6.785274730779058960e-02
1.860000000000001430e+00 7.930041254435897802e-01 6.694303025957669406e-02
1.870000000000001439e+00 7.956786905754571482e-01 6.567500618687027725e-02
1.880000000000001448e+00 7.981864056704021104e-01 6.510675897912684973e-02
1.890000000000001457e+00 8.006840778929980029e-01 6.358094981127443424e-02
1.900000000000001465e+00 8.032469835648314849e-01 6.233111350041435628e-02
1.910000000000001474e+00 8.056396858814683926e-01 6.171888531688202173e-02
1.920000000000001483e+00 8.080115090230004515e-01 6.134501155973110659e-02
1.930000000000001492e+00 8.104967469569943628e-01 5.905587501275118972e-02
1.940000000000001501e+00 8.125211607017444049e-01 5.891270613392705219e-02
1.950000000000001510e+00 8.148271980904683298e-01 5.717925363784787107e-02
1.960000000000001519e+00 8.169665882184533601e-01 5.660941670229068662e-02
1.970000000000001528e+00 8.189845640155333228e-01 5.611614009643579176e-02
1.980000000000001537e+00 8.210480258390104868e-01 5.498294637747389024e-02
1.990000000000001545e+00 8.229338678210036395e-01 5.494858165634688291e-02
2.000000000000001776e+00 8.250674858799604827e-01 5.322963315120295830e-02
2.010000000000001563e+00 8.270518896256835450e-01 5.229870971239003463e-02
2.020000000000001794e+00 8.289714231774764075e-01 5.125193166275730100e-02
2.030000000000001581e+00 8.308048297773372726e-01 5.073936747770456390e-02
2.040000000000001812e+00 8.326580935520581095e-01 4.988665392232886908e-02
2.050000000000001599e+00 8.343905790038582682e-01 4.930992685055034935e-02
2.060000000000001830e+00 8.361001544549475639e-01 4.878598892268846965e-02
2.070000000000001616e+00 8.377513621472340022e-01 4.827868617505375048e-02
2.080000000000001847e+00 8.394822691056711417e-01 4.743761450922671236e-02
2.090000000000001634e+00 8.411942262355540656e-01 4.670916686608245910e-02
2.100000000000001865e+00 8.428082535727100533e-01 4.620342902354025033e-02
2.110000000000001652e+00 8.444249519730061548e-01 4.569528980971131193e-02
2.120000000000001883e+00 8.460082654305771666e-01 4.490014762673852355e-02
2.130000000000001670e+00 8.475204971865251125e-01 4.476152587549956513e-02
2.140000000000001901e+00 8.490864631960475251e-01 4.386119060705106348e-02
2.150000000000001688e+00 8.505797638912169223e-01 4.342182155263031584e-02
2.160000000000001918e+00 8.520158300693506659e-01 4.287155285488063183e-02
2.170000000000001705e+00 8.534743620515393703e-01 4.227686547626764019e-02
