1.199999999999999956e-01 5.108225727928508014e-02 4.700907081945088564e-03
1.300000000000000044e-01 5.128463233434122498e-02 4.861324098437345281e-03
1.400000000000000133e-01 5.176022105528208656e-02 4.691064992187104175e-03
1.500000000000000222e-01 5.275159311354406938e-02 5.421687266410762929e-03
1.600000000000000311e-01 5.345857191399383535e-02 5.368812206838687387e-03
1.700000000000000400e-01 5.364199051642905974e-02 5.342659435088660883e-03
1.800000000000000488e-01 5.420422622168463017e-02 5.322456098647967114e-03
1.900000000000000577e-01 5.453424223062174059e-02 5.669738880921572355e-03
2.000000000000000666e-01 5.508255981389415662e-02 5.580084370669858435e-03
2.100000000000000755e-01 5.589378284806567621e-02 5.643436985997707031e-03
2.200000000000000844e-01 5.610062693305020026e-02 5.858664430319803634e-03
2.300000000000000933e-01 5.730079238292899724e-02 5.498639821298107258e-03
2.400000000000001021e-01 5.786708397158791400e-02 6.360262290392196607e-03
2.500000000000001110e-01 5.860555254680770848e-02 6.117600162773931434e-03
2.600000000000001199e-01 5.884190160838150691e-02 6.320922173922379622e-03
2.700000000000001288e-01 5.939958439931891654e-02 6.450070378592119048e-03
2.800000000000001377e-01 6.009005098681368534e-02 6.513844428089684765e-03
2.900000000000001465e-01 6.100444898871428684e-02 6.906835427171898606e-03
3.000000000000001554e-01 6.187634943773530349e-02 6.516369706838671082e-03
3.100000000000001643e-01 6.240155570028225324e-02 6.985788750865013115e-03
3.200000000000001732e-01 6.308841411774177010e-02 7.529418889014281857e-03
3.300000000000001821e-01 6.399492271499765406e-02 8.026523542358710711e-03
3.400000000000001910e-01 6.474121128277207649e-02 7.566972882702235892e-03
3.500000000000001998e-01 6.560935194907339951e-02 7.807316912054389386e-03
3.600000000000002087e-01 6.640225716767615693e-02 8.184191944824304246e-03
3.700000000000002176e-01 6.674212544447570561e-02 8.037146483184333043e-03
3.800000000000002265e-01 6.862863791554152382e-02 8.748131144842097653e-03
3.900000000000002354e-01 6.930861259706198874e-02 9.130994888622061267e-03
4.000000000000002442e-01 6.999364518229385379e-02 9.459942901570978294e-03
4.100000000000002531e-01 7.086259183398642414e-02 9.209227987389123973e-03
4.200000000000002620e-01 7.184627534336328336e-02 8.934320182448045322e-03
4.300000000000002709e-01 7.274342850846435282e-02 9.568096036066873339e-03
4.400000000000002798e-01 7.302631892706519523e-02 9.045928262030952446e-03
4.500000000000002887e-01 7.499154518021107496e-02 1.053854748078551784e-02
4.600000000000002975e-01 7.583512767966472945e-02 9.597375586373718681e-03
4.700000000000003064e-01 7.587208346674473303e-02 1.000810740495696426e-02
4.800000000000003153e-01 7.699197973993854305e-02 9.400068921245908690e-03
4.900000000000003242e-01 7.888717481218845973e-02 1.154672612347578883e-02
5.000000000000003331e-01 8.058564717916032183e-02 1.214156030720311280e-02
5.100000000000003419e-01 8.066581531428768104e-02 1.094134487222855022e-02
5.200000000000003508e-01 8.244646673841297957e-02 1.103625923098852483e-02
5.300000000000003597e-01 8.352524461549200308e-02 1.167453921230087767e-02
5.400000000000003686e-01 8.377378600490120730e-02 1.253800294523233286e-02
5.500000000000003775e-01 8.516789198360825985e-02 1.320087975210740804e-02
5.600000000000003864e-01 8.719591802029083571e-02 1.229527604407621051e-02
5.700000000000003952e-01 8.949935360872526835e-02 1.402753329889413168e-02
5.800000000000004041e-01 9.018671226282194697e-02 1.544630789476687804e-02
5.900000000000004130e-01 9.160517985270222319e-02 1.498891674039359335e-02
6.000000000000004219e-01 9.359176899073538836e-02 1.563894739286891475e-02
6.100000000000004308e-01 9.428628017880658074e-02 1.571915731731925517e-02
6.200000000000004396e-01 9.585417213367103395e-02 1.673337547368158526e-02
6.300000000000004485e-01 9.681602580623657750e-02 1.596592164783888074e-02
6.400000000000004574e-01 9.770327220274729885e-02 1.811155429413273399e-02
6.500000000000004663e-01 9.949850878535565490e-02 1.802968289041334549e-02
6.600000000000004752e-01 1.003701069936522861e-01 1.821209489755481331e-02
6.700000000000004841e-01 1.027538495038508998e-01 1.999398656050380835e-02
6.800000000000004929e-01 1.048469958461499263e-01 2.171190797062895472e-02
6.900000000000005018e-01 1.067834598462992779e-01 1.981559566470756859e-02
7.000000000000005107e-01 1.091197629904551991e-01 2.177017137078048753e-02
7.100000000000005196e-01 1.094912920374026544e-01 2.235920427029227178e-02
7.200000000000005285e-01 1.108905994483019020e-01 2.286802450422260879e-02
7.300000000000005373e-01 1.145665317922231474e-01 2.536612941899375750e-02
7.400000000000005462e-01 1.153682506658092188e-01 2.597240205142655606e-02
7.500000000000005551e-01 1.176671054174523862e-01 2.671527759792548598e-02
7.600000000000005640e-01 1.207654321379702383e-01 2.924017546557574829e-02
7.700000000000005729e-01 1.208396178150700218e-01 2.794499238087083323e-02
7.800000000000005818e-01 1.247180379943830242e-01 2.982928521747438624e-02
7.900000000000005906e-01 1.258430036601629609e-01 3.057922140430864577e-02
8.000000000000005995e-01 1.278378486695201099e-01 3.130469274794805967e-02
8.100000000000006084e-01 1.334091767646783111e-01 3.428262151766669347e-02
8.200000000000006173e-01 1.334397628307127937e-01 3.311224924874425768e-02
8.300000000000006262e-01 1.371339385697777358e-01 3.581538028227188031e-02
8.400000000000006350e-01 1.411482030092354734e-01 3.682372544033881562e-02
8.500000000000006439e-01 1.423644489978191929e-01 3.725735458808795975e-02
8.600000000000006528e-01 1.466288120844768672e-01 3.991290184538327790e-02
8.700000000000006617e-01 1.475206061506330046e-01 4.036093854494930688e-02
8.800000000000006706e-01 1.512551484719703021e-01 4.241165996830754265e-02
8.900000000000006795e-01 1.542842450905059226e-01 4.499987294163768775e-02
9.000000000000006883e-01 1.576947677386824898e-01 4.570864646336050136e-02
9.100000000000006972e-01 1.594763414511250754e-01 4.692811633489036433e-02
9.200000000000007061e-01 1.659147083583836502e-01 4.758504185105177225e-02
9.300000000000007150e-01 1.664390993649297323e-01 4.690993106226951093e-02
9.400000000000007239e-01 1.712158415432957492e-01 5.129886285035867299e-02
9.500000000000007327e-01 1.771409031754132557e-01 5.494036437885287810e-02
9.600000000000007416e-01 1.791056250498826441e-01 5.529062821150829837e-02
9.700000000000007505e-01 1.841136438087490612e-01 5.860366883972827762e-02
9.800000000000007594e-01 1.889949902242418489e-01 6.271114031994212690e-02
9.900000000000007683e-01 1.922464571388472487e-01 6.197661965532614420e-02
1.000000000000000888e+00 1.969988302754639986e-01 6.418315389095761991e-02
1.010000000000000675e+00 2.019111908121455634e-01 6.779234663653149751e-02
1.020000000000000906e+00 2.043456253105384590e-01 6.602160558970787685e-02
1.030000000000000693e+00 2.116167615672836233e-01 6.823926732806734341e-02
1.040000000000000924e+00 2.169685204932399747e-01 7.008977233504555537e-02
1.050000000000000711e+00 2.205547587259378273e-01 7.321451965279685004e-02
1.060000000000000941e+00 2.274945290724489644e-01 7.483354001204327310e-02
1.070000000000000728e+00 2.312111652658956074e-01 7.787292792343923631e-02
1.080000000000000959e+00 2.372026438457899566e-01 7.894292360172899814e-02
1.090000000000000746e+00 2.450106378637191551e-01 8.099674189738383101e-02
1.100000000000000977e+00 2.506175911243744281e-01 8.237955011764037938e-02
1.110000000000000764e+00 2.545411061993962942e-01 8.399710745992435001e-02
1.120000000000000995e+00 2.633779556476126826e-01 8.776021165440703320e-02
1.130000000000000782e+00 2.664881984236316392e-01 9.017009117159069387e-02
1.140000000000001013e+00 2.774143759659425945e-01 9.070584057491930252e-02
1.150000000000000799e+00 2.825816839579016748e-01 9.177233129276853030e-02
1.160000000000001030e+00 2.910379550001176430e-01 9.474541203477221396e-02
1.170000000000000817e+00 2.975916616561999906e-01 9.671864565649593293e-02
1.180000000000001048e+00 3.041108436496934297e-01 9.606855676243478137e-02
1.190000000000000835e+00 3.134840834440776325e-01 9.879564166309601214e-02
1.200000000000001066e+00 3.206009251496407253e-01 9.790889987618256463e-02
1.210000000000000853e+00 3.275647281621904550e-01 1.002486280782594469e-01
1.220000000000001084e+00 3.363670033326433551e-01 1.010401583335364395e-01
1.230000000000000870e+00 3.424634103954545816e-01 1.037497564481392326e-01
1.240000000000001101e+00 3.494352007013506456e-01 1.030141245831632246e-01
1.250000000000000888e+00 3.575361798477418862e-01 1.049233916866989802e-01
1.260000000000001119e+00 3.676270650960065667e-01 1.031577623275558853e-01
1.270000000000000906e+00 3.770975076284753813e-01 1.016136061381276295e-01
1.280000000000001137e+00 3.838170380777641277e-01 1.041640830369513632e-01
1.290000000000000924e+00 3.892844011392617154e-01 1.079093015115100973e-01
1.300000000000001155e+00 3.985578151332191954e-01 1.040997297429721996e-01
1.310000000000000941e+00 4.052532548611009755e-01 1.058343830904192040e-01
1.320000000000001172e+00 4.155777711378056405e-01 1.043819539260964352e-01
1.330000000000000959e+00 4.243825464645061829e-01 1.041758426637820478e-01
1.340000000000001190e+00 4.351772339765770381e-01 1.025210237103660049e-01
1.350000000000000977e+00 4.420671705902425308e-01 1.027604364789567737e-01
1.360000000000001208e+00 4.502325287940051046e-01 1.017134251198495432e-01
1.370000000000000995e+00 4.587955237229135452e-01 9.974745648400228093e-02
1.380000000000001226e+00 4.673334208029101822e-01 9.990734173399973272e-02
1.390000000000001013e+00 4.757415452049896798e-01 9.781169878941392559e-02
1.400000000000001243e+00 4.826010994377397112e-01 9.813889151529230082e-02
1.410000000000001030e+00 4.912004003996665591e-01 9.790541361451135516e-02
1.420000000000001261e+00 4.980808228761228196e-01 9.531337271153746127e-02
1.430000000000001048e+00 5.060914005288867923e-01 9.343254046368268395e-02
1.440000000000001279e+00 5.115582978955329763e-01 9.568904611594367116e-02
1.450000000000001066e+00 5.198405959620128192e-01 9.418163967360866640e-02
1.460000000000001297e+00 5.295621655615004864e-01 8.895914311537929386e-02
1.470000000000001084e+00 5.361287599886044308e-01 8.862515857440537992e-02
1.480000000000001315e+00 5.434715276835609954e-01 8.764935009454312420e-02
1.490000000000001101e+00 5.503619022369086178e-01 8.719397991356908628e-02
1.500000000000001332e+00 5.577067205212771217e-01 8.538543972817484728e-02
1.510000000000001119e+00 5.625444668315805474e-01 8.774365654688319471e-02
1.520000000000001350e+00 5.709823118257156827e-01 8.198293542986846705e-02
1.530000000000001137e+00 5.757648902925786016e-01 8.383085189717572050e-02
1.540000000000001368e+00 5.820560111805954673e-01 8.265121640736203257e-02
1.550000000000001155e+00 5.890987831542258135e-01 8.012863017427698797e-02
1.560000000000001386e+00 5.947801208569905018e-01 7.888783155576170603e-02
1.570000000000001172e+00 6.006571919789146508e-01 7.866877044834252874e-02
1.580000000000001403e+00 6.058628502036659258e-01 7.643133502106368160e-02
1.590000000000001190e+00 6.107891914580353410e-01 7.680174151587766673e-02
1.600000000000001421e+00 6.151891323974454373e-01 7.696163456595436769e-02
1.610000000000001208e+00 6.214602562975708455e-01 7.327558414844706491e-02
1.620000000000001439e+00 6.262348289624690700e-01 7.312048014746591607e-02
1.630000000000001226e+00 6.313176122949012425e-01 7.122096771714102326e-02
1.640000000000001457e+00 6.361610426907243765e-01 7.056885830052571362e-02
1.650000000000001243e+00 6.408641276824651456e-01 6.932476113727664702e-02
1.660000000000001474e+00 6.451705564830475526e-01 6.951846719467720537e-02
1.670000000000001261e+00 6.504460813607835235e-01 6.747949224546299918e-02
1.680000000000001492e+00 6.543483582695602818e-01 6.870954852500864296e-02
1.690000000000001279e+00 6.594160040248611132e-01 6.579790603956001127e-02
1.700000000000001510e+00 6.635971373784144145e-01 6.589388724521559604e-02
1.710000000000001297e+00 6.679505517870985010e-01 6.408390607393162075e-02
1.720000000000001528e+00 6.732745936434745282e-01 6.079917512282631553e-02
1.730000000000001315e+00 6.769300230387820250e-01 6.012155483962174779e-02
1.740000000000001545e+00 6.813917207500044260e-01 5.884586014227927153e-02
1.750000000000001332e+00 6.854712936877105367e-01 5.707657297717353556e-02
1.760000000000001563e+00 6.893258736040127621e-01 5.702097822822053963e-02
1.770000000000001350e+00 6.932307292932410325e-01 5.448064245240834963e-02
1.780000000000001581e+00 6.977773443202008874e-01 5.182310545433099769e-02
1.790000000000001368e+00 7.015682033233536785e-01 5.016547123299578553e-02
1.800000000000001599e+00 7.051434488079221241e-01 5.079638616503239640e-02
1.810000000000001386e+00 7.090616712190830340e-01 4.770398871376464039e-02
1.820000000000001616e+00 7.126712562560644226e-01 4.644942930922679736e-02
1.830000000000001403e+00 7.161168510048852021e-01 4.565477714255176955e-02
1.840000000000001634e+00 7.195514080004622448e-01 4.502847117747264122e-02
1.850000000000001421e+00 7.228617811342743504e-01 4.422922909731455410e-02
1.860000000000001652e+00 7.262626476036916356e-01 4.299544391730868165e-02
1.870000000000001439e+00 7.295115851131103168e-01 4.161698672834795304e-02
1.880000000000001670e+00 7.326546545202708982e-01 4.118452633696378928e-02
1.890000000000001457e+00 7.359767753603099205e-01 4.026545822010668685e-02
1.900000000000001688e+00 7.387940091760344385e-01 4.021379469935705553e-02
1.910000000000001474e+00 7.418637930981145656e-01 3.914496793070523784e-02
1.920000000000001705e+00 7.448951301902895228e-01 3.874425054466674317e-02
1.930000000000001492e+00 7.480235663345307096e-01 3.786149522444341720e-02
1.940000000000001723e+00 7.508389259731871324e-01 3.718359354460416127e-02
1.950000000000001510e+00 7.534719476617168787e-01 3.683817020221543531e-02
1.960000000000001741e+00 7.561519682530204456e-01 3.628449221974364841e-02
1.970000000000001528e+00 7.588157038721252690e-01 3.574440082956564096e-02
1.980000000000001759e+00 7.615763920333593617e-01 3.514460974934687648e-02
1.990000000000001545e+00 7.643656688949850286e-01 3.425494369340236628e-02
2.000000000000001776e+00 7.666423770105733615e-01 3.432559892582883604e-02
2.010000000000001563e+00 7.693334849441574308e-01 3.332516711825290329e-02
2.020000000000001794e+00 7.717519494795221924e-01 3.283592143185991991e-02
2.030000000000001581e+00 7.740488474594080515e-01 3.243040226363921863e-02
2.040000000000001812e+00 7.763030209341765797e-01 3.198982589387044939e-02
2.050000000000001599e+00 7.786834538924884974e-01 3.156458822909843920e-02
2.060000000000001830e+00 7.808114575738716034e-01 3.135691011453853316e-02
2.070000000000001616e+00 7.829381303275443349e-01 3.099855411949234071e-02
2.080000000000001847e+00 7.851477990685209463e-01 3.059256769252017422e-02
2.090000000000001634e+00 7.872251499974280975e-01 3.037803614109982342e-02
2.100000000000001865e+00 7.892952381290683217e-01 2.988985767541481667e-02
2.110000000000001652e+00 7.913427206423278015e-01 2.965142233384460840e-02
