1.199999999999999956e-01 1.012388831171567166e-01 1.221921633576806415e-02
1.300000000000000044e-01 1.025590846676347756e-01 1.209155021821359602e-02
1.400000000000000133e-01 1.029710475174993312e-01 1.184820436776709215e-02
1.500000000000000222e-01 1.042649712420884445e-01 1.265392094811935465e-02
1.600000000000000311e-01 1.059238808812086458e-01 1.288167726676136410e-02
1.700000000000000400e-01 1.070181172556921440e-01 1.363031162748870768e-02
1.800000000000000488e-01 1.074967840769001926e-01 1.349836884849992501e-02
1.900000000000000577e-01 1.090013848153591897e-01 1.385490975848659330e-02
2.000000000000000666e-01 1.099556135240606775e-01 1.382823027183094008e-02
2.100000000000000755e-01 1.112411446400473347e-01 1.500905330158062295e-02
2.200000000000000844e-01 1.127686129906628615e-01 1.519505219837816341e-02
2.300000000000000933e-01 1.140418136130390697e-01 1.466035203225026125e-02
2.400000000000001021e-01 1.147879387877737273e-01 1.505170778838930100e-02
2.500000000000001110e-01 1.161692213509363664e-01 1.492005086781182481e-02
2.600000000000001199e-01 1.176338226512086971e-01 1.563525253349934419e-02
2.700000000000001288e-01 1.191813607013767762e-01 1.625862990606662464e-02
2.800000000000001377e-01 1.205479551830237195e-01 1.680620230282443492e-02
2.900000000000001465e-01 1.218513438222991879e-01 1.645452726578103264e-02
3.000000000000001554e-01 1.232817966907925472e-01 1.714368590603095391e-02
3.100000000000001643e-01 1.248332865135054343e-01 1.792552050902742472e-02
3.200000000000001732e-01 1.265123925556682905e-01 1.853121002166895417e-02
3.300000000000001821e-01 1.276272191674453216e-01 1.815548285799230971e-02
3.400000000000001910e-01 1.291780311754198718e-01 1.915743720196957933e-02
3.500000000000001998e-01 1.308821246565558816e-01 1.933404208733501689e-02
3.600000000000002087e-01 1.332201964414200246e-01 1.934957500194674565e-02
3.700000000000002176e-01 1.338942250246632215e-01 1.974278024400868969e-02
3.800000000000002265e-01 1.357741065042671613e-01 2.104310043627425145e-02
3.900000000000002354e-01 1.377222008164208367e-01 2.151068743176700118e-02
4.000000000000002442e-01 1.388394406480483456e-01 2.091973917833450311e-02
4.100000000000002531e-01 1.400201249408918880e-01 2.179041026125572156e-02
4.200000000000002620e-01 1.427435085359036182e-01 2.367479396369822839e-02
4.300000000000002709e-01 1.443550495112222165e-01 2.342019364135409024e-02
4.400000000000002798e-01 1.468951623923721028e-01 2.402587818435402561e-02
4.500000000000002887e-01 1.489828470911081226e-01 2.575179921443585332e-02
4.600000000000002975e-01 1.496601001088564697e-01 2.533073118023066936e-02
4.700000000000003064e-01 1.514275177688395035e-01 2.600027374934624214e-02
4.800000000000003153e-01 1.542457479084426430e-01 2.747765026347531725e-02
4.900000000000003242e-01 1.569898494754326246e-01 2.936860646324054511e-02
5.000000000000003331e-01 1.587389716396571115e-01 2.933080824693696381e-02
5.100000000000003419e-01 1.602249429276705606e-01 2.944475948557904663e-02
5.200000000000003508e-01 1.620645102599281850e-01 3.042063000275098406e-02
5.300000000000003597e-01 1.640018857096286198e-01 3.203841084426860275e-02
5.400000000000003686e-01 1.661583892822005304e-01 3.214613741055097340e-02
5.500000000000003775e-01 1.688197272437479413e-01 3.324673701991932157e-02
5.600000000000003864e-01 1.701260946052576273e-01 3.416080350368646407e-02
5.700000000000003952e-01 1.726846902538350936e-01 3.489431501889980747e-02
5.800000000000004041e-01 1.757628351435197578e-01 3.609903828664149522e-02
5.900000000000004130e-01 1.789902757759674889e-01 3.762969240668084109e-02
6.000000000000004219e-01 1.796865851019090188e-01 3.875396943965876695e-02
6.100000000000004308e-01 1.829304592624619308e-01 3.883571602951681190e-02
6.200000000000004396e-01 1.861154387841925106e-01 4.002693408709179917e-02
6.300000000000004485e-01 1.873818560893873442e-01 4.240335899927730190e-02
6.400000000000004574e-01 1.904880990347408987e-01 4.360615182343063889e-02
6.500000000000004663e-01 1.927677970164722587e-01 4.411751468550289407e-02
6.600000000000004752e-01 1.968530770919488526e-01 4.448245842659636490e-02
6.700000000000004841e-01 1.985796025910147589e-01 4.725078392063400412e-02
6.800000000000004929e-01 2.016046938652382159e-01 4.875703869671108720e-02
6.900000000000005018e-01 2.047043401465837575e-01 4.984705932442370924e-02
7.000000000000005107e-01 2.082077333757352544e-01 5.217240993397689874e-02
7.100000000000005196e-01 2.100531208605249389e-01 5.386436508021216762e-02
7.200000000000005285e-01 2.143658794118148136e-01 5.469285191822837594e-02
7.300000000000005373e-01 2.173798535485222394e-01 5.653812929405033910e-02
7.400000000000005462e-01 2.197819545712128009e-01 5.767566246528307849e-02
7.500000000000005551e-01 2.242140040435550985e-01 5.879055603580371492e-02
7.600000000000005640e-01 2.265341541845146689e-01 5.990261702126076226e-02
7.700000000000005729e-01 2.296461951477104246e-01 6.087599189184532411e-02
7.800000000000005818e-01 2.340733519819619413e-01 6.317829834958968438e-02
7.900000000000005906e-01 2.378506138094970690e-01 6.460500723922604771e-02
8.000000000000005995e-01 2.404650316984114911e-01 6.604022374576162813e-02
8.100000000000006084e-01 2.442307426173514484e-01 6.847210275929119239e-02
8.200000000000006173e-01 2.479484632693134682e-01 6.982288627300146933e-02
8.300000000000006262e-01 2.517817085927454568e-01 7.109202528047545155e-02
8.400000000000006350e-01 2.555918276153972268e-01 7.373631527928194151e-02
8.500000000000006439e-01 2.603469391006443256e-01 7.503867977928752042e-02
8.600000000000006528e-01 2.634524523951419783e-01 7.605926692916505083e-02
8.700000000000006617e-01 2.679591922002783622e-01 7.932617827499410801e-02
8.800000000000006706e-01 2.712295483678160979e-01 7.999919582675578400e-02
8.900000000000006795e-01 2.769710737258368471e-01 8.302712154062477645e-02
9.000000000000006883e-01 2.814292178901345309e-01 8.419597477202467317e-02
9.100000000000006972e-01 2.848476567134902160e-01 8.603935955975526573e-02
9.200000000000007061e-01 2.898149959348364502e-01 8.889398473204784823e-02
9.300000000000007150e-01 2.954658949108341925e-01 9.027508329777966800e-02
9.400000000000007239e-01 2.980685389546774977e-01 9.230419273337153729e-02
9.500000000000007327e-01 3.047267618331854777e-01 9.470581941562372652e-02
9.600000000000007416e-01 3.085462967746964713e-01 9.583307067299857984e-02
9.700000000000007505e-01 3.140000135163071859e-01 9.788580627396012424e-02
9.800000000000007594e-01 3.182118339562906573e-01 9.891529996176570694e-02
9.900000000000007683e-01 3.236873188880833307e-01 1.010431079503155138e-01
1.000000000000000888e+00 3.296186812944029154e-01 1.021589649740994865e-01
1.010000000000000675e+00 3.333295297855988770e-01 1.042027400961992173e-01
1.020000000000000906e+00 3.384541321669067293e-01 1.060732871950955114e-01
1.030000000000000693e+00 3.435567162374344452e-01 1.070482046879667748e-01
1.040000000000000924e+00 3.487885540164275544e-01 1.087379870287449174e-01
1.050000000000000711e+00 3.535385722146395238e-01 1.092849457423235443e-01
1.060000000000000941e+00 3.590404672751958404e-01 1.112750334846369371e-01
1.070000000000000728e+00 3.647624993097942636e-01 1.127550664734010000e-01
1.080000000000000959e+00 3.691663600042298099e-01 1.136493390152092664e-01
1.090000000000000746e+00 3.765166995688042362e-01 1.151551231370218087e-01
1.100000000000000977e+00 3.791963945395587787e-01 1.169097752244845356e-01
1.110000000000000764e+00 3.846996022380941294e-01 1.179166168323618202e-01
1.120000000000000995e+00 3.911483000167255697e-01 1.189533400461419838e-01
1.130000000000000782e+00 3.969338420278227808e-01 1.201396462801469778e-01
1.140000000000001013e+00 4.028200720651522460e-01 1.211223475611922368e-01
1.150000000000000799e+00 4.070652881916105859e-01 1.220150131031645518e-01
1.160000000000001030e+00 4.120185943692525887e-01 1.245691906238805963e-01
1.170000000000000817e+00 4.199906033561476293e-01 1.236549656854275397e-01
1.180000000000001048e+00 4.243772821019118902e-01 1.252082345276281095e-01
1.190000000000000835e+00 4.297098438330367864e-01 1.261777311668909329e-01
1.200000000000001066e+00 4.352461980438518951e-01 1.278772250232427521e-01
1.210000000000000853e+00 4.409172416578557852e-01 1.278522492917330833e-01
1.220000000000001084e+00 4.476616081094608735e-01 1.278033431381177254e-01
1.230000000000000870e+00 4.527257443608082021e-01 1.286021091636635194e-01
1.240000000000001101e+00 4.579247981479999674e-01 1.295005695711527738e-01
1.250000000000000888e+00 4.638551821912834661e-01 1.304361358177001107e-01
1.260000000000001119e+00 4.697120000856873645e-01 1.309289144118299109e-01
1.270000000000000906e+00 4.748787362328472095e-01 1.321668552520254836e-01
1.280000000000001137e+00 4.803692852472425945e-01 1.325159372570502980e-01
1.290000000000000924e+00 4.862852047557449930e-01 1.323908182656434174e-01
1.300000000000001155e+00 4.929521104435941603e-01 1.318475430806013149e-01
1.310000000000000941e+00 4.981587552013392872e-01 1.322166886375993333e-01
1.320000000000001172e+00 5.036185746651153927e-01 1.329863295385893263e-01
1.330000000000000959e+00 5.088731260033924064e-01 1.330857805938037985e-01
1.340000000000001190e+00 5.143246789052743351e-01 1.328823894897220581e-01
1.350000000000000977e+00 5.202706830164770535e-01 1.317237645568115068e-01
1.360000000000001208e+00 5.245572543849276181e-01 1.329069552829993395e-01
1.370000000000000995e+00 5.301614174197154528e-01 1.324231368760730998e-01
1.380000000000001226e+00 5.358436430721436050e-01 1.321171378187975809e-01
1.390000000000001013e+00 5.417324708046911130e-01 1.308131281042916316e-01
1.400000000000001243e+00 5.463190446821161173e-01 1.309795471988144111e-01
1.410000000000001030e+00 5.523692656185760219e-01 1.296015121968435990e-01
1.420000000000001261e+00 5.575443999872037315e-01 1.292149017998333316e-01
1.430000000000001048e+00 5.619678786495411194e-01 1.298423496985618708e-01
1.440000000000001279e+00 5.669962402045991556e-01 1.295574533845729182e-01
1.450000000000001066e+00 5.731264168263685566e-01 1.271866226400389654e-01
1.460000000000001297e+00 5.779570374870813820e-01 1.269197581966810262e-01
1.470000000000001084e+00 5.821058544520859579e-01 1.269708896701897960e-01
1.480000000000001315e+00 5.878504627533781557e-01 1.251601574568336206e-01
1.490000000000001101e+00 5.922904110063373917e-01 1.244124168451291867e-01
1.500000000000001332e+00 5.975405984126778147e-01 1.229573157423465013e-01
1.510000000000001119e+00 6.016758830006549985e-01 1.230452907717700384e-01
1.520000000000001350e+00 6.067353624653415434e-01 1.223415961551998360e-01
1.530000000000001137e+00 6.118566898147680400e-01 1.207040323886185984e-01
1.540000000000001368e+00 6.158981389581711374e-01 1.202883083015164473e-01
1.550000000000001155e+00 6.202726710956947276e-01 1.199105544587176081e-01
1.560000000000001386e+00 6.252661977437329321e-01 1.184332943562562135e-01
1.570000000000001172e+00 6.301893740655173382e-01 1.173338519807811953e-01
1.580000000000001403e+00 6.349894679394734176e-01 1.161160987808254191e-01
1.590000000000001190e+00 6.395463281372164577e-01 1.153207778441862758e-01
1.600000000000001421e+00 6.441956816882259407e-01 1.140986276992174420e-01
1.610000000000001208e+00 6.486923302341598419e-01 1.130547570504280147e-01
1.620000000000001439e+00 6.535830582375141695e-01 1.115541930871609827e-01
1.630000000000001226e+00 6.565936201207203116e-01 1.123700916964082558e-01
1.640000000000001457e+00 6.614032894770806026e-01 1.098596727100105419e-01
1.650000000000001243e+00 6.653750327604740500e-01 1.089291712626831721e-01
1.660000000000001474e+00 6.691622656097039323e-01 1.089734798731002430e-01
1.670000000000001261e+00 6.730515356088204726e-01 1.084516932971231751e-01
1.680000000000001492e+00 6.770219605606240254e-01 1.070156550392844103e-01
1.690000000000001279e+00 6.808368883416143769e-01 1.057294241756988884e-01
1.700000000000001510e+00 6.839497857246383816e-01 1.052776779596310414e-01
1.710000000000001297e+00 6.879902513839204481e-01 1.030742949959459059e-01
1.720000000000001528e+00 6.909618173275043906e-01 1.035537446164025155e-01
1.730000000000001315e+00 6.947786974511023228e-01 1.018281959725134828e-01
1.740000000000001545e+00 6.984632454946688718e-01 1.002191124507338243e-01
1.750000000000001332e+00 7.019538648627573485e-01 9.989448005292765609e-02
1.760000000000001563e+00 7.058118032527034291e-01 9.781595015841480778e-02
1.770000000000001350e+00 7.090894281362419838e-01 9.719553139630256189e-02
1.780000000000001581e+00 7.124324965468579185e-01 9.675850846731921806e-02
1.790000000000001368e+00 7.157580621149255418e-01 9.557500267137829242e-02
1.800000000000001599e+00 7.188660680685333704e-01 9.464200036723986742e-02
1.810000000000001386e+00 7.222672188319517739e-01 9.347529627715858713e-02
1.820000000000001616e+00 7.251317725737811415e-01 9.269600327655870553e-02
1.830000000000001403e+00 7.279365905962736916e-01 9.235909928981841932e-02
1.840000000000001634e+00 7.307753470730817824e-01 9.174635414042152382e-02
1.850000000000001421e+00 7.337476715633740598e-01 9.140809582910668085e-02
1.860000000000001652e+00 7.366305922110751858e-01 9.019962022900065990e-02
1.870000000000001439e+00 7.396774283212764756e-01 8.840486023816053474e-02
1.880000000000001670e+00 7.424791097492220437e-01 8.783800073114547691e-02
1.890000000000001457e+00 7.452852902887455722e-01 8.697617069018796776e-02
1.900000000000001688e+00 7.480960939662378850e-01 8.534435539732994347e-02
1.910000000000001474e+00 7.509615685777781824e-01 8.403788554848007353e-02
1.920000000000001705e+00 7.534468322672023266e-01 8.333831060888013953e-02
1.930000000000001492e+00 7.560750364630232090e-01 8.241408718263673605e-02
1.940000000000001723e+00 7.586463936011216269e-01 8.170771254364726788e-02
1.950000000000001510e+00 7.612410280079709990e-01 8.068814893416340062e-02
1.960000000000001741e+00 7.641034836796315455e-01 7.895244297779237252e-02
1.970000000000001528e+00 7.666292475602425327e-01 7.832571455191290888e-02
1.980000000000001759e+00 7.691089947985904063e-01 7.743292259957341994e-02
1.990000000000001545e+00 7.713750675511847898e-01 7.733094896197567625e-02
2.000000000000001776e+00 7.741786289881636973e-01 7.508846429385149235e-02
2.010000000000001563e+00 7.765229793268196845e-01 7.414248837142374537e-02
2.020000000000001794e+00 7.788836424961186333e-01 7.324819563004389411e-02
2.030000000000001581e+00 7.809902330911818735e-01 7.285906280847213867e-02
2.040000000000001812e+00 7.834224757851454557e-01 7.150018430301768868e-02
2.050000000000001599e+00 7.859130174361717014e-01 6.999631291679224432e-02
2.060000000000001830e+00 7.880409820945474264e-01 6.915756309402269764e-02
2.070000000000001616e+00 7.903260859639742453e-01 6.809698981548685526e-02
2.080000000000001847e+00 7.925564715026501839e-01 6.726834474274423492e-02
2.090000000000001634e+00 7.949182664513086971e-01 6.592043521473334167e-02
2.100000000000001865e+00 7.968541343400016297e-01 6.560983060611942641e-02
2.110000000000001652e+00 7.989445509796514466e-01 6.497753000759259878e-02
