1.799999999999999933e-01 5.775727004603011666e-02 4.882926798527863731e-03
1.900000000000000022e-01 5.835243633084917503e-02 4.864183816689027391e-03
2.000000000000000111e-01 5.866878023583815827e-02 4.532204869195991838e-03
2.100000000000000200e-01 5.967365386735165589e-02 4.791575645357614745e-03
2.200000000000000289e-01 5.994319171188243478e-02 4.815864991098916040e-03
2.300000000000000377e-01 6.056041743915372561e-02 5.023773319528903811e-03
2.400000000000000466e-01 6.105013207561503508e-02 5.092664431577411180e-03
2.500000000000000555e-01 6.269290747115902063e-02 5.049414261216835821e-03
2.600000000000000644e-01 6.258796221066903476e-02 5.081813619490759167e-03
2.700000000000000733e-01 6.328225930456687909e-02 5.530182738989350422e-03
2.800000000000000822e-01 6.426155179473236334e-02 5.468625568567716741e-03
2.900000000000000910e-01 6.496764054906034591e-02 5.685026838697699973e-03
3.000000000000000999e-01 6.560385551204206411e-02 5.702686641994070098e-03
3.100000000000001088e-01 6.638414789007612837e-02 5.816615631236993905e-03
3.200000000000001177e-01 6.723492745491189970e-02 5.627079733816813846e-03
3.300000000000001266e-01 6.796542258611365517e-02 5.944661007034413372e-03
3.400000000000001354e-01 6.915990418306383614e-02 6.004370292799711753e-03
3.500000000000001443e-01 6.971633918442408928e-02 6.387052303053391243e-03
3.600000000000001532e-01 7.034126088446561453e-02 6.473444506966861793e-03
3.700000000000001621e-01 7.157053114931483107e-02 6.317165227827555886e-03
3.800000000000001710e-01 7.217604028571787678e-02 6.579854912150992323e-03
3.900000000000001799e-01 7.286418552949393279e-02 6.619829193219775934e-03
4.000000000000001887e-01 7.376197842130141624e-02 6.995607145422690423e-03
4.100000000000001976e-01 7.478019300062495323e-02 6.765471916873685813e-03
4.200000000000002065e-01 7.570175312171609217e-02 7.384656702102908657e-03
4.300000000000002154e-01 7.672931935652432811e-02 7.457388188322252448e-03
4.400000000000002243e-01 7.772408527017443669e-02 7.473908783487651954e-03
4.500000000000002331e-01 7.815655894193528075e-02 7.969726419718332899e-03
4.600000000000002420e-01 7.980641005191924098e-02 7.603494729560798630e-03
4.700000000000002509e-01 8.078466303562495399e-02 8.012955620045503213e-03
4.800000000000002598e-01 8.174946947120013963e-02 8.256063001375772009e-03
4.900000000000002687e-01 8.255222709632314970e-02 8.178466366820059258e-03
5.000000000000002220e-01 8.381440022736726114e-02 8.345914623269683544e-03
5.100000000000002309e-01 8.526741911376756189e-02 8.732686449079636246e-03
5.200000000000002398e-01 8.648240790213200524e-02 8.501073571727761971e-03
5.300000000000002487e-01 8.739515292433537585e-02 9.230006852339288359e-03
5.400000000000002576e-01 8.893917519622063228e-02 9.334669374234518674e-03
5.500000000000002665e-01 8.988478628239961188e-02 9.812509531016318232e-03
5.600000000000002753e-01 9.118896286626623771e-02 9.576756634263130369e-03
5.700000000000002842e-01 9.334063647953813603e-02 1.010920611256366924e-02
5.800000000000002931e-01 9.367503376023156303e-02 1.036858727632367083e-02
5.900000000000003020e-01 9.489877654948548902e-02 1.099989906104660228e-02
6.000000000000003109e-01 9.628565443879230634e-02 1.031095172575010287e-02
6.100000000000003197e-01 9.869979016340363343e-02 1.146729351069629942e-02
6.200000000000003286e-01 9.972090116030515872e-02 1.149072406462091529e-02
6.300000000000003375e-01 1.012189871035140687e-01 1.248599173295007574e-02
6.400000000000003464e-01 1.026840709374785832e-01 1.247592382471073708e-02
6.500000000000003553e-01 1.047454288558840457e-01 1.290868750385494763e-02
6.600000000000003642e-01 1.058853808626586263e-01 1.433382131292904212e-02
6.700000000000003730e-01 1.087860345666602363e-01 1.422634175626844542e-02
6.800000000000003819e-01 1.107017832991969430e-01 1.362763040121729372e-02
6.900000000000003908e-01 1.122422245929980966e-01 1.648577942065352839e-02
7.000000000000003997e-01 1.134098061097627008e-01 1.547873091865271250e-02
7.100000000000004086e-01 1.156464907406251214e-01 1.672671546282494121e-02
7.200000000000004174e-01 1.175149110825015608e-01 1.772102009338589329e-02
7.300000000000004263e-01 1.204621780983100021e-01 1.796326608650659212e-02
7.400000000000004352e-01 1.224429896669246287e-01 1.978292337108785923e-02
7.500000000000004441e-01 1.253389604747133235e-01 1.996799927917473211e-02
7.600000000000004530e-01 1.260679410441584436e-01 2.022231051513099023e-02
7.700000000000004619e-01 1.295616305241687194e-01 2.131607679124026059e-02
7.800000000000004707e-01 1.329777157750727523e-01 2.212420845008587419e-02
7.900000000000004796e-01 1.344262896289997178e-01 2.357576971226366114e-02
8.000000000000004885e-01 1.372767201922382718e-01 2.496234806332319270e-02
8.100000000000004974e-01 1.405957350110011161e-01 2.635158377083390152e-02
8.200000000000005063e-01 1.428798684747752956e-01 2.705840858315106123e-02
8.300000000000005151e-01 1.456729129323237337e-01 2.763569182969785598e-02
8.400000000000005240e-01 1.491755026175358434e-01 2.913697960180135910e-02
8.500000000000005329e-01 1.519466395498058620e-01 3.069101902541050350e-02
8.600000000000005418e-01 1.543778787273268338e-01 3.161975153445966552e-02
8.700000000000005507e-01 1.582336950672174614e-01 3.386649123169551551e-02
8.800000000000005596e-01 1.622882694068268072e-01 3.382089065475354234e-02
8.900000000000005684e-01 1.671437306408317947e-01 3.736855119924600149e-02
9.000000000000005773e-01 1.707996319430055143e-01 3.740413010225712015e-02
9.100000000000005862e-01 1.737027202879016796e-01 4.006745765092638994e-02
9.200000000000005951e-01 1.794099149428143025e-01 4.251634397210950905e-02
9.300000000000006040e-01 1.809849527409908843e-01 4.416871411732047753e-02
9.400000000000006128e-01 1.893898835575673067e-01 4.749997641605666759e-02
9.500000000000006217e-01 1.907718172598943940e-01 4.791938543735130979e-02
9.600000000000006306e-01 1.978285000443555375e-01 5.154188694247321262e-02
9.700000000000006395e-01 2.003668941525269809e-01 5.428950196745208762e-02
9.800000000000006484e-01 2.061367736840633569e-01 5.603328562447359301e-02
9.900000000000006573e-01 2.126512173286405072e-01 5.789518160046622924e-02
1.000000000000000666e+00 2.166333504824173306e-01 6.072014797032405237e-02
1.010000000000000675e+00 2.228762848357798421e-01 6.500928093535753016e-02
1.020000000000000684e+00 2.288677846950549766e-01 6.729641798526200813e-02
1.030000000000000693e+00 2.364140178175531404e-01 7.031679958740313929e-02
1.040000000000000702e+00 2.416381352307148955e-01 7.229968920462764848e-02
1.050000000000000711e+00 2.474090721886085531e-01 7.440396569325277709e-02
1.060000000000000719e+00 2.529221782402926166e-01 7.686259838150633072e-02
1.070000000000000728e+00 2.612466844268230282e-01 7.817397009931459362e-02
1.080000000000000737e+00 2.661981020774655260e-01 8.194909565760012671e-02
1.090000000000000746e+00 2.752502701415055486e-01 8.337012583059523474e-02
1.100000000000000755e+00 2.828849975854698107e-01 8.528259143290783939e-02
1.110000000000000764e+00 2.886898275718089435e-01 8.875751397308764834e-02
1.120000000000000773e+00 2.975794975628209271e-01 9.073992725022476946e-02
1.130000000000000782e+00 3.059441120866356334e-01 9.450908759879152188e-02
1.140000000000000790e+00 3.141117946213200507e-01 9.526528858564707603e-02
1.150000000000000799e+00 3.209125796351310900e-01 9.835522455588466273e-02
1.160000000000000808e+00 3.322551358200450666e-01 9.973093181633688187e-02
1.170000000000000817e+00 3.412269844551719666e-01 1.012422246167467565e-01
1.180000000000000826e+00 3.480613948399440827e-01 1.044352364355723706e-01
1.190000000000000835e+00 3.598987769503287915e-01 1.057955366695021021e-01
1.200000000000000844e+00 3.666450339755656929e-01 1.103762475116771974e-01
1.210000000000000853e+00 3.762656282812752995e-01 1.090760622747891651e-01
1.220000000000000862e+00 3.851561827911321734e-01 1.121424691922416755e-01
1.230000000000000870e+00 3.940635264689474893e-01 1.153385334324846939e-01
1.240000000000000879e+00 4.043549924864543454e-01 1.152647171002707527e-01
1.250000000000000888e+00 4.142507783377434305e-01 1.170348505771900416e-01
1.260000000000000897e+00 4.251745024225545566e-01 1.165841590242717579e-01
1.270000000000000906e+00 4.333249208857097301e-01 1.175993857696825684e-01
1.280000000000000915e+00 4.442041678518197645e-01 1.191047476493163337e-01
1.290000000000000924e+00 4.530051443343906525e-01 1.189302747814476452e-01
1.300000000000000933e+00 4.617847631531070696e-01 1.204188033164310667e-01
1.310000000000000941e+00 4.713959105031786390e-01 1.191341934506839895e-01
1.320000000000000950e+00 4.796029428139257367e-01 1.209003503861613149e-01
1.330000000000000959e+00 4.886679799357017129e-01 1.196011789647801610e-01
1.340000000000000968e+00 4.984159157233958859e-01 1.175120436462857992e-01
1.350000000000000977e+00 5.071358149986885389e-01 1.166760648405349987e-01
1.360000000000000986e+00 5.156205147118844145e-01 1.160798102143602711e-01
1.370000000000000995e+00 5.246852900468574887e-01 1.157288647719155877e-01
1.380000000000001004e+00 5.326336037762335884e-01 1.151852846333799724e-01
1.390000000000001013e+00 5.413388257534557102e-01 1.136060463840782436e-01
1.400000000000001021e+00 5.501388782897116414e-01 1.115560559919778899e-01
1.410000000000001030e+00 5.582126819029346043e-01 1.111235886588155808e-01
1.420000000000001039e+00 5.673480875331530227e-01 1.093278100274095166e-01
1.430000000000001048e+00 5.774094470513795319e-01 1.067356502023736747e-01
1.440000000000001057e+00 5.832039421391719269e-01 1.061693508695989163e-01
1.450000000000001066e+00 5.926639678221669039e-01 1.025330933553974672e-01
1.460000000000001075e+00 5.992573360526073367e-01 1.019770530097513644e-01
1.470000000000001084e+00 6.066734402469560195e-01 1.005747970386336038e-01
1.480000000000001092e+00 6.144956002212315083e-01 9.927526045168354185e-02
1.490000000000001101e+00 6.216789429140602286e-01 9.836664699087097063e-02
1.500000000000001110e+00 6.297694993546968378e-01 9.430111910995907232e-02
1.510000000000001119e+00 6.364692970182167508e-01 9.454785357602518703e-02
1.520000000000001128e+00 6.432355221193113426e-01 9.183642674441037934e-02
1.530000000000001137e+00 6.498194878155230114e-01 8.960955445050564072e-02
1.540000000000001146e+00 6.557977773625491835e-01 8.787207870665207643e-02
1.550000000000001155e+00 6.611509175363510238e-01 8.663942962543334791e-02
1.560000000000001164e+00 6.668088760549825134e-01 8.561837071036230984e-02
1.570000000000001172e+00 6.725235258671875549e-01 8.456785905950578441e-02
1.580000000000001181e+00 6.779678102630206649e-01 8.196859362344170730e-02
1.590000000000001190e+00 6.846698212162932728e-01 7.893353210581015300e-02
1.600000000000001199e+00 6.890112841873030636e-01 7.981883249893313714e-02
1.610000000000001208e+00 6.949369883840689210e-01 7.547199276655652822e-02
1.620000000000001217e+00 6.994542894436837077e-01 7.503083044859687467e-02
1.630000000000001226e+00 7.046811169592460677e-01 7.246956397733297917e-02
1.640000000000001235e+00 7.090836992930260596e-01 7.160728132839211391e-02
1.650000000000001243e+00 7.136713702813982652e-01 7.023688732917265920e-02
1.660000000000001252e+00 7.184565375559359701e-01 6.746306398729791376e-02
1.670000000000001261e+00 7.230496744514078866e-01 6.568135938430789966e-02
1.680000000000001270e+00 7.266668800508551129e-01 6.577126401773684961e-02
1.690000000000001279e+00 7.311560269988967020e-01 6.369980348469396481e-02
1.700000000000001288e+00 7.350149782515063013e-01 6.273029675772485991e-02
1.710000000000001297e+00 7.388964127063095688e-01 6.126393282167222343e-02
1.720000000000001306e+00 7.426674953171762406e-01 6.004627063798960440e-02
1.730000000000001315e+00 7.465634518497750172e-01 5.908334300532171179e-02
1.740000000000001323e+00 7.500912292440167217e-01 5.781399261318645455e-02
1.750000000000001332e+00 7.537212997709212825e-01 5.667647437809233274e-02
1.760000000000001341e+00 7.569591986702016717e-01 5.578127910003295026e-02
1.770000000000001350e+00 7.606423816850755859e-01 5.442812612864106336e-02
1.780000000000001359e+00 7.639714424680968952e-01 5.315497670569273303e-02
1.790000000000001368e+00 7.670635595133900031e-01 5.263561557306598720e-02
1.800000000000001377e+00 7.702798989768364635e-01 5.202141559342154942e-02
1.810000000000001386e+00 7.738558783771564142e-01 5.008677910606474520e-02
1.820000000000001394e+00 7.769051611486280651e-01 4.958033660055118086e-02
1.830000000000001403e+00 7.797368356738016981e-01 4.906774013588668243e-02
1.840000000000001412e+00 7.827975961152202622e-01 4.775265344554614766e-02
1.850000000000001421e+00 7.857277155452925266e-01 4.691629014412038168e-02
1.860000000000001430e+00 7.886257400497190817e-01 4.577875345363158904e-02
1.870000000000001439e+00 7.914351934899852559e-01 4.500645844899271719e-02
1.880000000000001448e+00 7.941354373824103252e-01 4.403424047980370598e-02
1.890000000000001457e+00 7.967187178987206186e-01 4.331554775749213437e-02
1.900000000000001465e+00 7.992622612458755160e-01 4.261784734655772733e-02
1.910000000000001474e+00 8.017848065754443754e-01 4.182540818687351114e-02
1.920000000000001483e+00 8.041788672205953947e-01 4.099598023951343817e-02
1.930000000000001492e+00 8.066649946608883681e-01 4.015936498120176168e-02
1.940000000000001501e+00 8.090344771704888194e-01 3.941178411690879346e-02
1.950000000000001510e+00 8.112710352688839999e-01 3.879284571860514702e-02
1.960000000000001519e+00 8.134656884020825540e-01 3.820046409916685176e-02
1.970000000000001528e+00 8.155247514650137974e-01 3.775270873932502769e-02
1.980000000000001537e+00 8.175581187470125633e-01 3.729295485748469752e-02
1.990000000000001545e+00 8.195809825224587009e-01 3.686978602486105927e-02
2.000000000000001776e+00 8.216225980958912212e-01 3.632522901580998581e-02
2.010000000000001563e+00 8.235548152957660184e-01 3.595695225079334478e-02
2.020000000000001794e+00 8.254353128280720320e-01 3.556978693000244912e-02
2.030000000000001581e+00 8.274372913849940003e-01 3.497058782912802061e-02
2.040000000000001812e+00 8.292366184548746189e-01 3.455295756745311447e-02
2.050000000000001599e+00 8.310541877496918639e-01 3.418896286719562416e-02
2.060000000000001830e+00 8.328577922113450382e-01 3.369268437097761026e-02
2.070000000000001616e+00 8.346619850706524790e-01 3.315884535529902560e-02
2.080000000000001847e+00 8.363807253408962472e-01 3.273403846617418261e-02
2.090000000000001634e+00 8.381113031211878672e-01 3.218558306302071043e-02
2.100000000000001865e+00 8.397662766478423135e-01 3.173069114138987734e-02
2.110000000000001652e+00 8.413520609950846385e-01 3.135075433164745407e-02
2.120000000000001883e+00 8.429561125449122061e-01 3.094465094481704120e-02
2.130000000000001670e+00 8.445192973184705298e-01 3.047625715994230905e-02
2.140000000000001901e+00 8.460957172874759014e-01 3.008380620782600406e-02
2.150000000000001688e+00 8.476993909762429169e-01 2.961012749000859617e-02
2.160000000000001918e+00 8.491886179555034886e-01 2.920267472677489859e-02
2.170000000000001705e+00 8.506371976155202574e-01 2.888486301240228774e-02
