1.799999999999999933e-01 4.099743619764754932e-02 3.176967193904109508e-03
1.900000000000000022e-01 4.144521739242810338e-02 3.142609056789283980e-03
2.000000000000000111e-01 4.185048990995494933e-02 3.131705044884085416e-03
2.100000000000000200e-01 4.224561560089123979e-02 3.414940473815121242e-03
2.200000000000000289e-01 4.239596271717848558e-02 3.285120797135625617e-03
2.300000000000000377e-01 4.325629794374341586e-02 3.249928191149000726e-03
2.400000000000000466e-01 4.311330248542190324e-02 3.595761079999412312e-03
2.500000000000000555e-01 4.415603360060358501e-02 3.355651245954005286e-03
2.600000000000000644e-01 4.415674487730220782e-02 3.405114024224201088e-03
2.700000000000000733e-01 4.478846729155852580e-02 3.337493533070283198e-03
2.800000000000000822e-01 4.545949438830346884e-02 3.658428433036986071e-03
2.900000000000000910e-01 4.597608252233723047e-02 3.851560862638768977e-03
3.000000000000000999e-01 4.622277839113977937e-02 3.490495538486277412e-03
3.100000000000001088e-01 4.686996578968125049e-02 3.766357723873599208e-03
3.200000000000001177e-01 4.758837257340325921e-02 3.630585679586491657e-03
3.300000000000001266e-01 4.785294218729996274e-02 3.771954778935850388e-03
3.400000000000001354e-01 4.863825661714298032e-02 4.304261705922539372e-03
3.500000000000001443e-01 4.903470188163582683e-02 4.412167689352533215e-03
3.600000000000001532e-01 4.986128040254463045e-02 4.753227808369724083e-03
3.700000000000001621e-01 5.087883284963443109e-02 4.230059835887714503e-03
3.800000000000001710e-01 5.121423475188210950e-02 4.693756582753566206e-03
3.900000000000001799e-01 5.173610406966137193e-02 4.631830108503979214e-03
4.000000000000001887e-01 5.215422999973647750e-02 4.674716283502873722e-03
4.100000000000001976e-01 5.290877809545942861e-02 4.608296243892875954e-03
4.200000000000002065e-01 5.430533707386681758e-02 5.071726991642756983e-03
4.300000000000002154e-01 5.419621047271678399e-02 4.724644148818082923e-03
4.400000000000002243e-01 5.516161242471295800e-02 5.118627401674068732e-03
4.500000000000002331e-01 5.573343727502472894e-02 4.905693917502592163e-03
4.600000000000002420e-01 5.596546412755601385e-02 5.470980023199846845e-03
4.700000000000002509e-01 5.697144063326833874e-02 5.011523478893032367e-03
4.800000000000002598e-01 5.763530007878125277e-02 5.537534389582649333e-03
4.900000000000002687e-01 5.843080599038832923e-02 5.746891996876717090e-03
5.000000000000002220e-01 5.976773564107761699e-02 5.743492450692875596e-03
5.100000000000002309e-01 6.026807255618731041e-02 5.639005657555780544e-03
5.200000000000002398e-01 6.109910392093730741e-02 6.148502667069153521e-03
5.300000000000002487e-01 6.168103714130135362e-02 6.424649333862375404e-03
5.400000000000002576e-01 6.253199950362403614e-02 6.465551205659990711e-03
5.500000000000002665e-01 6.359785633459541510e-02 7.124831233423579817e-03
5.600000000000002753e-01 6.469101821189035539e-02 6.476989490167807222e-03
5.700000000000002842e-01 6.479061790203731463e-02 6.781149857609537410e-03
5.800000000000002931e-01 6.680398652607615062e-02 7.518818027204059347e-03
5.900000000000003020e-01 6.781921394536331860e-02 7.474060780058328080e-03
6.000000000000003109e-01 6.797707442880768225e-02 6.981678293337180777e-03
6.100000000000003197e-01 6.969673287844097009e-02 8.080848599341659486e-03
6.200000000000003286e-01 7.140141789035626962e-02 8.007119150942256999e-03
6.300000000000003375e-01 7.178880724052179307e-02 7.865810904735016929e-03
6.400000000000003464e-01 7.290819759303705794e-02 7.381142497727378668e-03
6.500000000000003553e-01 7.470449243623608626e-02 8.899633253771372515e-03
6.600000000000003642e-01 7.586698946546131805e-02 8.798156115777782879e-03
6.700000000000003730e-01 7.694229526654475237e-02 9.186420631517915047e-03
6.800000000000003819e-01 7.783493669798320636e-02 9.595300217288693298e-03
6.900000000000003908e-01 8.048607641717608896e-02 9.910403271901733688e-03
7.000000000000003997e-01 8.122164629945224923e-02 1.086727578450536087e-02
7.100000000000004086e-01 8.168221000445259616e-02 1.080844829527860540e-02
7.200000000000004174e-01 8.360146088656060515e-02 1.099633261686465240e-02
7.300000000000004263e-01 8.544412914064104803e-02 1.192495720380544293e-02
7.400000000000004352e-01 8.810678609561208019e-02 1.173109549797534019e-02
7.500000000000004441e-01 8.908446299844859084e-02 1.204539370822658474e-02
7.600000000000004530e-01 9.049323480496732075e-02 1.241230233365147456e-02
7.700000000000004619e-01 9.244346707673416208e-02 1.504784445811857725e-02
7.800000000000004707e-01 9.629794503242082582e-02 1.675999393293800543e-02
7.900000000000004796e-01 9.594981748580072578e-02 1.548690831434480254e-02
8.000000000000004885e-01 9.670447055452420504e-02 1.604876021754758977e-02
8.100000000000004974e-01 1.008854294696124587e-01 1.658225173150234752e-02
8.200000000000005063e-01 1.027930322667990892e-01 1.831468649758964673e-02
8.300000000000005151e-01 1.048288195396612638e-01 1.839370257456408170e-02
8.400000000000005240e-01 1.049902475956487474e-01 2.020873341420237682e-02
8.500000000000005329e-01 1.086495228235550142e-01 2.165910603341462265e-02
8.600000000000005418e-01 1.118183169307243457e-01 2.020527277776672931e-02
8.700000000000005507e-01 1.146451262706407875e-01 2.300621249842604507e-02
8.800000000000005596e-01 1.158833918883212799e-01 2.444063681214148423e-02
8.900000000000005684e-01 1.208285712483450208e-01 2.471514267660449710e-02
9.000000000000005773e-01 1.223680700589122039e-01 2.515251411394835851e-02
9.100000000000005862e-01 1.250194183423574135e-01 2.576945821832153302e-02
9.200000000000005951e-01 1.302167729709680088e-01 2.932186484016306022e-02
9.300000000000006040e-01 1.312984948144123032e-01 3.175607252201900765e-02
9.400000000000006128e-01 1.352896403306531603e-01 3.242461789036261977e-02
9.500000000000006217e-01 1.397389466447800932e-01 3.413724189877647558e-02
9.600000000000006306e-01 1.446272249522165543e-01 3.611130296583727611e-02
9.700000000000006395e-01 1.492569057769741470e-01 3.905463590879292013e-02
9.800000000000006484e-01 1.526485237657056737e-01 4.101800244755338803e-02
9.900000000000006573e-01 1.569297213127580914e-01 4.609234909203453745e-02
1.000000000000000666e+00 1.620776992376027348e-01 4.740093157957210590e-02
1.010000000000000675e+00 1.666681202566145381e-01 4.958122027796945525e-02
1.020000000000000684e+00 1.741777589781495217e-01 5.331070578966127377e-02
1.030000000000000693e+00 1.793218296963127179e-01 5.781957054526042777e-02
1.040000000000000702e+00 1.860919722694920064e-01 5.997414837882780736e-02
1.050000000000000711e+00 1.932454647039830720e-01 6.221309266700138924e-02
1.060000000000000719e+00 1.983842846446526309e-01 6.714230850159660924e-02
1.070000000000000728e+00 2.052286983114778585e-01 6.867714615641544451e-02
1.080000000000000737e+00 2.135313804733414145e-01 7.076610543580158508e-02
1.090000000000000746e+00 2.185565366468558146e-01 7.650847082599764037e-02
1.100000000000000755e+00 2.281686029705311536e-01 7.770777371815658363e-02
1.110000000000000764e+00 2.387091634256334749e-01 8.058313270520350846e-02
1.120000000000000773e+00 2.458339637314154447e-01 8.523137310526697485e-02
1.130000000000000782e+00 2.527828953376002330e-01 8.721354723859560398e-02
1.140000000000000790e+00 2.607879949688348686e-01 8.904785531629128004e-02
1.150000000000000799e+00 2.722514292393912183e-01 9.141055798804696708e-02
1.160000000000000808e+00 2.839169709379416595e-01 9.522425327410020957e-02
1.170000000000000817e+00 2.939801160383014866e-01 9.728910836448677324e-02
1.180000000000000826e+00 3.028702221263416261e-01 9.785867962587421753e-02
1.190000000000000835e+00 3.170111028977171674e-01 1.020376074023792157e-01
1.200000000000000844e+00 3.262200493966541659e-01 1.041364158394611772e-01
1.210000000000000853e+00 3.393092675930243218e-01 1.079067407444790627e-01
1.220000000000000862e+00 3.439943691172827611e-01 1.108274149790393209e-01
1.230000000000000870e+00 3.580884016784159907e-01 1.086887742333299545e-01
1.240000000000000879e+00 3.697125299977221391e-01 1.128527510114155780e-01
1.250000000000000888e+00 3.797803194086025180e-01 1.118048898754109427e-01
1.260000000000000897e+00 3.900160579261010563e-01 1.121443905777434469e-01
1.270000000000000906e+00 3.990611203489440317e-01 1.137356337430162484e-01
1.280000000000000915e+00 4.124070009958615834e-01 1.116628612788332781e-01
1.290000000000000924e+00 4.250161402301913527e-01 1.096325045584361085e-01
1.300000000000000933e+00 4.342432022257374791e-01 1.124307270869514402e-01
1.310000000000000941e+00 4.456345449143667703e-01 1.131091322061264504e-01
1.320000000000000950e+00 4.580584524638507404e-01 1.103589597205829054e-01
1.330000000000000959e+00 4.685162636832414518e-01 1.110473462034011899e-01
1.340000000000000968e+00 4.785749703623445317e-01 1.106670695269949267e-01
1.350000000000000977e+00 4.909960040043495066e-01 1.087684468187987974e-01
1.360000000000000986e+00 5.028227587492886119e-01 1.032773613291434744e-01
1.370000000000000995e+00 5.132121240848382948e-01 1.022982081465557136e-01
1.380000000000001004e+00 5.236094452822194212e-01 1.019361899597628074e-01
1.390000000000001013e+00 5.311559749333708558e-01 1.033719976552206349e-01
1.400000000000001021e+00 5.434775221597001327e-01 9.677713735930774941e-02
1.410000000000001030e+00 5.530017782111532609e-01 9.454940050529693496e-02
1.420000000000001039e+00 5.622034526834404078e-01 9.267714418553871236e-02
1.430000000000001048e+00 5.721772191986094214e-01 8.770900709802342821e-02
1.440000000000001057e+00 5.813099998558971526e-01 8.465473160619747806e-02
1.450000000000001066e+00 5.887636386604794270e-01 8.416916375130979733e-02
1.460000000000001075e+00 5.976030696137956122e-01 8.122848946185813601e-02
1.470000000000001084e+00 6.057888491892658989e-01 7.873875551741421619e-02
1.480000000000001092e+00 6.130607981411541063e-01 7.775103488726657630e-02
1.490000000000001101e+00 6.208692899723441405e-01 7.536143400668031400e-02
1.500000000000001110e+00 6.282357012423912535e-01 7.257946944522881971e-02
1.510000000000001119e+00 6.348096246135538356e-01 7.100833399873240914e-02
1.520000000000001128e+00 6.421421826828748181e-01 6.939685863961074508e-02
1.530000000000001137e+00 6.490682224356624230e-01 6.720121050462235512e-02
1.540000000000001146e+00 6.550968113661116421e-01 6.627890138425744648e-02
1.550000000000001155e+00 6.616649885300230904e-01 6.383490386149980045e-02
1.560000000000001164e+00 6.672813191650379672e-01 6.296229732224875586e-02
1.570000000000001172e+00 6.731788798592351908e-01 6.155927833348722594e-02
1.580000000000001181e+00 6.787330334265260223e-01 6.034316533453642356e-02
1.590000000000001190e+00 6.844103387233585467e-01 5.878468366126073097e-02
1.600000000000001199e+00 6.900658678778762711e-01 5.722772066516585571e-02
1.610000000000001208e+00 6.953848943382290315e-01 5.512325376230853974e-02
1.620000000000001217e+00 7.005462979796468481e-01 5.425944621144837554e-02
1.630000000000001226e+00 7.055102199211863434e-01 5.297470252938121793e-02
1.640000000000001235e+00 7.101481949157825158e-01 5.194902216329239791e-02
1.650000000000001243e+00 7.147192167193152645e-01 5.044519204062482970e-02
1.660000000000001252e+00 7.190269274993347226e-01 4.923540182581929991e-02
1.670000000000001261e+00 7.233424863143586014e-01 4.836564164878983524e-02
1.680000000000001270e+00 7.276831827075547210e-01 4.702888439297465972e-02
1.690000000000001279e+00 7.318582298268571096e-01 4.568906158148825641e-02
1.700000000000001288e+00 7.356259346863357473e-01 4.531172429129215473e-02
1.710000000000001297e+00 7.396231647491487982e-01 4.424340612829183450e-02
1.720000000000001306e+00 7.433616565007444832e-01 4.340853642324311867e-02
1.730000000000001315e+00 7.472356175718507521e-01 4.268901313588926300e-02
1.740000000000001323e+00 7.509538359444593025e-01 4.217824973528980920e-02
1.750000000000001332e+00 7.546601901922682654e-01 4.124571945727145694e-02
1.760000000000001341e+00 7.581980500830731717e-01 4.018367161421639716e-02
1.770000000000001350e+00 7.617162673851253230e-01 3.954180983671493760e-02
1.780000000000001359e+00 7.650858615082353209e-01 3.886247692953559429e-02
1.790000000000001368e+00 7.682777244461278521e-01 3.820589128474304041e-02
1.800000000000001377e+00 7.713488442239185838e-01 3.792764154462792414e-02
1.810000000000001386e+00 7.744799356507492405e-01 3.725196722090504120e-02
1.820000000000001394e+00 7.774341789933191249e-01 3.651342182741765252e-02
1.830000000000001403e+00 7.802142218610439439e-01 3.607348926446900944e-02
1.840000000000001412e+00 7.830706750939279148e-01 3.556646265610508006e-02
1.850000000000001421e+00 7.859329786055715417e-01 3.481775510685321956e-02
1.860000000000001430e+00 7.886313888511100600e-01 3.435707550712665398e-02
1.870000000000001439e+00 7.914133071287360321e-01 3.393150524562307813e-02
1.880000000000001448e+00 7.941725655651374893e-01 3.316769552902451568e-02
1.890000000000001457e+00 7.967935875057677864e-01 3.266947226470819782e-02
1.900000000000001465e+00 7.993903037964625868e-01 3.208876104006165575e-02
1.910000000000001474e+00 8.019199622602853905e-01 3.160010207841495999e-02
1.920000000000001483e+00 8.043182310417875680e-01 3.114953626992528896e-02
1.930000000000001492e+00 8.067572625268428776e-01 3.080328973080467825e-02
1.940000000000001501e+00 8.090932432813118247e-01 3.037681794163210602e-02
1.950000000000001510e+00 8.113192768303671976e-01 3.002616392912381069e-02
1.960000000000001519e+00 8.135625109242514696e-01 2.943413897174845112e-02
1.970000000000001528e+00 8.156538757908883275e-01 2.911890605002256591e-02
1.980000000000001537e+00 8.177569771792030373e-01 2.867472961402807788e-02
1.990000000000001545e+00 8.198563515780765698e-01 2.819604983408015297e-02
2.000000000000001776e+00 8.218984617940171544e-01 2.779327757166221574e-02
2.010000000000001563e+00 8.239030842074053229e-01 2.732514088102000124e-02
2.020000000000001794e+00 8.257513732568242393e-01 2.718804298355436203e-02
2.030000000000001581e+00 8.276233033776854153e-01 2.675364477073828573e-02
2.040000000000001812e+00 8.294470461296128416e-01 2.650651348704239491e-02
2.050000000000001599e+00 8.313198242599915133e-01 2.617861301369891341e-02
2.060000000000001830e+00 8.331151187942783531e-01 2.581839092958658835e-02
2.070000000000001616e+00 8.348559070578982499e-01 2.547468188615223048e-02
2.080000000000001847e+00 8.366439039900541719e-01 2.493182168682835792e-02
2.090000000000001634e+00 8.384287636423010115e-01 2.443117721854433030e-02
2.100000000000001865e+00 8.401998150561631462e-01 2.395666689448623654e-02
2.110000000000001652e+00 8.418076935434560815e-01 2.371968730383181706e-02
2.120000000000001883e+00 8.433968007638795727e-01 2.332297444007406378e-02
2.130000000000001670e+00 8.449483669121502505e-01 2.305888732249668921e-02
2.140000000000001901e+00 8.464864672355080222e-01 2.275212012350199403e-02
2.150000000000001688e+00 8.480223109698323825e-01 2.250290850442744628e-02
2.160000000000001918e+00 8.495373270048759418e-01 2.219402855125179527e-02
2.170000000000001705e+00 8.509758408385685868e-01 2.194911376907047323e-02
