1.199999999999999956e-01 7.166061045597628409e-02 7.221559972069439490e-03
1.300000000000000044e-01 7.195869951532680997e-02 7.371836139511365668e-03
1.400000000000000133e-01 7.332949865202208206e-02 7.686657617107739426e-03
1.500000000000000222e-01 7.396443939914668086e-02 7.807131031669261971e-03
1.600000000000000311e-01 7.534049206357551487e-02 7.792136930546962256e-03
1.700000000000000400e-01 7.528847206800734493e-02 8.356400390168590084e-03
1.800000000000000488e-01 7.653664309220492568e-02 8.125354601200861226e-03
1.900000000000000577e-01 7.742062390031871633e-02 8.457243799468258660e-03
2.000000000000000666e-01 7.875717493321877927e-02 8.183934514193488483e-03
2.100000000000000755e-01 7.905511168142322076e-02 8.261666092297958314e-03
2.200000000000000844e-01 8.030576887219960380e-02 8.892642300154053603e-03
2.300000000000000933e-01 8.140850184000053558e-02 9.349624314877432243e-03
2.400000000000001021e-01 8.120208439279794077e-02 9.484707653412532621e-03
2.500000000000001110e-01 8.264753914356862130e-02 9.494321103851999927e-03
2.600000000000001199e-01 8.371054635518651588e-02 1.023844685870888352e-02
2.700000000000001288e-01 8.422582624615085334e-02 1.058416755118088415e-02
2.800000000000001377e-01 8.514638498233040309e-02 1.124774740712274068e-02
2.900000000000001465e-01 8.686797128051022832e-02 1.088002211367144166e-02
3.000000000000001554e-01 8.706273221713380084e-02 1.065915678407015899e-02
3.100000000000001643e-01 8.844711855511933063e-02 1.126924669261490479e-02
3.200000000000001732e-01 8.971911636416264602e-02 1.190288808810913146e-02
3.300000000000001821e-01 9.050086992402357755e-02 1.228256049911272824e-02
3.400000000000001910e-01 9.225574982744487451e-02 1.207608212333406358e-02
3.500000000000001998e-01 9.307674619011230277e-02 1.265399592594239168e-02
3.600000000000002087e-01 9.418983596692752369e-02 1.266621011104379114e-02
3.700000000000002176e-01 9.514943556092979315e-02 1.327646859677895572e-02
3.800000000000002265e-01 9.669334652702653299e-02 1.381624308354080510e-02
3.900000000000002354e-01 9.729564225250746101e-02 1.395074392649899367e-02
4.000000000000002442e-01 9.941704358890679494e-02 1.537349486095677953e-02
4.100000000000002531e-01 1.003354787216724775e-01 1.478052025822076260e-02
4.200000000000002620e-01 1.018837812292527067e-01 1.436873677696587012e-02
4.300000000000002709e-01 1.027838529366404408e-01 1.533983392425785144e-02
4.400000000000002798e-01 1.047134832507719826e-01 1.639987634125540661e-02
4.500000000000002887e-01 1.050820928779909458e-01 1.590156347568629988e-02
4.600000000000002975e-01 1.070810813822824920e-01 1.787698795431067258e-02
4.700000000000003064e-01 1.079477821694767997e-01 1.824246984519873119e-02
4.800000000000003153e-01 1.106535427718823572e-01 1.953229727530391216e-02
4.900000000000003242e-01 1.113406381974942211e-01 1.924246057361907528e-02
5.000000000000003331e-01 1.137865740180912105e-01 1.965635593590154065e-02
5.100000000000003419e-01 1.147386927516955007e-01 2.014987043599510835e-02
5.200000000000003508e-01 1.159525028943214908e-01 2.036111735583462021e-02
5.300000000000003597e-01 1.186443658164551551e-01 2.132191396537632538e-02
5.400000000000003686e-01 1.197203849428789130e-01 2.126870226688666252e-02
5.500000000000003775e-01 1.215770355575717665e-01 2.351631495677813585e-02
5.600000000000003864e-01 1.233454269511552875e-01 2.379675285317874034e-02
5.700000000000003952e-01 1.247182117156476616e-01 2.220517778477582027e-02
5.800000000000004041e-01 1.254864085655210959e-01 2.545790119818741246e-02
5.900000000000004130e-01 1.294537179645609826e-01 2.595513874600688387e-02
6.000000000000004219e-01 1.305872015581100998e-01 2.611272830207927304e-02
6.100000000000004308e-01 1.320164752943859821e-01 2.707943744000861422e-02
6.200000000000004396e-01 1.340504660734262721e-01 2.819652266609983318e-02
6.300000000000004485e-01 1.376962220897192113e-01 2.980866823081474576e-02
6.400000000000004574e-01 1.376681645749373850e-01 3.018949596704221042e-02
6.500000000000004663e-01 1.403609397044650042e-01 3.118221596877657903e-02
6.600000000000004752e-01 1.432716683392060431e-01 3.426479225768965658e-02
6.700000000000004841e-01 1.448683518685479066e-01 3.447151530889534105e-02
6.800000000000004929e-01 1.486906593926769493e-01 3.710318692162830473e-02
6.900000000000005018e-01 1.504110881827061541e-01 3.620633176991776281e-02
7.000000000000005107e-01 1.526731960276696276e-01 3.813553059500580933e-02
7.100000000000005196e-01 1.555539811612478007e-01 4.013457885883826848e-02
7.200000000000005285e-01 1.581893485722891679e-01 4.095201292896681611e-02
7.300000000000005373e-01 1.607685014798259926e-01 4.312333637212828474e-02
7.400000000000005462e-01 1.624860987551372538e-01 4.227489500667862277e-02
7.500000000000005551e-01 1.649029652233644505e-01 4.426934273729141861e-02
7.600000000000005640e-01 1.689550188151276999e-01 4.571036646617201299e-02
7.700000000000005729e-01 1.709151772581831152e-01 4.633287767576575039e-02
7.800000000000005818e-01 1.725605669881954407e-01 4.762443360139959059e-02
7.900000000000005906e-01 1.773994603500449463e-01 4.991488662909222135e-02
8.000000000000005995e-01 1.806090379677640079e-01 5.258221320064291465e-02
8.100000000000006084e-01 1.847139763464890616e-01 5.335418702737330238e-02
8.200000000000006173e-01 1.881163830023903916e-01 5.500817592182858512e-02
8.300000000000006262e-01 1.908994934148001699e-01 5.587885896876079728e-02
8.400000000000006350e-01 1.959323683519907378e-01 5.867827407603715129e-02
8.500000000000006439e-01 1.968622829897934690e-01 5.961949835438221795e-02
8.600000000000006528e-01 2.031730779191012193e-01 6.207709253514050868e-02
8.700000000000006617e-01 2.077918454326616871e-01 6.266931996223083778e-02
8.800000000000006706e-01 2.104901430019023578e-01 6.515348864489811653e-02
8.900000000000006795e-01 2.158191788139945388e-01 6.814669394121972146e-02
9.000000000000006883e-01 2.178792207874969411e-01 6.822427090249222337e-02
9.100000000000006972e-01 2.224207326419740394e-01 7.045963131110540012e-02
9.200000000000007061e-01 2.262420630931752386e-01 7.324847231823883309e-02
9.300000000000007150e-01 2.320872331380986198e-01 7.437637078107663113e-02
9.400000000000007239e-01 2.357522911698941293e-01 7.585090215655050649e-02
9.500000000000007327e-01 2.401382119625593559e-01 7.740412163783338961e-02
9.600000000000007416e-01 2.456874750593869283e-01 7.847978807905164889e-02
9.700000000000007505e-01 2.494909567280036988e-01 8.223433428540376233e-02
9.800000000000007594e-01 2.555511799361155356e-01 8.392371994422552495e-02
9.900000000000007683e-01 2.613824081460320303e-01 8.479572755381872828e-02
1.000000000000000888e+00 2.652842869919484481e-01 8.780086665214449637e-02
1.010000000000000675e+00 2.694956562261124899e-01 8.988980283101583035e-02
1.020000000000000906e+00 2.752908064416515477e-01 9.108806528802976255e-02
1.030000000000000693e+00 2.821754927714524852e-01 9.289382270440199596e-02
1.040000000000000924e+00 2.858833238152701517e-01 9.541052770389366056e-02
1.050000000000000711e+00 2.932730620134733623e-01 9.594425839179189508e-02
1.060000000000000941e+00 2.978228355260481575e-01 9.840636995548111832e-02
1.070000000000000728e+00 3.034321928679137859e-01 9.943885284318848550e-02
1.080000000000000959e+00 3.098426922170883224e-01 1.012777339011943917e-01
1.090000000000000746e+00 3.165812534806125567e-01 1.029422871528680311e-01
1.100000000000000977e+00 3.198781451942847021e-01 1.035605151638129551e-01
1.110000000000000764e+00 3.257462753573866499e-01 1.059108266850435909e-01
1.120000000000000995e+00 3.339675782726427844e-01 1.076634214108932175e-01
1.130000000000000782e+00 3.381694426011749854e-01 1.095139816037101338e-01
1.140000000000001013e+00 3.440985796281314513e-01 1.115472352542089818e-01
1.150000000000000799e+00 3.514148727540067352e-01 1.128184595485377389e-01
1.160000000000001030e+00 3.568408379699474775e-01 1.134388947367810235e-01
1.170000000000000817e+00 3.620818807555177266e-01 1.158615232671390272e-01
1.180000000000001048e+00 3.702002025081196357e-01 1.164479514578025399e-01
1.190000000000000835e+00 3.772120476333811201e-01 1.167492555993018821e-01
1.200000000000001066e+00 3.830519969892122734e-01 1.190246731945301534e-01
1.210000000000000853e+00 3.886359065039580174e-01 1.206787326975738706e-01
1.220000000000001084e+00 3.949315278948106189e-01 1.214399554799378139e-01
1.230000000000000870e+00 4.033438754648573932e-01 1.200660332107460482e-01
1.240000000000001101e+00 4.102802945851203864e-01 1.207240759096747107e-01
1.250000000000000888e+00 4.154364148941601664e-01 1.221968954588942280e-01
1.260000000000001119e+00 4.214770595909831385e-01 1.237207205861495934e-01
1.270000000000000906e+00 4.286907886531014511e-01 1.237944522609583237e-01
1.280000000000001137e+00 4.373846178399886653e-01 1.233669336237551706e-01
1.290000000000000924e+00 4.446898531950661537e-01 1.226081844001451204e-01
1.300000000000001155e+00 4.490139223216296771e-01 1.242217639777209587e-01
1.310000000000000941e+00 4.564065821941582501e-01 1.235370307886826807e-01
1.320000000000001172e+00 4.637073971493566593e-01 1.222856083825156898e-01
1.330000000000000959e+00 4.689982248953424304e-01 1.231475231604957782e-01
1.340000000000001190e+00 4.746979027653329131e-01 1.247460885100371564e-01
1.350000000000000977e+00 4.832580991077503052e-01 1.219404281366395781e-01
1.360000000000001208e+00 4.885444869628183251e-01 1.230486649029017415e-01
1.370000000000000995e+00 4.952668258985731264e-01 1.213500046977184499e-01
1.380000000000001226e+00 5.004347783627850488e-01 1.218416722772008021e-01
1.390000000000001013e+00 5.066414113075502490e-01 1.215978959006658866e-01
1.400000000000001243e+00 5.127139169150142228e-01 1.204641620780384226e-01
1.410000000000001030e+00 5.189942563178364665e-01 1.205169234277901485e-01
1.420000000000001261e+00 5.255720792200679892e-01 1.192966930835284017e-01
1.430000000000001048e+00 5.313999069943722287e-01 1.182651256370146342e-01
1.440000000000001279e+00 5.377061521762870333e-01 1.170865178839459453e-01
1.450000000000001066e+00 5.443090148179304810e-01 1.156056295644000836e-01
1.460000000000001297e+00 5.502363989575547176e-01 1.155146251207903180e-01
1.470000000000001084e+00 5.560914611001149810e-01 1.139225747735163746e-01
1.480000000000001315e+00 5.607381085000407994e-01 1.146168475614037924e-01
1.490000000000001101e+00 5.659227447530438271e-01 1.142610279570413778e-01
1.500000000000001332e+00 5.731077113361490172e-01 1.107853777007898610e-01
1.510000000000001119e+00 5.778735850448154521e-01 1.114378088290692431e-01
1.520000000000001350e+00 5.830697046358599422e-01 1.094975967830444097e-01
1.530000000000001137e+00 5.889288844967883740e-01 1.090030341691197585e-01
1.540000000000001368e+00 5.939136999960423768e-01 1.086089636417824494e-01
1.550000000000001155e+00 5.989405894127998176e-01 1.075456779312248257e-01
1.560000000000001386e+00 6.051709802686059403e-01 1.053758020886466917e-01
1.570000000000001172e+00 6.100431918261607356e-01 1.046745579293119205e-01
1.580000000000001403e+00 6.147859306673814084e-01 1.040901292034329961e-01
1.590000000000001190e+00 6.194599325732289552e-01 1.035939622770205015e-01
1.600000000000001421e+00 6.241169051049614280e-01 1.033916079936703925e-01
1.610000000000001208e+00 6.293931453789305408e-01 1.012025719163597015e-01
1.620000000000001439e+00 6.334509958563799836e-01 1.007862222215016035e-01
1.630000000000001226e+00 6.382995652325869074e-01 9.905197344235477930e-02
1.640000000000001457e+00 6.434374833743851108e-01 9.725335488776074011e-02
1.650000000000001243e+00 6.475058033899985244e-01 9.608762551096457216e-02
1.660000000000001474e+00 6.515642366263377783e-01 9.503920413603290929e-02
1.670000000000001261e+00 6.555424665063107614e-01 9.513852687820259502e-02
1.680000000000001492e+00 6.599192546452105068e-01 9.432665785541133330e-02
1.690000000000001279e+00 6.641709686147669878e-01 9.247385697541091187e-02
1.700000000000001510e+00 6.681426294789287734e-01 9.190142545473969915e-02
1.710000000000001297e+00 6.725395995587600817e-01 9.021848826203672511e-02
1.720000000000001528e+00 6.758694755713130498e-01 9.022499844063741614e-02
1.730000000000001315e+00 6.800959876655824354e-01 8.820252804933441382e-02
1.740000000000001545e+00 6.830651182121166842e-01 8.927648337518773181e-02
1.750000000000001332e+00 6.880474966997336406e-01 8.617722772550065469e-02
1.760000000000001563e+00 6.919609497581911128e-01 8.437215655809689185e-02
1.770000000000001350e+00 6.962729742933790877e-01 8.244521135215397700e-02
1.780000000000001581e+00 6.998580528611446638e-01 8.195779881673095901e-02
1.790000000000001368e+00 7.035804148738693531e-01 8.072610635776328314e-02
1.800000000000001599e+00 7.070311042076962149e-01 7.933893315389954626e-02
1.810000000000001386e+00 7.099831677499948146e-01 8.037092336104036117e-02
1.820000000000001616e+00 7.139375369497530377e-01 7.729618348491680557e-02
1.830000000000001403e+00 7.169475818817249158e-01 7.689241286736575587e-02
1.840000000000001634e+00 7.205105825361138860e-01 7.551540219381376595e-02
1.850000000000001421e+00 7.237489481783618839e-01 7.448373832527997729e-02
1.860000000000001652e+00 7.269215084479931921e-01 7.433064363611617542e-02
1.870000000000001439e+00 7.303066479290151181e-01 7.244805945599905317e-02
1.880000000000001670e+00 7.333177784947284561e-01 7.118635487093134817e-02
1.890000000000001457e+00 7.359981763624918738e-01 7.109930812479628437e-02
1.900000000000001688e+00 7.392435791756637453e-01 6.981731872668059391e-02
1.910000000000001474e+00 7.420353584262707747e-01 6.975676073511145880e-02
1.920000000000001705e+00 7.453118335974072695e-01 6.805370702097361668e-02
1.930000000000001492e+00 7.482655549986766408e-01 6.690057979017137446e-02
1.940000000000001723e+00 7.509602451152962432e-01 6.645509550733785797e-02
1.950000000000001510e+00 7.539163701481861324e-01 6.416604621298692412e-02
1.960000000000001741e+00 7.565570057425227146e-01 6.346952456866922221e-02
1.970000000000001528e+00 7.588762252221522564e-01 6.337950754309397416e-02
1.980000000000001759e+00 7.614986350675516658e-01 6.199686559553833909e-02
1.990000000000001545e+00 7.638747313843624598e-01 6.166055505678751797e-02
2.000000000000001776e+00 7.665628308871875740e-01 6.050907703795562614e-02
2.010000000000001563e+00 7.690420074797816863e-01 6.027752147190338500e-02
2.020000000000001794e+00 7.716530984548887195e-01 5.851554334089814624e-02
2.030000000000001581e+00 7.741320310660275705e-01 5.740843857211366114e-02
2.040000000000001812e+00 7.762820877632422567e-01 5.739182227441533279e-02
2.050000000000001599e+00 7.788057055458578182e-01 5.596937064220938729e-02
2.060000000000001830e+00 7.810488258491261604e-01 5.541610289451250754e-02
2.070000000000001616e+00 7.831291525006784937e-01 5.490229798142880896e-02
2.080000000000001847e+00 7.851587045285216560e-01 5.400133203876728016e-02
2.090000000000001634e+00 7.874257913821300914e-01 5.279655934446411680e-02
2.100000000000001865e+00 7.892696231194998857e-01 5.293722574214248383e-02
2.110000000000001652e+00 7.916779793456369951e-01 5.103958088219420763e-02
