1.499999999999999944e-01 1.671092216572148681e-01 2.036023610133688017e-02
1.600000000000000033e-01 1.694383030742346585e-01 2.068330570140444399e-02
1.700000000000000122e-01 1.715333162291953484e-01 2.208497669369422975e-02
1.800000000000000211e-01 1.732527931674329169e-01 2.261619853576370825e-02
1.900000000000000300e-01 1.746560642739083125e-01 2.217266206416438137e-02
2.000000000000000389e-01 1.769697731486545300e-01 2.337221415614332623e-02
2.100000000000000477e-01 1.785577394171735666e-01 2.363068538174132455e-02
2.200000000000000566e-01 1.805970162276042401e-01 2.513568097186363523e-02
2.300000000000000655e-01 1.826559864323059335e-01 2.513120969236078486e-02
2.400000000000000744e-01 1.846668244787582902e-01 2.589364077565191324e-02
2.500000000000001110e-01 1.864669124204044182e-01 2.608319546857833932e-02
2.600000000000001199e-01 1.890078224644804739e-01 2.675237250573534245e-02
2.700000000000001288e-01 1.917607797758013044e-01 2.832311368293519496e-02
2.800000000000001377e-01 1.939398279985300177e-01 2.825331755379474966e-02
2.900000000000001465e-01 1.958283270351116323e-01 3.010514905419713755e-02
3.000000000000001554e-01 1.987239331075581483e-01 3.105280164150362593e-02
3.100000000000001643e-01 2.006238981363673568e-01 3.015194507860793557e-02
3.200000000000001732e-01 2.035280820579150884e-01 3.271291620410300693e-02
3.300000000000001821e-01 2.060079640155943193e-01 3.375995277654387366e-02
3.400000000000001910e-01 2.088309158407965493e-01 3.494220736964337437e-02
3.500000000000001998e-01 2.101630633848811103e-01 3.572374587460377948e-02
3.600000000000002087e-01 2.142087242280776294e-01 3.778877676485556392e-02
3.700000000000002176e-01 2.168551437339934218e-01 3.733490859556665153e-02
3.800000000000002265e-01 2.195139664969775195e-01 3.900189072288671316e-02
3.900000000000002354e-01 2.221450317907666949e-01 4.094778899293664842e-02
4.000000000000002442e-01 2.252867586013851120e-01 4.202109457940772508e-02
4.100000000000002531e-01 2.276244327660344180e-01 4.232446438771252095e-02
4.200000000000002620e-01 2.304298253641953453e-01 4.352176954682270005e-02
4.300000000000002709e-01 2.327936826360945954e-01 4.443007098635275154e-02
4.400000000000002798e-01 2.370993221561777664e-01 4.580756584205375459e-02
4.500000000000002887e-01 2.393287973306536254e-01 4.610986945414793925e-02
4.600000000000002975e-01 2.441738073449805646e-01 4.841259187512366585e-02
4.700000000000003064e-01 2.473764496396062273e-01 4.871851961161927785e-02
4.800000000000003153e-01 2.499900267959434819e-01 5.091379567899101399e-02
4.900000000000003242e-01 2.532929221246386087e-01 5.121258453800117683e-02
5.000000000000003331e-01 2.571146427985696592e-01 5.448541036765475187e-02
5.100000000000003419e-01 2.608470343813272252e-01 5.580085526648943112e-02
5.200000000000003508e-01 2.634989521918239541e-01 5.760163735500201804e-02
5.300000000000003597e-01 2.686362938326547489e-01 5.891728017195461964e-02
5.400000000000003686e-01 2.714991259330840623e-01 6.001707213846533412e-02
5.500000000000003775e-01 2.752442759644467274e-01 6.203437657717088272e-02
5.600000000000003864e-01 2.790619616226194810e-01 6.381860255790949843e-02
5.700000000000003952e-01 2.835545230617879664e-01 6.471218429835878805e-02
5.800000000000004041e-01 2.878116155081413829e-01 6.590718510857920820e-02
5.900000000000004130e-01 2.908706829672051963e-01 6.930380597924108710e-02
6.000000000000004219e-01 2.950967537373621608e-01 7.026466627414681976e-02
6.100000000000004308e-01 2.996897301271043701e-01 7.115752482793355482e-02
6.200000000000004396e-01 3.039280667960791438e-01 7.340221798211844784e-02
6.300000000000004485e-01 3.083079339822111797e-01 7.553082108054877397e-02
6.400000000000004574e-01 3.137188484044849957e-01 7.648073271479151336e-02
6.500000000000004663e-01 3.171589383181181443e-01 7.848907645151748103e-02
6.600000000000004752e-01 3.226478278850893888e-01 7.878448878903426822e-02
6.700000000000004841e-01 3.282964075824463257e-01 8.204684854299339192e-02
6.800000000000004929e-01 3.317290835682926153e-01 8.309314779753561309e-02
6.900000000000005018e-01 3.362924735375161789e-01 8.509892287801734678e-02
7.000000000000005107e-01 3.421335373323122764e-01 8.754710426155691561e-02
7.100000000000005196e-01 3.455165637069456119e-01 8.990274175962048586e-02
7.200000000000005285e-01 3.515364673181106125e-01 9.123817116027825580e-02
7.300000000000005373e-01 3.563100553295189821e-01 9.334469310887386073e-02
7.400000000000005462e-01 3.626284727451384304e-01 9.524041695724623502e-02
7.500000000000005551e-01 3.689990188261639270e-01 9.747754652492228444e-02
7.600000000000005640e-01 3.746958025394475644e-01 9.945018544477342293e-02
7.700000000000005729e-01 3.801790499704332249e-01 1.010207045160849693e-01
7.800000000000005818e-01 3.864791834203173404e-01 1.031720048361950970e-01
7.900000000000005906e-01 3.908613570503627344e-01 1.062338234940610471e-01
8.000000000000005995e-01 3.965821966255638209e-01 1.071075659007208192e-01
8.100000000000006084e-01 4.016897827945871691e-01 1.091847849909338142e-01
8.200000000000006173e-01 4.069288662140880253e-01 1.116570792449370214e-01
8.300000000000006262e-01 4.123314930553753643e-01 1.124755333312023597e-01
8.400000000000006350e-01 4.185592497636985709e-01 1.139317680468397848e-01
8.500000000000006439e-01 4.233876740542626971e-01 1.150878704751189807e-01
8.600000000000006528e-01 4.295500672863584724e-01 1.179040494672460582e-01
8.700000000000006617e-01 4.349189996336825237e-01 1.190791324236851467e-01
8.800000000000006706e-01 4.410837238159734386e-01 1.198408064503267978e-01
8.900000000000006795e-01 4.465898097397918987e-01 1.220003038554484526e-01
9.000000000000006883e-01 4.513712115052107010e-01 1.239893991876351992e-01
9.100000000000006972e-01 4.575818907521908008e-01 1.248950821031627467e-01
9.200000000000007061e-01 4.641561556926926402e-01 1.253215210043501227e-01
9.300000000000007150e-01 4.698452091813991593e-01 1.274125415099534031e-01
9.400000000000007239e-01 4.760056455130529107e-01 1.286819061221650129e-01
9.500000000000007327e-01 4.812660338008558636e-01 1.290983336345782606e-01
9.600000000000007416e-01 4.863236337785036834e-01 1.314644987150150324e-01
9.700000000000007505e-01 4.916182114764552913e-01 1.325668044801773804e-01
9.800000000000007594e-01 4.976707721540344354e-01 1.339470901569189687e-01
9.900000000000007683e-01 5.034370884977613647e-01 1.343582936002697681e-01
1.000000000000000666e+00 5.099585289294552570e-01 1.361292098520962002e-01
1.010000000000000675e+00 5.150965904445261589e-01 1.369135965358641849e-01
1.020000000000000684e+00 5.206081781204650039e-01 1.377717473855424590e-01
1.030000000000000693e+00 5.268085364587495878e-01 1.391400662321391479e-01
1.040000000000000702e+00 5.329818193798573356e-01 1.400806959978971866e-01
1.050000000000000711e+00 5.389761839811831878e-01 1.408977958581574819e-01
1.060000000000000719e+00 5.437571551817900195e-01 1.418357141453445436e-01
1.070000000000000728e+00 5.493751717573410742e-01 1.422586911090481798e-01
1.080000000000000737e+00 5.554571129254826101e-01 1.427097309484600396e-01
1.090000000000000746e+00 5.612904904727102906e-01 1.428079311213431013e-01
1.100000000000000755e+00 5.654584750870089715e-01 1.438948319464143366e-01
1.110000000000000764e+00 5.711450296412476924e-01 1.434519174934230923e-01
1.120000000000000773e+00 5.763240488772248815e-01 1.439311753184984721e-01
1.130000000000000782e+00 5.817305436164694754e-01 1.439447749032841395e-01
1.140000000000000790e+00 5.866870868238780456e-01 1.441378995252435846e-01
1.150000000000000799e+00 5.912619647640526832e-01 1.448300491158391323e-01
1.160000000000000808e+00 5.968485309993030175e-01 1.442392890954271867e-01
1.170000000000000817e+00 6.019181238481917662e-01 1.439229427094557978e-01
1.180000000000000826e+00 6.073503873789336538e-01 1.440883264140230269e-01
1.190000000000000835e+00 6.124132594014605191e-01 1.439056069282466932e-01
1.200000000000000844e+00 6.174943650660925654e-01 1.439187096029447832e-01
1.210000000000000853e+00 6.223493877277413988e-01 1.434550555203248368e-01
1.220000000000000862e+00 6.269398938749828343e-01 1.436489668453070911e-01
1.230000000000000870e+00 6.327573493752980394e-01 1.428874060133673851e-01
1.240000000000000879e+00 6.381685232600656787e-01 1.420023282568005918e-01
1.250000000000000888e+00 6.433931940200392496e-01 1.409661596151398910e-01
1.260000000000000897e+00 6.471632334796004749e-01 1.417547479946983657e-01
1.270000000000000906e+00 6.522659882184114188e-01 1.410639841322281485e-01
1.280000000000000915e+00 6.575737726514259140e-01 1.394428710804267169e-01
1.290000000000000924e+00 6.617765651675843186e-01 1.401516200883961283e-01
1.300000000000000933e+00 6.660061295804532433e-01 1.397043848208930072e-01
1.310000000000000941e+00 6.702736490413681025e-01 1.397409183550883949e-01
1.320000000000000950e+00 6.741104040324908953e-01 1.401951523282756740e-01
1.330000000000000959e+00 6.796957480666758755e-01 1.378886244070291756e-01
1.340000000000000968e+00 6.825344885087056834e-01 1.390087893759928694e-01
1.350000000000000977e+00 6.873191329252488213e-01 1.378208581984370629e-01
1.360000000000000986e+00 6.918112310039090662e-01 1.366322531514456984e-01
1.370000000000000995e+00 6.962327278910371842e-01 1.355499288551156034e-01
1.380000000000001004e+00 7.008568227397748984e-01 1.347372358147086724e-01
1.390000000000001013e+00 7.048312028371533922e-01 1.349864994890776770e-01
1.400000000000001021e+00 7.088188821225848146e-01 1.340500826480744700e-01
1.410000000000001030e+00 7.127743271229284305e-01 1.334103958788613598e-01
1.420000000000001039e+00 7.170307692186479454e-01 1.320929117643902806e-01
1.430000000000001048e+00 7.209852900104570805e-01 1.315425463251286287e-01
1.440000000000001057e+00 7.244931372633239830e-01 1.310305530187589884e-01
1.450000000000001066e+00 7.281337883918884701e-01 1.294769989451961811e-01
1.460000000000001075e+00 7.313095585956903566e-01 1.295346961769420768e-01
1.470000000000001084e+00 7.354871694474587329e-01 1.277315402617630602e-01
1.480000000000001092e+00 7.387569215609174345e-01 1.275329085838118048e-01
1.490000000000001101e+00 7.415621956270621595e-01 1.274056585316494794e-01
1.500000000000001110e+00 7.450449208020580860e-01 1.260419386374674600e-01
1.510000000000001119e+00 7.487063593834252240e-01 1.245658253492581413e-01
1.520000000000001128e+00 7.519492029826601032e-01 1.233819692800417200e-01
1.530000000000001137e+00 7.549664886502591710e-01 1.227940803264610664e-01
1.540000000000001146e+00 7.582449018483510272e-01 1.215693139133635081e-01
1.550000000000001155e+00 7.610463306183594678e-01 1.215942455361285063e-01
1.560000000000001164e+00 7.644919286752709375e-01 1.201455229860898671e-01
1.570000000000001172e+00 7.671909174354827332e-01 1.196967088837276733e-01
1.580000000000001181e+00 7.703339292126732962e-01 1.182318179469882269e-01
1.590000000000001190e+00 7.734150844769083211e-01 1.171143326538636037e-01
1.600000000000001199e+00 7.760556082671642431e-01 1.164965175515527973e-01
1.610000000000001208e+00 7.789862286245896605e-01 1.151720375377606048e-01
1.620000000000001217e+00 7.819643495412091916e-01 1.137670697619412308e-01
1.630000000000001226e+00 7.846153918227146695e-01 1.127338594325431459e-01
1.640000000000001235e+00 7.869773757243198054e-01 1.122808566984349610e-01
1.650000000000001243e+00 7.892559844549249526e-01 1.120010966143267644e-01
1.660000000000001252e+00 7.918630138070077429e-01 1.114660898437895842e-01
1.670000000000001261e+00 7.944428578927275053e-01 1.103657632320831083e-01
1.680000000000001270e+00 7.967530918092438075e-01 1.096129039432328506e-01
1.690000000000001279e+00 7.993285694115059847e-01 1.081884274262922829e-01
1.700000000000001288e+00 8.015170901493838818e-01 1.076051520307255566e-01
1.710000000000001297e+00 8.039647652991527282e-01 1.062124639143768312e-01
1.720000000000001306e+00 8.061029858645692991e-01 1.058182267056272524e-01
1.730000000000001315e+00 8.085730097856457244e-01 1.044400981923522681e-01
1.740000000000001323e+00 8.107506624120176530e-01 1.037830032490407034e-01
1.750000000000001332e+00 8.129743114884416810e-01 1.023318126745710877e-01
1.760000000000001341e+00 8.149004782958821913e-01 1.016465112886091732e-01
1.770000000000001350e+00 8.170876752809398402e-01 1.005619209049995605e-01
1.780000000000001359e+00 8.192524865128776312e-01 9.923014125825195542e-02
1.790000000000001368e+00 8.213171527603622124e-01 9.870273734745360628e-02
1.800000000000001377e+00 8.231723532425057055e-01 9.821797886823388501e-02
1.810000000000001386e+00 8.249788791240578734e-01 9.748991772959172963e-02
1.820000000000001394e+00 8.272584595771570459e-01 9.572108895808451035e-02
1.830000000000001403e+00 8.290074308542523251e-01 9.504921895228003736e-02
1.840000000000001412e+00 8.308707702760510516e-01 9.449437856544443126e-02
1.850000000000001421e+00 8.328535654380140318e-01 9.331351537434595667e-02
1.860000000000001430e+00 8.345031233803599235e-01 9.259916151489550051e-02
1.870000000000001439e+00 8.364940056625688181e-01 9.149103382488946168e-02
1.880000000000001448e+00 8.382858605722076639e-01 9.093475998740967181e-02
1.890000000000001457e+00 8.403812907081296135e-01 8.922614318082564000e-02
1.900000000000001465e+00 8.420373470784291436e-01 8.855735255195901212e-02
1.910000000000001474e+00 8.440491229988907884e-01 8.697235208024442499e-02
1.920000000000001483e+00 8.458379772436339650e-01 8.567709432822952220e-02
1.930000000000001492e+00 8.473558523044769641e-01 8.516126910752430668e-02
1.940000000000001501e+00 8.489756477430236981e-01 8.421005217515230290e-02
1.950000000000001510e+00 8.506174591268848006e-01 8.344174832584422274e-02
1.960000000000001519e+00 8.520262256235384690e-01 8.299690734527247205e-02
1.970000000000001528e+00 8.534735157734816280e-01 8.231904325199851380e-02
1.980000000000001537e+00 8.549577389454948717e-01 8.148532100094703357e-02
1.990000000000001545e+00 8.565326640743226028e-01 8.078217608588951493e-02
2.000000000000001776e+00 8.579528955619412089e-01 7.993058536887365229e-02
2.010000000000001563e+00 8.592657446040934399e-01 7.940289973498249054e-02
2.020000000000001794e+00 8.607210849359687721e-01 7.832055157211231800e-02
2.030000000000001581e+00 8.619936971622160771e-01 7.791864106003562607e-02
2.040000000000001812e+00 8.633586243047948194e-01 7.729469348337991708e-02
2.050000000000001599e+00 8.647622329327518953e-01 7.644849414135149179e-02
2.060000000000001830e+00 8.663172810808708046e-01 7.466140660215457581e-02
2.070000000000001616e+00 8.674967816342151750e-01 7.462399954553483594e-02
2.080000000000001847e+00 8.687475573950631524e-01 7.370408657083976633e-02
2.090000000000001634e+00 8.698934416191930197e-01 7.339269568123391041e-02
2.100000000000001865e+00 8.712945889037037039e-01 7.207048442019678425e-02
2.110000000000001652e+00 8.724942413500029748e-01 7.154898069099883962e-02
2.120000000000001883e+00 8.736353415043679460e-01 7.118721490357901582e-02
2.130000000000001670e+00 8.747117539886720694e-01 7.112550885998071559e-02
2.140000000000001901e+00 8.759616803648971883e-01 7.015708015953270316e-02
