2.700000000000000178e-01 8.357515567050152749e-02 6.861188345527359164e-03
2.800000000000000266e-01 8.482697211996489961e-02 7.069103112757311493e-03
2.900000000000000355e-01 8.538458337941501330e-02 7.273613738031939335e-03
3.000000000000000444e-01 8.650481110165467169e-02 7.270193664408512897e-03
3.100000000000000533e-01 8.730914066114754679e-02 7.128244526503809027e-03
3.200000000000000622e-01 8.790635703956480029e-02 7.548905846704544870e-03
3.300000000000000711e-01 8.901955120620679007e-02 7.645332934443192438e-03
3.400000000000000799e-01 8.976769170461101899e-02 7.690466298369604166e-03
3.500000000000000888e-01 9.054080005034190193e-02 7.703971194316279643e-03
3.600000000000000977e-01 9.170426835958070400e-02 7.879174070970535945e-03
3.700000000000001066e-01 9.249720645069307856e-02 8.244723093250668280e-03
3.800000000000001155e-01 9.404484789286812751e-02 8.616829743959988561e-03
3.900000000000001243e-01 9.482595192729129097e-02 8.473321577949111116e-03
4.000000000000001332e-01 9.606006467308546293e-02 8.607219033080548004e-03
4.100000000000001421e-01 9.671004594083806860e-02 8.916977414422679743e-03
4.200000000000001510e-01 9.774361649045450184e-02 9.111770995180118807e-03
4.300000000000001599e-01 9.908029454336170216e-02 9.057724061312612610e-03
4.400000000000001688e-01 9.997705977681836664e-02 9.327928448587747765e-03
4.500000000000001776e-01 1.011023124851030131e-01 9.774918031441273691e-03
4.600000000000001865e-01 1.021968745936454454e-01 9.840169028133647494e-03
4.700000000000001954e-01 1.037495738608437551e-01 9.876458345105939771e-03
4.800000000000002043e-01 1.044317165325551605e-01 1.016474757467872130e-02
4.900000000000002132e-01 1.058650015114462467e-01 1.028159011135910267e-02
5.000000000000002220e-01 1.071874304596949073e-01 1.057653453329380523e-02
5.100000000000002309e-01 1.081455085699324498e-01 1.107872583589293233e-02
5.200000000000002398e-01 1.093776518661999375e-01 1.136860366710576963e-02
5.300000000000002487e-01 1.106729054343723040e-01 1.121032599737390584e-02
5.400000000000002576e-01 1.124347644854272743e-01 1.163231536837036097e-02
5.500000000000002665e-01 1.139117048187243963e-01 1.198098411833996811e-02
5.600000000000002753e-01 1.153145080588346555e-01 1.235424084723753604e-02
5.700000000000002842e-01 1.169299896912106146e-01 1.305039632501075152e-02
5.800000000000002931e-01 1.184552130833103484e-01 1.346172387193352894e-02
5.900000000000003020e-01 1.196089372567607084e-01 1.323845184617835312e-02
6.000000000000003109e-01 1.214693225061546644e-01 1.369656729311358005e-02
6.100000000000003197e-01 1.230492698309707672e-01 1.463023236809565808e-02
6.200000000000003286e-01 1.244944127885567742e-01 1.528699126522353909e-02
6.300000000000003375e-01 1.257798647092113198e-01 1.541856494935523250e-02
6.400000000000003464e-01 1.281214546548729849e-01 1.574978612105100775e-02
6.500000000000003553e-01 1.305769457913139586e-01 1.623521756924233700e-02
6.600000000000003642e-01 1.317955776001404344e-01 1.596277386361249356e-02
6.700000000000003730e-01 1.333853591313914899e-01 1.676684475629375282e-02
6.800000000000003819e-01 1.350012893672027092e-01 1.740995301897740877e-02
6.900000000000003908e-01 1.376061702554423061e-01 1.810578984468955155e-02
7.000000000000003997e-01 1.393339842250230776e-01 1.830994808903499069e-02
7.100000000000004086e-01 1.422662781172228386e-01 1.879659797235226984e-02
7.200000000000004174e-01 1.444712772343740015e-01 2.027176590110291166e-02
7.300000000000004263e-01 1.463988834120839855e-01 2.008606583168649068e-02
7.400000000000004352e-01 1.479838478379474909e-01 2.079346701320008983e-02
7.500000000000004441e-01 1.508340216750966301e-01 2.172506835120967261e-02
7.600000000000004530e-01 1.529244432096592832e-01 2.189951553918834115e-02
7.700000000000004619e-01 1.555208764066845772e-01 2.331608979682680757e-02
7.800000000000004707e-01 1.581227817083133147e-01 2.379788474141746740e-02
7.900000000000004796e-01 1.614092503769751219e-01 2.553175077248136943e-02
8.000000000000004885e-01 1.642621594325827661e-01 2.566851070346049327e-02
8.100000000000004974e-01 1.671822338577688138e-01 2.723794857070691369e-02
8.200000000000005063e-01 1.689128617531083509e-01 2.852912964811908647e-02
8.300000000000005151e-01 1.719685385785495457e-01 2.929241061759397038e-02
8.400000000000005240e-01 1.752172949943187341e-01 3.059160285962169573e-02
8.500000000000005329e-01 1.783264413114293012e-01 3.195709799588119376e-02
8.600000000000005418e-01 1.822396489132979691e-01 3.389697089314463313e-02
8.700000000000005507e-01 1.853611234244338379e-01 3.520511898313222893e-02
8.800000000000005596e-01 1.885202268919600188e-01 3.689765447819198102e-02
8.900000000000005684e-01 1.925611469779426321e-01 3.756561550208820793e-02
9.000000000000005773e-01 1.959422310156413716e-01 3.879622791515347641e-02
9.100000000000005862e-01 2.002179631101204393e-01 4.126689203575256704e-02
9.200000000000005951e-01 2.044295421560573256e-01 4.383470669607832798e-02
9.300000000000006040e-01 2.090225091745429031e-01 4.605881261067335669e-02
9.400000000000006128e-01 2.126045197101009698e-01 4.737071220209541911e-02
9.500000000000006217e-01 2.176356261732403929e-01 5.001611698421118413e-02
9.600000000000006306e-01 2.221791293104911358e-01 5.351376586785464712e-02
9.700000000000006395e-01 2.269166814368542839e-01 5.560860418782817560e-02
9.800000000000006484e-01 2.319759234419065397e-01 5.840541328165424484e-02
9.900000000000006573e-01 2.367088795182178962e-01 6.098703330368308168e-02
1.000000000000000666e+00 2.430762321264520187e-01 6.374416642893364349e-02
1.010000000000000675e+00 2.478863984898979356e-01 6.641382477977179899e-02
1.020000000000000684e+00 2.543804332011775360e-01 6.920545063286262510e-02
1.030000000000000693e+00 2.593532400766589419e-01 7.246611305432235084e-02
1.040000000000000702e+00 2.648607945737121439e-01 7.446145823036325051e-02
1.050000000000000711e+00 2.706939124748411474e-01 7.768169223362986209e-02
1.060000000000000719e+00 2.771306197637580793e-01 8.140758799024004622e-02
1.070000000000000728e+00 2.824055434074287385e-01 8.367310938958794075e-02
1.080000000000000737e+00 2.881579151239784808e-01 8.548106587296395997e-02
1.090000000000000746e+00 2.930962329859375659e-01 8.825959343599992790e-02
1.100000000000000755e+00 3.004334904399275086e-01 9.133626272322552253e-02
1.110000000000000764e+00 3.075387046708462080e-01 9.315669997346330555e-02
1.120000000000000773e+00 3.139274453294952361e-01 9.641163506181675558e-02
1.130000000000000782e+00 3.203794735005616734e-01 9.865405158362952620e-02
1.140000000000000790e+00 3.261348981188766372e-01 1.005482820464967952e-01
1.150000000000000799e+00 3.345417443483645892e-01 1.024914438966677555e-01
1.160000000000000808e+00 3.408760766470819159e-01 1.052696786792646777e-01
1.170000000000000817e+00 3.488472653156650671e-01 1.061027104697299939e-01
1.180000000000000826e+00 3.545055346738765767e-01 1.079774183430852602e-01
1.190000000000000835e+00 3.630919256229369618e-01 1.098811486075705890e-01
1.200000000000000844e+00 3.696738281652046099e-01 1.109801841978396431e-01
1.210000000000000853e+00 3.770916944551902517e-01 1.141568402090403500e-01
1.220000000000000862e+00 3.850153433086700439e-01 1.155019872352626986e-01
1.230000000000000870e+00 3.936542893740978544e-01 1.155887646136397884e-01
1.240000000000000879e+00 4.011422557277926071e-01 1.186862384598497411e-01
1.250000000000000888e+00 4.098422444769525552e-01 1.188201227158304507e-01
1.260000000000000897e+00 4.180137040972265461e-01 1.206084775668984643e-01
1.270000000000000906e+00 4.267552602521657579e-01 1.225239960196470856e-01
1.280000000000000915e+00 4.332650930152467939e-01 1.239693604101926583e-01
1.290000000000000924e+00 4.420814277644735113e-01 1.248972423558350475e-01
1.300000000000000933e+00 4.493598176018386292e-01 1.269758169105645595e-01
1.310000000000000941e+00 4.595348357156200381e-01 1.262188121557773490e-01
1.320000000000000950e+00 4.673986605345237244e-01 1.271367009467545828e-01
1.330000000000000959e+00 4.758360224405585592e-01 1.292717391858325682e-01
1.340000000000000968e+00 4.852027671957852006e-01 1.290354817805414167e-01
1.350000000000000977e+00 4.931709236754604486e-01 1.296627279019821610e-01
1.360000000000000986e+00 5.004096863165463649e-01 1.309703512106747125e-01
1.370000000000000995e+00 5.085852048476835474e-01 1.309103937522043126e-01
1.380000000000001004e+00 5.174494826986110185e-01 1.310460956650634223e-01
1.390000000000001013e+00 5.247055138296254917e-01 1.313256603358742836e-01
1.400000000000001021e+00 5.326727978582865841e-01 1.311408415570872177e-01
1.410000000000001030e+00 5.399407256583801384e-01 1.310993401152845406e-01
1.420000000000001039e+00 5.479829134254604606e-01 1.302911215822138147e-01
1.430000000000001048e+00 5.554119693721967232e-01 1.304153272015444731e-01
1.440000000000001057e+00 5.635851722842675215e-01 1.293324484639130634e-01
1.450000000000001066e+00 5.717740874977309540e-01 1.277934596288901603e-01
1.460000000000001075e+00 5.787577906667483729e-01 1.277184234818507513e-01
1.470000000000001084e+00 5.853417866415290272e-01 1.267183413086981347e-01
1.480000000000001092e+00 5.927325654772112040e-01 1.242076003251237348e-01
1.490000000000001101e+00 5.987710598025696163e-01 1.245944928072398317e-01
1.500000000000001110e+00 6.055256377454041328e-01 1.227950895106280915e-01
1.510000000000001119e+00 6.110325783681310741e-01 1.237603908196914931e-01
1.520000000000001128e+00 6.191752989565355580e-01 1.200025682422455192e-01
1.530000000000001137e+00 6.245243477075349547e-01 1.198847986253373105e-01
1.540000000000001146e+00 6.308035408033338953e-01 1.186962806653295843e-01
1.550000000000001155e+00 6.359949128152995179e-01 1.180405077191836183e-01
1.560000000000001164e+00 6.421258910582708923e-01 1.174255206336801277e-01
1.570000000000001172e+00 6.478773515872593425e-01 1.158737303295876292e-01
1.580000000000001181e+00 6.535277625262007062e-01 1.143324106914629240e-01
1.590000000000001190e+00 6.588151608793426650e-01 1.138800248375218122e-01
1.600000000000001199e+00 6.643047984392933536e-01 1.124788672971675924e-01
1.610000000000001208e+00 6.700610348383518877e-01 1.100349071015893077e-01
1.620000000000001217e+00 6.751490353270266365e-01 1.086954067906946847e-01
1.630000000000001226e+00 6.802863550231674772e-01 1.079117476712928014e-01
1.640000000000001235e+00 6.857666856569069047e-01 1.052965215303198476e-01
1.650000000000001243e+00 6.904795248576491851e-01 1.045643115559591191e-01
1.660000000000001252e+00 6.953615006116853348e-01 1.033815315757890541e-01
1.670000000000001261e+00 7.001667955592749681e-01 1.016063278444337969e-01
1.680000000000001270e+00 7.042846402590616783e-01 1.016997703623297306e-01
1.690000000000001279e+00 7.090578735050899750e-01 9.941428576277921980e-02
1.700000000000001288e+00 7.140810160411736884e-01 9.683117004761329638e-02
1.710000000000001297e+00 7.177508923489882564e-01 9.638537085179361974e-02
1.720000000000001306e+00 7.214382454905078346e-01 9.516042058335702492e-02
1.730000000000001315e+00 7.254503068678562760e-01 9.366335848412707388e-02
1.740000000000001323e+00 7.292605531836198196e-01 9.293568382430823782e-02
1.750000000000001332e+00 7.334168133432765746e-01 9.065838734904747842e-02
1.760000000000001341e+00 7.374715678149771358e-01 8.933600682871281617e-02
1.770000000000001350e+00 7.409373681098962994e-01 8.852598183192759984e-02
1.780000000000001359e+00 7.446746595504427635e-01 8.669103938977243407e-02
1.790000000000001368e+00 7.485505313933884519e-01 8.452945141719950262e-02
1.800000000000001377e+00 7.516142014316101738e-01 8.427412772110355610e-02
1.810000000000001386e+00 7.549655030646309495e-01 8.311464862236205009e-02
1.820000000000001394e+00 7.581382538367980040e-01 8.217256453116632275e-02
1.830000000000001403e+00 7.612689917490033098e-01 8.126923716208189763e-02
1.840000000000001412e+00 7.647627051929177799e-01 7.912048040411968908e-02
1.850000000000001421e+00 7.679174390724440302e-01 7.787712378695763049e-02
1.860000000000001430e+00 7.711530100841730295e-01 7.594728963780350561e-02
1.870000000000001439e+00 7.737690961264821476e-01 7.618789219008109681e-02
1.880000000000001448e+00 7.768021431122601461e-01 7.471355180097268012e-02
1.890000000000001457e+00 7.800358984646722504e-01 7.266716145081794642e-02
1.900000000000001465e+00 7.825915306072135369e-01 7.261492058552752871e-02
1.910000000000001474e+00 7.854889567339582435e-01 7.059285920692526251e-02
1.920000000000001483e+00 7.883878839272753236e-01 6.926480211302396550e-02
1.930000000000001492e+00 7.911624610272601776e-01 6.793246202705680026e-02
1.940000000000001501e+00 7.938949217200994557e-01 6.652095802042551353e-02
1.950000000000001510e+00 7.966341101551239756e-01 6.545987237085178212e-02
1.960000000000001519e+00 7.988850225515953252e-01 6.558319737183157527e-02
1.970000000000001528e+00 8.015773751942264491e-01 6.339213428564186015e-02
1.980000000000001537e+00 8.038787411945267358e-01 6.276276075405806676e-02
1.990000000000001545e+00 8.061541352470598110e-01 6.187502758587212076e-02
2.000000000000001776e+00 8.082847811177197306e-01 6.127586395309594230e-02
2.010000000000001563e+00 8.105097476213111163e-01 5.990651461753526696e-02
2.020000000000001350e+00 8.125920406709986610e-01 5.955720791604243031e-02
2.030000000000001581e+00 8.150660222812464717e-01 5.757364048951622154e-02
2.040000000000001812e+00 8.171482478870648603e-01 5.689492849768961608e-02
2.050000000000001599e+00 8.193095350404404620e-01 5.584312775011199964e-02
2.060000000000001386e+00 8.212058737191865188e-01 5.517662376819216369e-02
2.070000000000001616e+00 8.231672303679423708e-01 5.459537926291582050e-02
2.080000000000001847e+00 8.251632996037613355e-01 5.349941989755403055e-02
2.090000000000001634e+00 8.270882927070208890e-01 5.322142732000609971e-02
2.100000000000001421e+00 8.289515896398698125e-01 5.241957328132336447e-02
2.110000000000001652e+00 8.309408684825776437e-01 5.145543870397155384e-02
2.120000000000001883e+00 8.327611363068180284e-01 5.066296494789370580e-02
2.130000000000001670e+00 8.343128359895544133e-01 5.108699084958201464e-02
2.140000000000001457e+00 8.361637813391850083e-01 4.988540888230408310e-02
2.150000000000001688e+00 8.378146936831086800e-01 4.938792256553414112e-02
2.160000000000001918e+00 8.395708134638825149e-01 4.857873575441037928e-02
2.170000000000001705e+00 8.412252563222543111e-01 4.798711197593053673e-02
2.180000000000001492e+00 8.428253662775173627e-01 4.740445061372850627e-02
2.190000000000001723e+00 8.443711966089050280e-01 4.684392596849568102e-02
2.200000000000001954e+00 8.460176451725283098e-01 4.568482920747191089e-02
2.210000000000001741e+00 8.475085773752263352e-01 4.555252487704806313e-02
2.220000000000001528e+00 8.492153270241645791e-01 4.412861454098488539e-02
2.230000000000001759e+00 8.507003063267252196e-01 4.379489743747375791e-02
2.240000000000001990e+00 8.521889465507935801e-01 4.308268696813905702e-02
2.250000000000001776e+00 8.537784615532472143e-01 4.194522352039557062e-02
2.260000000000001563e+00 8.553043102260058372e-01 4.118227702743672974e-02
