2.700000000000000178e-01 5.952679664099365386e-02 4.689360235281376035e-03
2.800000000000000266e-01 6.012890837013521589e-02 4.708014825672099217e-03
2.900000000000000355e-01 6.044581959574065605e-02 4.899268891265158923e-03
3.000000000000000444e-01 6.116535035954366595e-02 4.882117010378933010e-03
3.100000000000000533e-01 6.182379683772915718e-02 4.830390000854100155e-03
3.200000000000000622e-01 6.228629998560891029e-02 4.985061521215457779e-03
3.300000000000000711e-01 6.264928285378701389e-02 4.770294638135039178e-03
3.400000000000000799e-01 6.344133202192238363e-02 5.083334335399061939e-03
3.500000000000000888e-01 6.463569326350203370e-02 5.424717434008269334e-03
3.600000000000000977e-01 6.496957609486307683e-02 5.640795945658003824e-03
3.700000000000001066e-01 6.560342049105220841e-02 5.428631228309243641e-03
3.800000000000001155e-01 6.623997805749233525e-02 5.307838075814956362e-03
3.900000000000001243e-01 6.734712231846917696e-02 5.800788963205593708e-03
4.000000000000001332e-01 6.780782394559702053e-02 5.702498226793213838e-03
4.100000000000001421e-01 6.844195101878766674e-02 5.764642382516839761e-03
4.200000000000001510e-01 6.928192012451686588e-02 5.901283768160642089e-03
4.300000000000001599e-01 6.984212219358221230e-02 6.246142074159770873e-03
4.400000000000001688e-01 7.102845481793390592e-02 6.079890274866948767e-03
4.500000000000001776e-01 7.145030414045590306e-02 6.212865227165138837e-03
4.600000000000001865e-01 7.229124541556389283e-02 6.506216468422120099e-03
4.700000000000001954e-01 7.301769143604794343e-02 6.378240916776325292e-03
4.800000000000002043e-01 7.428495804260812352e-02 6.632548270278697256e-03
4.900000000000002132e-01 7.504459339568729515e-02 6.670593794860913903e-03
5.000000000000002220e-01 7.558868188514715480e-02 7.018843721930092400e-03
5.100000000000002309e-01 7.657219760450378887e-02 6.996751771536266137e-03
5.200000000000002398e-01 7.739568836578086808e-02 7.273465093492768006e-03
5.300000000000002487e-01 7.857372520754636602e-02 7.749216547940309188e-03
5.400000000000002576e-01 7.991442644385567118e-02 7.787005121536553012e-03
5.500000000000002665e-01 8.041730112381821616e-02 7.481904085734457886e-03
5.600000000000002753e-01 8.164029639755894519e-02 7.947081835088678700e-03
5.700000000000002842e-01 8.260863255195498300e-02 7.689788673452081780e-03
5.800000000000002931e-01 8.419384358997537843e-02 8.210895017579484048e-03
5.900000000000003020e-01 8.520326101653805106e-02 8.603502269786976464e-03
6.000000000000003109e-01 8.559658595680358362e-02 8.334059790128304362e-03
6.100000000000003197e-01 8.655379285035395831e-02 9.232396169914827352e-03
6.200000000000003286e-01 8.820995640945132610e-02 8.981898979475575612e-03
6.300000000000003375e-01 8.899171431650290676e-02 8.980628506710629233e-03
6.400000000000003464e-01 9.073375927786002382e-02 9.177634700995225894e-03
6.500000000000003553e-01 9.192468426801279902e-02 9.597504240389138908e-03
6.600000000000003642e-01 9.359440291312454141e-02 9.773550483398868449e-03
6.700000000000003730e-01 9.506933747009504998e-02 1.050132849808724407e-02
6.800000000000003819e-01 9.676528604110144760e-02 1.162854706713223850e-02
6.900000000000003908e-01 9.724810013847295931e-02 1.174772828904536472e-02
7.000000000000003997e-01 9.903891650561957860e-02 1.106145909118426938e-02
7.100000000000004086e-01 1.003608814379616382e-01 1.191490680998795113e-02
7.200000000000004174e-01 1.023975794019976876e-01 1.323109070958978888e-02
7.300000000000004263e-01 1.041659498098747860e-01 1.216143653286840334e-02
7.400000000000004352e-01 1.053790942143377346e-01 1.340370106331756003e-02
7.500000000000004441e-01 1.070288386415999271e-01 1.380582203352361675e-02
7.600000000000004530e-01 1.098024850734426738e-01 1.430590030075147567e-02
7.700000000000004619e-01 1.100212806740970273e-01 1.452470350303724546e-02
7.800000000000004707e-01 1.123371298650891886e-01 1.495060033778764647e-02
7.900000000000004796e-01 1.140939622591948255e-01 1.618594088432431452e-02
8.000000000000004885e-01 1.164742426232642375e-01 1.678997188984884467e-02
8.100000000000004974e-01 1.186114534404286019e-01 1.780700486844815841e-02
8.200000000000005063e-01 1.205043776904594077e-01 1.714350711233357874e-02
8.300000000000005151e-01 1.237874699808176882e-01 1.859606222180996624e-02
8.400000000000005240e-01 1.255997374067398253e-01 2.047171083387342924e-02
8.500000000000005329e-01 1.275904727134759831e-01 2.023620601932433691e-02
8.600000000000005418e-01 1.313287082755344726e-01 2.241444218179132822e-02
8.700000000000005507e-01 1.330348444225659676e-01 2.246958520997699438e-02
8.800000000000005596e-01 1.352553925402252555e-01 2.315532564913065985e-02
8.900000000000005684e-01 1.381512366915699508e-01 2.466706350692411329e-02
9.000000000000005773e-01 1.414591340264426400e-01 2.560223537862319279e-02
9.100000000000005862e-01 1.449060383071845703e-01 2.959754767996457953e-02
9.200000000000005951e-01 1.469349647018492744e-01 2.807525610318500897e-02
9.300000000000006040e-01 1.513099944698210741e-01 2.976794266249125492e-02
9.400000000000006128e-01 1.537645841630170263e-01 3.388373253609406471e-02
9.500000000000006217e-01 1.566482858423580704e-01 3.401611809622918925e-02
9.600000000000006306e-01 1.608890874434245055e-01 3.613666727208337398e-02
9.700000000000006395e-01 1.642693580269432574e-01 3.654167034556170257e-02
9.800000000000006484e-01 1.686797708845491073e-01 3.812152422740595209e-02
9.900000000000006573e-01 1.727940290888809738e-01 4.141306347985259512e-02
1.000000000000000666e+00 1.781518090340893923e-01 4.139783775626781903e-02
1.010000000000000675e+00 1.812536504043346930e-01 4.546159760403774286e-02
1.020000000000000684e+00 1.855651243875512391e-01 4.703466863736718850e-02
1.030000000000000693e+00 1.911397917461011287e-01 4.924646061555745802e-02
1.040000000000000702e+00 1.936207051715620464e-01 5.131708041925649860e-02
1.050000000000000711e+00 2.007862323915401148e-01 5.548942182019329233e-02
1.060000000000000719e+00 2.048972535785783811e-01 5.640534768873255167e-02
1.070000000000000728e+00 2.102666085744337443e-01 5.859613483526700251e-02
1.080000000000000737e+00 2.163699766166768679e-01 6.415602929047868608e-02
1.090000000000000746e+00 2.219874763912861038e-01 6.656786953110901961e-02
1.100000000000000755e+00 2.267498047425339780e-01 6.687380982528863538e-02
1.110000000000000764e+00 2.322186023878477779e-01 7.085351278179063961e-02
1.120000000000000773e+00 2.373396962909997410e-01 7.258882242996879397e-02
1.130000000000000782e+00 2.457218508790583733e-01 7.734894474298011080e-02
1.140000000000000790e+00 2.521507420658503640e-01 7.941094639784197773e-02
1.150000000000000799e+00 2.574727931867347164e-01 8.183203892173990246e-02
1.160000000000000808e+00 2.652107951339754410e-01 8.513021805385441454e-02
1.170000000000000817e+00 2.737717666975487130e-01 8.589436066350145116e-02
1.180000000000000826e+00 2.792561923895567899e-01 8.984000393785325500e-02
1.190000000000000835e+00 2.872547641213557545e-01 9.278121077110400294e-02
1.200000000000000844e+00 2.945109412185215048e-01 9.385690111523443957e-02
1.210000000000000853e+00 3.027067786016321427e-01 9.681073046801094706e-02
1.220000000000000862e+00 3.122953351440275194e-01 1.007994534136353454e-01
1.230000000000000870e+00 3.180200331526641389e-01 1.030072399166524627e-01
1.240000000000000879e+00 3.279438890912025339e-01 1.046704613173914389e-01
1.250000000000000888e+00 3.369782817213570758e-01 1.072432102364712370e-01
1.260000000000000897e+00 3.455368785746841809e-01 1.088354814774837864e-01
1.270000000000000906e+00 3.531622309174526353e-01 1.117207054298817309e-01
1.280000000000000915e+00 3.638346700166647518e-01 1.125705275694312973e-01
1.290000000000000924e+00 3.706363077479278845e-01 1.148602103014809833e-01
1.300000000000000933e+00 3.811142356579036994e-01 1.148716198095460633e-01
1.310000000000000941e+00 3.902540159504088169e-01 1.173693449350901169e-01
1.320000000000000950e+00 3.985350296575267404e-01 1.189966207081637611e-01
1.330000000000000959e+00 4.076274405907475140e-01 1.191811368710394975e-01
1.340000000000000968e+00 4.185397562156411566e-01 1.191076263809580787e-01
1.350000000000000977e+00 4.265162390053444108e-01 1.199903045932361051e-01
1.360000000000000986e+00 4.355569873387417634e-01 1.208271137137806178e-01
1.370000000000000995e+00 4.439106413845380072e-01 1.217459896139167497e-01
1.380000000000001004e+00 4.544975908348309335e-01 1.223934388134707008e-01
1.390000000000001013e+00 4.631733114505510174e-01 1.228535586516669720e-01
1.400000000000001021e+00 4.745158681619029428e-01 1.210518011441780728e-01
1.410000000000001030e+00 4.837607669722056025e-01 1.216879445934318238e-01
1.420000000000001039e+00 4.933008424208841225e-01 1.214331994432421569e-01
1.430000000000001048e+00 5.022643087737228562e-01 1.220751524836993784e-01
1.440000000000001057e+00 5.116377371847913302e-01 1.212562576228689709e-01
1.450000000000001066e+00 5.225640122641094232e-01 1.200612040407176284e-01
1.460000000000001075e+00 5.308393914718320117e-01 1.199025913871124005e-01
1.470000000000001084e+00 5.379552228562974880e-01 1.179432293221927275e-01
1.480000000000001092e+00 5.477343915807723063e-01 1.180700427291611065e-01
1.490000000000001101e+00 5.565057403244921819e-01 1.166464659368105367e-01
1.500000000000001110e+00 5.636307782351175355e-01 1.178542912605119314e-01
1.510000000000001119e+00 5.725708699890413866e-01 1.149220886364080152e-01
1.520000000000001128e+00 5.812129243737667039e-01 1.127794418208558358e-01
1.530000000000001137e+00 5.884744794313380156e-01 1.112998429817599055e-01
1.540000000000001146e+00 5.943772869358594502e-01 1.118379281115402940e-01
1.550000000000001155e+00 6.027222857553823365e-01 1.096500143196274951e-01
1.560000000000001164e+00 6.102599764502867341e-01 1.068977082448878263e-01
1.570000000000001172e+00 6.171687658782901709e-01 1.058157895327612452e-01
1.580000000000001181e+00 6.236316638274329582e-01 1.048177269539971312e-01
1.590000000000001190e+00 6.311669724281122607e-01 1.029539454256370307e-01
1.600000000000001199e+00 6.373929236867477144e-01 9.986112963493318229e-02
1.610000000000001208e+00 6.442637546155594030e-01 9.847937435337293655e-02
1.620000000000001217e+00 6.501227638271874776e-01 9.927524908619775323e-02
1.630000000000001226e+00 6.572712073531791210e-01 9.509796828362533649e-02
1.640000000000001235e+00 6.625039847032850870e-01 9.463358416545805674e-02
1.650000000000001243e+00 6.690091496831348516e-01 9.144563072755691746e-02
1.660000000000001252e+00 6.745848258282151066e-01 9.072795454515789060e-02
1.670000000000001261e+00 6.810872315827393164e-01 8.694179855237056664e-02
1.680000000000001270e+00 6.859627773045021693e-01 8.550149985660381036e-02
1.690000000000001279e+00 6.913649837747420923e-01 8.433282213174557451e-02
1.700000000000001288e+00 6.964025501315416200e-01 8.293776010235115459e-02
1.710000000000001297e+00 7.022000036364302034e-01 7.952968068146053227e-02
1.720000000000001306e+00 7.069873387072785897e-01 7.728474043167588015e-02
1.730000000000001315e+00 7.115252213099186873e-01 7.667495088496484312e-02
1.740000000000001323e+00 7.165603067088728295e-01 7.479238265042564837e-02
1.750000000000001332e+00 7.206984597142408466e-01 7.447205349380214834e-02
1.760000000000001341e+00 7.257016980388362182e-01 7.144158103331170462e-02
1.770000000000001350e+00 7.299807096731822931e-01 6.965966498049992739e-02
1.780000000000001359e+00 7.339991419711873188e-01 6.894325845508177120e-02
1.790000000000001368e+00 7.389401464484032234e-01 6.483741259146283409e-02
1.800000000000001377e+00 7.429508042975696558e-01 6.268537944291464881e-02
1.810000000000001386e+00 7.469069619051479370e-01 6.141483796651864974e-02
1.820000000000001394e+00 7.507001028439299617e-01 5.976570932300760697e-02
1.830000000000001403e+00 7.542089619233988129e-01 5.901523284643757361e-02
1.840000000000001412e+00 7.579304590696359645e-01 5.718118904596619645e-02
1.850000000000001421e+00 7.616178922984635502e-01 5.557672902344484162e-02
1.860000000000001430e+00 7.648882533957249708e-01 5.443056420419548763e-02
1.870000000000001439e+00 7.684656619059084814e-01 5.255205153116391387e-02
1.880000000000001448e+00 7.719458922901545339e-01 5.187832419122721805e-02
1.890000000000001457e+00 7.752267714572191881e-01 5.047304845219380276e-02
1.900000000000001465e+00 7.783116479910863195e-01 4.927085847949890657e-02
1.910000000000001474e+00 7.812563405870764921e-01 4.865270012149489759e-02
1.920000000000001483e+00 7.841659051915875756e-01 4.754415748032631006e-02
1.930000000000001492e+00 7.871698761806730227e-01 4.658414022481271316e-02
1.940000000000001501e+00 7.901523379544080905e-01 4.458861083051243734e-02
1.950000000000001510e+00 7.927553371185924735e-01 4.394341764227283065e-02
1.960000000000001519e+00 7.953465238310727381e-01 4.331889393998840376e-02
1.970000000000001528e+00 7.978499464678184827e-01 4.263650668338716393e-02
1.980000000000001537e+00 8.001957286984254791e-01 4.222216549842076200e-02
1.990000000000001545e+00 8.026159810176606291e-01 4.157830875088644462e-02
2.000000000000001776e+00 8.050931313066894690e-01 4.069529069169364882e-02
2.010000000000001563e+00 8.075695313559625443e-01 3.964396257254697298e-02
2.020000000000001350e+00 8.096975655378981784e-01 3.925901258147294209e-02
2.030000000000001581e+00 8.119657220780606144e-01 3.862018288896588991e-02
2.040000000000001812e+00 8.139683804876097772e-01 3.825873498547368440e-02
2.050000000000001599e+00 8.159212964303903526e-01 3.788154242936558891e-02
2.060000000000001386e+00 8.179188435437251270e-01 3.730172298140477932e-02
2.070000000000001616e+00 8.198898610697413769e-01 3.700213158150168075e-02
2.080000000000001847e+00 8.218476529614909820e-01 3.655260296763969408e-02
2.090000000000001634e+00 8.239208945876872470e-01 3.580271295717757374e-02
2.100000000000001421e+00 8.258608399096161179e-01 3.520213864925100106e-02
2.110000000000001652e+00 8.278659137153987491e-01 3.449473083578463717e-02
2.120000000000001883e+00 8.296667814502802774e-01 3.404979991404552542e-02
2.130000000000001670e+00 8.315284051577154223e-01 3.346704307887674035e-02
2.140000000000001457e+00 8.333723258978228410e-01 3.270762858014598928e-02
2.150000000000001688e+00 8.350144895023057234e-01 3.237679125849288880e-02
2.160000000000001918e+00 8.367717117413597805e-01 3.173127461470522798e-02
2.170000000000001705e+00 8.384866054283865999e-01 3.120602154390171926e-02
2.180000000000001492e+00 8.401622447044772013e-01 3.075317232993915462e-02
2.190000000000001723e+00 8.417767827859187202e-01 3.034774657643887416e-02
2.200000000000001954e+00 8.433863597383892685e-01 2.991634081481437182e-02
2.210000000000001741e+00 8.449175525138354903e-01 2.955680662774731043e-02
2.220000000000001528e+00 8.464581324137488982e-01 2.919653173061917406e-02
2.230000000000001759e+00 8.479950541751574145e-01 2.872747738526856484e-02
2.240000000000001990e+00 8.494741837562154174e-01 2.838379428878191543e-02
2.250000000000001776e+00 8.509434997403438894e-01 2.802368626812327956e-02
2.260000000000001563e+00 8.523686116895230480e-01 2.765021509132056798e-02
